188.1951,188.2601,188.325,188.39,188.455,188.52,188.585,188.65,188.7149,188.7799,188.8449,188.9099,188.9749,189.0399,189.1048,189.1698,189.2348,189.2998,189.3648,189.4298,189.4948,189.5598,189.6248,189.6897,189.7547,189.8197,189.8847,189.9497,190.0147,190.0797,190.1447,190.2097,190.2747,190.3397,190.4047,190.4697,190.5347,190.5996,190.6646,190.7296,190.7946,190.8596,190.9246,190.9896,191.0546,191.1196,191.1846,191.2496,191.3146,191.3796,191.4446,191.5096,191.5746,191.6396,191.7046,191.7696,191.8347,191.8997,191.9647,192.0297,192.0947,192.1597,192.2247,192.2897,192.3547,192.4197,192.4847,192.5497,192.6147,192.6797,192.7447,192.8098,192.8748,192.9398,193.0048,193.0698,193.1348,193.1998,193.2648,193.3298,193.3949,193.4599,193.5249,193.5899,193.6549,193.7199,193.7849,193.85,193.915,193.98,194.045,194.11,194.175,194.2401,194.3051,194.3701,194.4351,194.5001,194.5651,194.6302,194.6952,194.7602,194.8252,194.8902,194.9553,195.0203,195.0853,195.1503,195.2154,195.2804,195.3454,195.4104,195.4755,195.5405,195.6055,195.6705,195.7356,195.8006,195.8656,195.9306,195.9957,196.0607,196.1257,196.1907,196.2558,196.3208,196.3858,196.4509,196.5159,196.5809,196.6459,196.711,196.776,196.841,196.9061,196.9711,197.0361,197.1012,197.1662,197.2312,197.2963,197.3613,197.4263,197.4914,197.5564,197.6214,197.6865,197.7515,197.8165,197.8816,197.9466,198.0116,198.0767,198.1417,198.2067,198.2718,198.3368,198.4019,198.4669,198.5319,198.597,198.662,198.7271,198.7921,198.8571,198.9222,198.9872,199.0523,199.1173,199.1823,199.2474,199.3124,199.3775,199.4425,199.5075,199.5726,199.6376,199.7027,199.7677,199.8328,199.8978,199.9629,200.0279,200.0929,200.158,200.223,200.2881,200.3531,200.4182,200.4832,200.5483,200.6133,200.6784,200.7434,200.8085,200.8735,200.9385,201.0036,201.0686,201.1337,201.1987,201.2638,201.3288,201.3939,201.4589,201.524,201.589,201.6541,201.7191,201.7842,201.8492,201.9143,201.9793,202.0444,202.1095,202.1745,202.2396,202.3046,202.3697,202.4347,202.4998,202.5648,202.6299,202.6949,202.76,202.825,202.8901,202.9551,203.0202,203.0853,203.1503,203.2154,203.2804,203.3455,203.4105,203.4756,203.5406,203.6057,203.6708,203.7358,203.8009,203.8659,203.931,203.996,204.0611,204.1262,204.1912,204.2563,204.3213,204.3864,204.4515,204.5165,204.5816,204.6466,204.7117,204.7768,204.8418,204.9069,204.9719,205.037,205.1021,205.1671,205.2322,205.2972,205.3623,205.4274,205.4924,205.5575,205.6226,205.6876,205.7527,205.8177,205.8828,205.9479,206.0129,206.078,206.1431,206.2081,206.2732,206.3382,206.4033,206.4684,206.5334,206.5985,206.6636,206.7286,206.7937,206.8588,206.9238,206.9889,207.054,207.119,207.1841,207.2491,207.3142,207.3793,207.4443,207.5094,207.5745,207.6395,207.7046,207.7697,207.8347,207.8998,207.9649,208.0299,208.095,208.1601,208.2251,208.2902,208.3553,208.4203,208.4854,208.5505,208.6156,208.6806,208.7457,208.8108,208.8758,208.9409,209.006,209.071,209.1361,209.2012,209.2662,209.3313,209.3964,209.4614,209.5265,209.5916,209.6566,209.7217,209.7868,209.8519,209.9169,209.982,210.0471,210.1121,210.1772,210.2423,210.3073,210.3724,210.4375,210.5026,210.5676,210.6327,210.6978,210.7628,210.8279,210.893,210.958,211.0231,211.0882,211.1533,211.2183,211.2834,211.3485,211.4135,211.4786,211.5437,211.6088,211.6738,211.7389,211.804,211.869,211.9341,211.9992,212.0643,212.1293,212.1944,212.2595,212.3245,212.3896,212.4547,212.5198,212.5848,212.6499,212.715,212.78,212.8451,212.9102,212.9753,213.0403,213.1054,213.1705,213.2355,213.3006,213.3657,213.4308,213.4958,213.5609,213.626,213.691,213.7561,213.8212,213.8863,213.9513,214.0164,214.0815,214.1465,214.2116,214.2767,214.3418,214.4068,214.4719,214.537,214.6021,214.6671,214.7322,214.7973,214.8623,214.9274,214.9925,215.0576,215.1226,215.1877,215.2528,215.3178,215.3829,215.448,215.5131,215.5781,215.6432,215.7083,215.7733,215.8384,215.9035,215.9686,216.0336,216.0987,216.1638,216.2288,216.2939,216.359,216.424,216.4891,216.5542,216.6193,216.6843,216.7494,216.8145,216.8795,216.9446,217.0097,217.0748,217.1398,217.2049,217.27,217.335,217.4001,217.4652,217.5302,217.5953,217.6604,217.7255,217.7905,217.8556,217.9207,217.9857,218.0508,218.1159,218.1809,218.246,218.3111,218.3761,218.4412,218.5063,218.5713,218.6364,218.7015,218.7666,218.8316,218.8967,218.9618,219.0268,219.0919,219.157,219.222,219.2871,219.3522,219.4172,219.4823,219.5474,219.6124,219.6775,219.7426,219.8076,219.8727,219.9378,220.0028,220.0679,220.133,220.198,220.2631,220.3282,220.3932,220.4583,220.5234,220.5884,220.6535,220.7186,220.7836,220.8487,220.9137,220.9788,221.0439,221.1089,221.174,221.2391,221.3041,221.3692,221.4343,221.4993,221.5644,221.6294,221.6945,221.7596,221.8246,221.8897,221.9548,222.0198,222.0849,222.1499,222.215,222.2801,222.3451,222.4102,222.4752,222.5403,222.6054,222.6704,222.7355,222.8006,222.8656,222.9307,222.9957,223.0608,223.1258,223.1909,223.256,223.321,223.3861,223.4511,223.5162,223.5813,223.6463,223.7114,223.7764,223.8415,223.9065,223.9716,224.0367,224.1017,224.1668,224.2318,224.2969,224.3619,224.427,224.492,224.5571,224.6222,224.6872,224.7523,224.8173,224.8824,224.9474,225.0125,225.0775,225.1426,225.2076,225.2727,225.3377,225.4028,225.4678,225.5329,225.5979,225.663,225.728,225.7931,225.8581,225.9232,225.9882,226.0533,226.1183,226.1834,226.2484,226.3135,226.3785,226.4436,226.5086,226.5737,226.6387,226.7038,226.7688,226.8339,226.8989,226.964,227.029,227.0941,227.1591,227.2241,227.2892,227.3542,227.4193,227.4843,227.5494,227.6144,227.6795,227.7445,227.8095,227.8746,227.9396,228.0047,228.0697,228.1348,228.1998,228.2648,228.3299,228.3949,228.46,228.525,228.59,228.6551,228.7201,228.7851,228.8502,228.9152,228.9803,229.0453,229.1103,229.1754,229.2404,229.3054,229.3705,229.4355,229.5006,229.5656,229.6306,229.6957,229.7607,229.8257,229.8908,229.9558,230.0208,230.0859,230.1509,230.2159,230.2809,230.346,230.411,230.476,230.5411,230.6061,230.6711,230.7362,230.8012,230.8662,230.9312,230.9963,231.0613,231.1263,231.1914,231.2564,231.3214,231.3864,231.4515,231.5165,231.5815,231.6465,231.7116,231.7766,231.8416,231.9066,231.9716,232.0367,232.1017,232.1667,232.2317,232.2967,232.3618,232.4268,232.4918,232.5568,232.6218,232.6869,232.7519,232.8169,232.8819,232.9469,233.012,233.077,233.142,233.207,233.272,233.337,233.402,233.4671,233.5321,233.5971,233.6621,233.7271,233.7921,233.8571,233.9221,233.9872,234.0522,234.1172,234.1822,234.2472,234.3122,234.3772,234.4422,234.5072,234.5722,234.6372,234.7022,234.7672,234.8323,234.8973,234.9623,235.0273,235.0923,235.1573,235.2223,235.2873,235.3523,235.4173,235.4823,235.5473,235.6123,235.6773,235.7423,235.8073,235.8723,235.9373,236.0023,236.0673,236.1323,236.1973,236.2623,236.3273,236.3922,236.4572,236.5222,236.5872,236.6522,236.7172,236.7822,236.8472,236.9122,236.9772,237.0422,237.1072,237.1721,237.2371,237.3021,237.3671,237.4321,237.4971,237.5621,237.6271,237.692,237.757,237.822,237.887,237.952,238.017,238.0819,238.1469,238.2119,238.2769,238.3419,238.4068,238.4718,238.5368,238.6018,238.6668,238.7317,238.7967,238.8617,238.9267,238.9916,239.0566,239.1216,239.1866,239.2515,239.3165,239.3815,239.4465,239.5114,239.5764,239.6414,239.7063,239.7713,239.8363,239.9012,239.9662,240.0312,240.0961,240.1611,240.2261,240.291,240.356,240.421,240.4859,240.5509,240.6159,240.6808,240.7458,240.8107,240.8757,240.9407,241.0056,241.0706,241.1355,241.2005,241.2655,241.3304,241.3954,241.4603,241.5253,241.5902,241.6552,241.7201,241.7851,241.85,241.915,241.9799,242.0449,242.1098,242.1748,242.2397,242.3047,242.3696,242.4346,242.4995,242.5645,242.6294,242.6944,242.7593,242.8242,242.8892,242.9541,243.0191,243.084,243.149,243.2139,243.2788,243.3438,243.4087,243.4736,243.5386,243.6035,243.6684,243.7334,243.7983,243.8632,243.9282,243.9931,244.058,244.123,244.1879,244.2528,244.3178,244.3827,244.4476,244.5125,244.5775,244.6424,244.7073,244.7723,244.8372,244.9021,244.967,245.0319,245.0969,245.1618,245.2267,245.2916,245.3565,245.4215,245.4864,245.5513,245.6162,245.6811,245.746,245.811,245.8759,245.9408,246.0057,246.0706,246.1355,246.2004,246.2653,246.3302,246.3952,246.4601,246.525,246.5899,246.6548,246.7197,246.7846,246.8495,246.9144,246.9793,247.0442,247.1091,247.174,247.2389,247.3038,247.3687,247.4336,247.4985,247.5634,247.6283,247.6932,247.7581,247.823,247.8879,247.9527,248.0176,248.0825,248.1474,248.2123,248.2772,248.3421,248.407,248.4719,248.5367,248.6016,248.6665,248.7314,248.7963,248.8612,248.926,248.9909,249.0558,249.1207,249.1855,249.2504,249.3153,249.3802,249.4451,249.5099,249.5748,249.6397,249.7045,249.7694,249.8343,249.8992,249.964,250.0289,250.0938,250.1586,250.2235,250.2884,250.3532,250.4181,250.483,250.5478,250.6127,250.6775,250.7424,250.8073,250.8721,250.937,251.0018,251.0667,251.1315,251.1964,251.2612,251.3261,251.391,251.4558,251.5207,251.5855,251.6504,251.7152,251.78,251.8449,251.9097,251.9746,252.0394,252.1043,252.1691,252.234,252.2988,252.3636,252.4285,252.4933,252.5582,252.623,252.6878,252.7527,252.8175,252.8823,252.9472,253.012,253.0768,253.1417,253.2065,253.2713,253.3361,253.401,253.4658,253.5306,253.5954,253.6603,253.7251,253.7899,253.8547,253.9196,253.9844,254.0492,254.114,254.1788,254.2436,254.3085,254.3733,254.4381,254.5029,254.5677,254.6325,254.6973,254.7621,254.827,254.8918,254.9566,255.0214,255.0862,255.151,255.2158,255.2806,255.3454,255.4102,255.475,255.5398,255.6046,255.6694,255.7342,255.799,255.8638,255.9286,255.9934,256.0581,256.1229,256.1877,256.2525,256.3173,256.3821,256.4469,256.5117,256.5764,256.6412,256.706,256.7708,256.8356,256.9004,256.9651,257.0299,257.0947,257.1595,257.2242,257.289,257.3538,257.4186,257.4833,257.5481,257.6129,257.6776,257.7424,257.8072,257.8719,257.9367,258.0015,258.0662,258.131,258.1958,258.2605,258.3253,258.39,258.4548,258.5196,258.5843,258.6491,258.7138,258.7786,258.8433,258.9081,258.9728,259.0376,259.1023,259.1671,259.2318,259.2966,259.3613,259.4261,259.4908,259.5555,259.6203,259.685,259.7498,259.8145,259.8792,259.944,260.0087,260.0734,260.1382,260.2029,260.2676,260.3324,260.3971,260.4618,260.5265,260.5913,260.656,260.7207,260.7854,260.8502,260.9149,260.9796,261.0443,261.109,261.1737,261.2385,261.3032,261.3679,261.4326,261.4973,261.562,261.6267,261.6914,261.7561,261.8209,261.8856,261.9503,262.015,262.0797,262.1444,262.2091,262.2738,262.3385,262.4032,262.4679,262.5326,262.5973,262.6619,262.7266,262.7913,262.856,262.9207,262.9854,263.0501,263.1148,263.1794,263.2441,263.3088,263.3735,263.4382,263.5029,263.5675,263.6322,263.6969,263.7616,263.8262,263.8909,263.9556,264.0202,264.0849,264.1496,264.2143,264.2789,264.3436,264.4082,264.4729,264.5376,264.6022,264.6669,264.7316,264.7962,264.8609,264.9255,264.9902,265.0548,265.1195,265.1841,265.2488,265.3134,265.3781,265.4427,265.5074,265.572,265.6367,265.7013,265.7659,265.8306,265.8952,265.9598,266.0245,266.0891,266.1538,266.2184,266.283,266.3476,266.4123,266.4769,266.5415,266.6062,266.6708,266.7354,266.8,266.8647,266.9293,266.9939,267.0585,267.1231,267.1877,267.2524,267.317,267.3816,267.4462,267.5108,267.5754,267.64,267.7046,267.7692,267.8338,267.8984,267.963,268.0276,268.0922,268.1568,268.2214,268.286,268.3506,268.4152,268.4798,268.5444,268.609,268.6736,268.7382,268.8027,268.8673,268.9319,268.9965,269.0611,269.1257,269.1902,269.2548,269.3194,269.384,269.4485,269.5131,269.5777,269.6423,269.7068,269.7714,269.836,269.9005,269.9651,270.0297,270.0942,270.1588,270.2233,270.2879,270.3525,270.417,270.4816,270.5461,270.6107,270.6752,270.7398,270.8043,270.8689,270.9334,270.998,271.0625,271.127,271.1916,271.2561,271.3207,271.3852,271.4497,271.5143,271.5788,271.6433,271.7079,271.7724,271.8369,271.9014,271.966,272.0305,272.095,272.1595,272.2241,272.2886,272.3531,272.4176,272.4821,272.5466,272.6111,272.6757,272.7402,272.8047,272.8692,272.9337,272.9982,273.0627,273.1272,273.1917,273.2562,273.3207,273.3852,273.4497,273.5142,273.5787,273.6432,273.7077,273.7722,273.8366,273.9011,273.9656,274.0301,274.0946,274.1591,274.2235,274.288,274.3525,274.417,274.4814,274.5459,274.6104,274.6749,274.7393,274.8038,274.8683,274.9327,274.9972,275.0617,275.1261,275.1906,275.255,275.3195,275.3839,275.4484,275.5129,275.5773,275.6418,275.7062,275.7706,275.8351,275.8995,275.964,276.0284,276.0929,276.1573,276.2217,276.2862,276.3506,276.415,276.4795,276.5439,276.6083,276.6728,276.7372,276.8016,276.866,276.9305,276.9949,277.0593,277.1237,277.1881,277.2526,277.317,277.3814,277.4458,277.5102,277.5746,277.639,277.7034,277.7678,277.8322,277.8966,277.961,278.0254,278.0898,278.1542,278.2186,278.283,278.3474,278.4118,278.4762,278.5406,278.6049,278.6693,278.7337,278.7981,278.8625,278.9268,278.9912,279.0556,279.12,279.1843,279.2487,279.3131,279.3775,279.4418,279.5062,279.5705,279.6349,279.6993,279.7636,279.828,279.8923,279.9567,280.021,280.0854,280.1497,280.2141,280.2784,280.3428,280.4071,280.4715,280.5358,280.6002,280.6645,280.7288,280.7932,280.8575,280.9218,280.9862,281.0505,281.1148,281.1791,281.2435,281.3078,281.3721,281.4364,281.5008,281.5651,281.6294,281.6937,281.758,281.8223,281.8866,281.9509,282.0152,282.0796,282.1439,282.2082,282.2725,282.3368,282.4011,282.4653,282.5296,282.5939,282.6582,282.7225,282.7868,282.8511,282.9154,282.9797,283.0439,283.1082,283.1725,283.2368,283.301,283.3653,283.4296,283.4939,283.5581,283.6224,283.6867,283.7509,283.8152,283.8795,283.9437,284.008,284.0722,284.1365,284.2007,284.265,284.3292,284.3935,284.4577,284.522,284.5862,284.6505,284.7147,284.7789,284.8432,284.9074,284.9716,285.0359,285.1001,285.1643,285.2286,285.2928,285.357,285.4212,285.4855,285.5497,285.6139,285.6781,285.7423,285.8065,285.8707,285.935,285.9992,286.0634,286.1276,286.1918,286.256,286.3202,286.3844,286.4486,286.5128,286.577,286.6412,286.7053,286.7695,286.8337,286.8979,286.9621,287.0263,287.0904,287.1546,287.2188,287.283,287.3471,287.4113,287.4755,287.5397,287.6038,287.668,287.7322,287.7963,287.8605,287.9246,287.9888,288.0529,288.1171,288.1812,288.2454,288.3095,288.3737,288.4378,288.502,288.5661,288.6303,288.6944,288.7585,288.8227,288.8868,288.9509,289.0151,289.0792,289.1433,289.2074,289.2716,289.3357,289.3998,289.4639,289.528,289.5921,289.6562,289.7204,289.7845,289.8486,289.9127,289.9768,290.0409,290.105,290.1691,290.2332,290.2973,290.3614,290.4254,290.4895,290.5536,290.6177,290.6818,290.7459,290.81,290.874,290.9381,291.0022,291.0663,291.1303,291.1944,291.2585,291.3225,291.3866,291.4507,291.5147,291.5788,291.6428,291.7069,291.7709,291.835,291.899,291.9631,292.0271,292.0912,292.1552,292.2193,292.2833,292.3473,292.4114,292.4754,292.5394,292.6035,292.6675,292.7315,292.7955,292.8596,292.9236,292.9876,293.0516,293.1156,293.1797,293.2437,293.3077,293.3717,293.4357,293.4997,293.5637,293.6277,293.6917,293.7557,293.8197,293.8837,293.9477,294.0117,294.0756,294.1396,294.2036,294.2676,294.3316,294.3956,294.4595,294.5235,294.5875,294.6515,294.7154,294.7794,294.8434,294.9073,294.9713,295.0352,295.0992,295.1632,295.2271,295.2911,295.355,295.419,295.4829,295.5468,295.6108,295.6747,295.7387,295.8026,295.8665,295.9305,295.9944,296.0583,296.1223,296.1862,296.2501,296.314,296.3779,296.4419,296.5058,296.5697,296.6336,296.6975,296.7614,296.8253,296.8892,296.9531,297.017,297.0809,297.1448,297.2087,297.2726,297.3365,297.4004,297.4643,297.5282,297.592,297.6559,297.7198,297.7837,297.8476,297.9114,297.9753,298.0392,298.103,298.1669,298.2308,298.2946,298.3585,298.4223,298.4862,298.5501,298.6139,298.6778,298.7416,298.8054,298.8693,298.9331,298.997,299.0608,299.1246,299.1885,299.2523,299.3161,299.38,299.4438,299.5076,299.5714,299.6352,299.6991,299.7629,299.8267,299.8905,299.9543,300.0181,300.0819,300.1457,300.2095,300.2733,300.3371,300.4009,300.4647,300.5285,300.5923,300.6561,300.7199,300.7836,300.8474,300.9112,300.975,301.0388,301.1025,301.1663,301.2301,301.2938,301.3576,301.4214,301.4851,301.5489,301.6126,301.6764,301.7401,301.8039,301.8676,301.9314,301.9951,302.0589,302.1226,302.1863,302.2501,302.3138,302.3775,302.4413,302.505,302.5687,302.6324,302.6962,302.7599,302.8236,302.8873,302.951,303.0147,303.0784,303.1421,303.2058,303.2695,303.3332,303.3969,303.4606,303.5243,303.588,303.6517,303.7154,303.7791,303.8428,303.9064,303.9701,304.0338,304.0975,304.1611,304.2248,304.2885,304.3521,304.4158,304.4795,304.5431,304.6068,304.6704,304.7341,304.7977,304.8614,304.925,304.9887,305.0523,305.116,305.1796,305.2432,305.3069,305.3705,305.4341,305.4977,305.5614,305.625,305.6886,305.7522,305.8158,305.8795,305.9431,306.0067,306.0703,306.1339,306.1975,306.2611,306.3247,306.3883,306.4519,306.5155,306.5791,306.6426,306.7062,306.7698,306.8334,306.897,306.9605,307.0241,307.0877,307.1513,307.2148,307.2784,307.3419,307.4055,307.4691,307.5326,307.5962,307.6597,307.7233,307.7868,307.8504,307.9139,307.9774,308.041,308.1045,308.1681,308.2316,308.2951,308.3586,308.4222,308.4857,308.5492,308.6127,308.6762,308.7397,308.8033,308.8668,308.9303,308.9938,309.0573,309.1208,309.1843,309.2478,309.3113,309.3747,309.4382,309.5017,309.5652,309.6287,309.6922,309.7556,309.8191,309.8826,309.946,310.0095,310.073,310.1364,310.1999,310.2634,310.3268,310.3903,310.4537,310.5172,310.5806,310.6441,310.7075,310.7709,310.8344,310.8978,310.9612,311.0247,311.0881,311.1515,311.2149,311.2784,311.3418,311.4052,311.4686,311.532,311.5954,311.6588,311.7222,311.7856,311.849,311.9124,311.9758,312.0392,312.1026,312.166,312.2294,312.2928,312.3561,312.4195,312.4829,312.5463,312.6096,312.673,312.7364,312.7997,312.8631,312.9264,312.9898,313.0532,313.1165,313.1799,313.2432,313.3065,313.3699,313.4332,313.4966,313.5599,313.6232,313.6866,313.7499,313.8132,313.8765,313.9398,314.0032,314.0665,314.1298,314.1931,314.2564,314.3197,314.383,314.4463,314.5096,314.5729,314.6362,314.6995,314.7628,314.8261,314.8893,314.9526,315.0159,315.0792,315.1425,315.2057,315.269,315.3323,315.3955,315.4588,315.522,315.5853,315.6486,315.7118,315.7751,315.8383,315.9015,315.9648,316.028,316.0913,316.1545,316.2177,316.2809,316.3442,316.4074,316.4706,316.5338,316.5971,316.6603,316.7235,316.7867,316.8499,316.9131,316.9763,317.0395,317.1027,317.1659,317.2291,317.2923,317.3554,317.4186,317.4818,317.545,317.6082,317.6713,317.7345,317.7977,317.8608,317.924,317.9872,318.0503,318.1135,318.1766,318.2398,318.3029,318.3661,318.4292,318.4924,318.5555,318.6186,318.6818,318.7449,318.808,318.8711,318.9343,318.9974,319.0605,319.1236,319.1867,319.2498,319.3129,319.376,319.4391,319.5022,319.5653,319.6284,319.6915,319.7546,319.8177,319.8808,319.9439,320.0069,320.07,320.1331,320.1961,320.2592,320.3223,320.3853,320.4484,320.5115,320.5745,320.6376,320.7006,320.7637,320.8267,320.8897,320.9528,321.0158,321.0788,321.1419,321.2049,321.2679,321.331,321.394,321.457,321.52,321.583,321.646,321.709,321.772,321.835,321.898,321.961,322.024,322.087,322.15,322.213,322.276,322.3389,322.4019,322.4649,322.5279,322.5908,322.6538,322.7168,322.7797,322.8427,322.9056,322.9686,323.0315,323.0945,323.1574,323.2204,323.2833,323.3463,323.4092,323.4721,323.535,323.598,323.6609,323.7238,323.7867,323.8496,323.9126,323.9755,324.0384,324.1013,324.1642,324.2271,324.29,324.3529,324.4158,324.4786,324.5415,324.6044,324.6673,324.7302,324.793,324.8559,324.9188,324.9816,325.0445,325.1074,325.1702,325.2331,325.2959,325.3588,325.4216,325.4845,325.5473,325.6101,325.673,325.7358,325.7986,325.8615,325.9243,325.9871,326.0499,326.1127,326.1755,326.2384,326.3012,326.364,326.4268,326.4896,326.5524,326.6151,326.6779,326.7407,326.8035,326.8663,326.9291,326.9918,327.0546,327.1174,327.1802,327.2429,327.3057,327.3684,327.4312,327.4939,327.5567,327.6194,327.6822,327.7449,327.8077,327.8704,327.9331,327.9959,328.0586,328.1213,328.184,328.2468,328.3095,328.3722,328.4349,328.4976,328.5603,328.623,328.6857,328.7484,328.8111,328.8738,328.9365,328.9991,329.0618,329.1245,329.1872,329.2499,329.3125,329.3752,329.4379,329.5005,329.5632,329.6258,329.6885,329.7511,329.8138,329.8764,329.9391,330.0017,330.0643,330.127,330.1896,330.2522,330.3148,330.3775,330.4401,330.5027,330.5653,330.6279,330.6905,330.7531,330.8157,330.8783,330.9409,331.0035,331.0661,331.1287,331.1912,331.2538,331.3164,331.379,331.4415,331.5041,331.5667,331.6292,331.6918,331.7543,331.8169,331.8794,331.942,332.0045,332.0671,332.1296,332.1921,332.2547,332.3172,332.3797,332.4422,332.5048,332.5673,332.6298,332.6923,332.7548,332.8173,332.8798,332.9423,333.0048,333.0673,333.1298,333.1923,333.2547,333.3172,333.3797,333.4422,333.5046,333.5671,333.6296,333.692,333.7545,333.817,333.8794,333.9419,334.0043,334.0667,334.1292,334.1916,334.2541,334.3165,334.3789,334.4413,334.5038,334.5662,334.6286,334.691,334.7534,334.8158,334.8782,334.9406,335.003,335.0654,335.1278,335.1902,335.2526,335.3149,335.3773,335.4397,335.5021,335.5644,335.6268,335.6892,335.7515,335.8139,335.8762,335.9386,336.0009,336.0633,336.1256,336.188,336.2503,336.3126,336.375,336.4373,336.4996,336.5619,336.6242,336.6865,336.7489,336.8112,336.8735,336.9358,336.9981,337.0604,337.1226,337.1849,337.2472,337.3095,337.3718,337.4341,337.4963,337.5586,337.6209,337.6831,337.7454,337.8076,337.8699,337.9321,337.9944,338.0566,338.1189,338.1811,338.2433,338.3056,338.3678,338.43,338.4922,338.5544,338.6167,338.6789,338.7411,338.8033,338.8655,338.9277,338.9899,339.0521,339.1143,339.1764,339.2386,339.3008,339.363,339.4252,339.4873,339.5495,339.6116,339.6738,339.736,339.7981,339.8603,339.9224,339.9846,340.0467,340.1088,340.171,340.2331,340.2952,340.3573,340.4195,340.4816,340.5437,340.6058,340.6679,340.73,340.7921,340.8542,340.9163,340.9784,341.0405,341.1026,341.1647,341.2267,341.2888,341.3509,341.4129,341.475,341.5371,341.5991,341.6612,341.7232,341.7853,341.8473,341.9094,341.9714,342.0334,342.0955,342.1575,342.2195,342.2815,342.3436,342.4056,342.4676,342.5296,342.5916,342.6536,342.7156,342.7776,342.8396,342.9016,342.9636,343.0255,343.0875,343.1495,343.2115,343.2734,343.3354,343.3973,343.4593,343.5213,343.5832,343.6452,343.7071,343.769,343.831,343.8929,343.9548,344.0168,344.0787,344.1406,344.2025,344.2644,344.3264,344.3883,344.4502,344.5121,344.574,344.6359,344.6977,344.7596,344.8215,344.8834,344.9453,345.0071,345.069,345.1309,345.1927,345.2546,345.3165,345.3783,345.4402,345.502,345.5638,345.6257,345.6875,345.7493,345.8112,345.873,345.9348,345.9966,346.0585,346.1203,346.1821,346.2439,346.3057,346.3675,346.4293,346.4911,346.5528,346.6146,346.6764,346.7382,346.8,346.8617,346.9235,346.9852,347.047,347.1088,347.1705,347.2323,347.294,347.3557,347.4175,347.4792,347.5409,347.6027,347.6644,347.7261,347.7878,347.8495,347.9113,347.973,348.0347,348.0964,348.1581,348.2198,348.2814,348.3431,348.4048,348.4665,348.5282,348.5898,348.6515,348.7132,348.7748,348.8365,348.8981,348.9598,349.0214,349.0831,349.1447,349.2063,349.268,349.3296,349.3912,349.4528,349.5145,349.5761,349.6377,349.6993,349.7609,349.8225,349.8841,349.9457,350.0073,350.0689,350.1304,350.192,350.2536,350.3152,350.3767,350.4383,350.4998,350.5614,350.623,350.6845,350.746,350.8076,350.8691,350.9307,350.9922,351.0537,351.1152,351.1768,351.2383,351.2998,351.3613,351.4228,351.4843,351.5458,351.6073,351.6688,351.7303,351.7918,351.8532,351.9147,351.9762,352.0377,352.0991,352.1606,352.222,352.2835,352.3449,352.4064,352.4678,352.5293,352.5907,352.6521,352.7136,352.775,352.8364,352.8978,352.9592,353.0207,353.0821,353.1435,353.2049,353.2663,353.3276,353.389,353.4504,353.5118,353.5732,353.6345,353.6959,353.7573,353.8186,353.88,353.9414,354.0027,354.064,354.1254,354.1867,354.2481,354.3094,354.3707,354.432,354.4934,354.5547,354.616,354.6773,354.7386,354.7999,354.8612,354.9225,354.9838,355.0451,355.1064,355.1676,355.2289,355.2902,355.3515,355.4127,355.474,355.5352,355.5965,355.6577,355.719,355.7802,355.8415,355.9027,355.9639,356.0252,356.0864,356.1476,356.2088,356.27,356.3312,356.3924,356.4536,356.5148,356.576,356.6372,356.6984,356.7596,356.8207,356.8819,356.9431,357.0042,357.0654,357.1266,357.1877,357.2489,357.31,357.3712,357.4323,357.4934,357.5546,357.6157,357.6768,357.7379,357.799,357.8601,357.9213,357.9824,358.0435,358.1045,358.1656,358.2267,358.2878,358.3489,358.41,358.471,358.5321,358.5932,358.6542,358.7153,358.7763,358.8374,358.8984,358.9595,359.0205,359.0815,359.1426,359.2036,359.2646,359.3256,359.3866,359.4477,359.5087,359.5697,359.6307,359.6917,359.7526,359.8136,359.8746,359.9356,359.9966,360.0575,360.1185,360.1795,360.2404,360.3014,360.3623,360.4233,360.4842,360.5451,360.6061,360.667,360.7279,360.7889,360.8498,360.9107,360.9716,361.0325,361.0934,361.1543,361.2152,361.2761,361.337,361.3979,361.4587,361.5196,361.5805,361.6414,361.7022,361.7631,361.8239,361.8848,361.9456,362.0065,362.0673,362.1281,362.189,362.2498,362.3106,362.3714,362.4322,362.4931,362.5539,362.6147,362.6755,362.7363,362.797,362.8578,362.9186,362.9794,363.0402,363.1009,363.1617,363.2225,363.2832,363.344,363.4047,363.4655,363.5262,363.5869,363.6477,363.7084,363.7691,363.8299,363.8906,363.9513,364.012,364.0727,364.1334,364.1941,364.2548,364.3155,364.3762,364.4368,364.4975,364.5582,364.6188,364.6795,364.7402,364.8008,364.8615,364.9221,364.9828,365.0434,365.104,365.1647,365.2253,365.2859,365.3465,365.4071,365.4678,365.5284,365.589,365.6496,365.7101,365.7707,365.8313,365.8919,365.9525,366.013,366.0736,366.1342,366.1947,366.2553,366.3158,366.3764,366.4369,366.4975,366.558,366.6185,366.6791,366.7396,366.8001,366.8606,366.9211,366.9816,367.0421,367.1026,367.1631,367.2236,367.2841,367.3446,367.405,367.4655,367.526,367.5864,367.6469,367.7074,367.7678,367.8283,367.8887,367.9491,368.0096,368.07,368.1304,368.1908,368.2513,368.3117,368.3721,368.4325,368.4929,368.5533,368.6137,368.674,368.7344,368.7948,368.8552,368.9156,368.9759,369.0363,369.0966,369.157,369.2173,369.2777,369.338,369.3984,369.4587,369.519,369.5793,369.6396,369.7,369.7603,369.8206,369.8809,369.9412,370.0015,370.0617,370.122,370.1823,370.2426,370.3029,370.3631,370.4234,370.4836,370.5439,370.6041,370.6644,370.7246,370.7849,370.8451,370.9053,370.9655,371.0258,371.086,371.1462,371.2064,371.2666,371.3268,371.387,371.4472,371.5073,371.5675,371.6277,371.6879,371.748,371.8082,371.8683,371.9285,371.9886,372.0488,372.1089,372.1691,372.2292,372.2893,372.3494,372.4096,372.4697,372.5298,372.5899,372.65,372.7101,372.7702,372.8303,372.8903,372.9504,373.0105,373.0706,373.1306,373.1907,373.2507,373.3108,373.3708,373.4309,373.4909,373.5509,373.611,373.671,373.731,373.791,373.851,373.911,373.971,374.031,374.091,374.151,374.211,374.271,374.331,374.3909,374.4509,374.5109,374.5708,374.6308,374.6907,374.7507,374.8106,374.8705,374.9305,374.9904,375.0503,375.1102,375.1701,375.23,375.2899,375.3498,375.4097,375.4696,375.5295,375.5894,375.6493,375.7091,375.769,375.8289,375.8887,375.9486,376.0084,376.0683,376.1281,376.1879,376.2478,376.3076,376.3674,376.4272,376.487,376.5469,376.6067,376.6665,376.7262,376.786,376.8458,376.9056,376.9654,377.0251,377.0849,377.1447,377.2044,377.2642,377.3239,377.3837,377.4434,377.5031,377.5629,377.6226,377.6823,377.742,377.8017,377.8615,377.9212,377.9809,378.0405,378.1002,378.1599,378.2196,378.2793,378.3389,378.3986,378.4583,378.5179,378.5776,378.6372,378.6969,378.7565,378.8161,378.8757,378.9354,378.995,379.0546,379.1142,379.1738,379.2334,379.293,379.3526,379.4122,379.4718,379.5313,379.5909,379.6505,379.71,379.7696,379.8291,379.8887,379.9482,380.0078,380.0673,380.1268,380.1864,380.2459,380.3054,380.3649,380.4244,380.4839,380.5434,380.6029,380.6624,380.7219,380.7813,380.8408,380.9003,380.9597,381.0192,381.0787,381.1381,381.1975,381.257,381.3164,381.3758,381.4353,381.4947,381.5541,381.6135,381.6729,381.7323,381.7917,381.8511,381.9105,381.9699,382.0293,382.0886,382.148,382.2074,382.2667,382.3261,382.3854,382.4448,382.5041,382.5634,382.6228,382.6821,382.7414,382.8007,382.86,382.9193,382.9786,383.0379,383.0972,383.1565,383.2158,383.2751,383.3343,383.3936,383.4529,383.5121,383.5714,383.6306,383.6898,383.7491,383.8083,383.8675,383.9268,383.986,384.0452,384.1044,384.1636,384.2228,384.282,384.3412,384.4004,384.4595,384.5187,384.5779,384.6371,384.6962,384.7554,384.8145,384.8737,384.9328,384.9919,385.0511,385.1102,385.1693,385.2284,385.2875,385.3466,385.4057,385.4648,385.5239,385.583,385.6421,385.7012,385.7602,385.8193,385.8784,385.9374,385.9965,386.0555,386.1146,386.1736,386.2326,386.2916,386.3507,386.4097,386.4687,386.5277,386.5867,386.6457,386.7047,386.7637,386.8227,386.8816,386.9406,386.9996,387.0585,387.1175,387.1764,387.2354,387.2943,387.3533,387.4122,387.4711,387.53,387.589,387.6479,387.7068,387.7657,387.8246,387.8835,387.9423,388.0012,388.0601,388.119,388.1778,388.2367,388.2956,388.3544,388.4133,388.4721,388.5309,388.5898,388.6486,388.7074,388.7662,388.825,388.8838,388.9426,389.0014,389.0602,389.119,389.1778,389.2366,389.2953,389.3541,389.4129,389.4716,389.5304,389.5891,389.6478,389.7066,389.7653,389.824,389.8828,389.9415,390.0002,390.0589,390.1176,390.1763,390.235,390.2936,390.3523,390.411,390.4697,390.5283,390.587,390.6456,390.7043,390.7629,390.8216,390.8802,390.9388,390.9974,391.0561,391.1147,391.1733,391.2319,391.2905,391.3491,391.4076,391.4662,391.5248,391.5834,391.6419,391.7005,391.759,391.8176,391.8761,391.9347,391.9932,392.0517,392.1103,392.1688,392.2273,392.2858,392.3443,392.4028,392.4613,392.5198,392.5783,392.6367,392.6952,392.7537,392.8121,392.8706,392.929,392.9875,393.0459,393.1044,393.1628,393.2212,393.2796,393.338,393.3965,393.4549,393.5133,393.5716,393.63,393.6884,393.7468,393.8052,393.8635,393.9219,393.9802,394.0386,394.0969,394.1553,394.2136,394.2719,394.3303,394.3886,394.4469,394.5052,394.5635,394.6218,394.6801,394.7384,394.7967,394.8549,394.9132,394.9715,395.0297,395.088,395.1462,395.2045,395.2627,395.321,395.3792,395.4374,395.4956,395.5538,395.6121,395.6703,395.7284,395.7866,395.8448,395.903,395.9612,396.0193,396.0775,396.1357,396.1938,396.252,396.3101,396.3683,396.4264,396.4845,396.5426,396.6007,396.6589,396.717,396.7751,396.8332,396.8912,396.9493,397.0074,397.0655,397.1235,397.1816,397.2397,397.2977,397.3558,397.4138,397.4718,397.5299,397.5879,397.6459,397.7039,397.7619,397.8199,397.8779,397.9359,397.9939,398.0519,398.1099,398.1678,398.2258,398.2837,398.3417,398.3996,398.4576,398.5155,398.5735,398.6314,398.6893,398.7472,398.8051,398.863,398.9209,398.9788,399.0367,399.0946,399.1525,399.2103,399.2682,399.3261,399.3839,399.4418,399.4996,399.5574,399.6153,399.6731,399.7309,399.7887,399.8465,399.9044,399.9622,400.0199,400.0777,400.1355,400.1933,400.2511,400.3088,400.3666,400.4243,400.4821,400.5398,400.5976,400.6553,400.713,400.7708,400.8285,400.8862,400.9439,401.0016,401.0593,401.117,401.1747,401.2323,401.29,401.3477,401.4053,401.463,401.5206,401.5783,401.6359,401.6935,401.7512,401.8088,401.8664,401.924,401.9816,402.0392,402.0968,402.1544,402.212,402.2695,402.3271,402.3847,402.4422,402.4998,402.5573,402.6149,402.6724,402.73,402.7875,402.845,402.9025,402.96,403.0175,403.075,403.1325,403.19,403.2475,403.3049,403.3624,403.4199,403.4773,403.5348,403.5922,403.6497,403.7071,403.7645,403.822,403.8794,403.9368,403.9942,404.0516,404.109,404.1664,404.2238,404.2811,404.3385,404.3959,404.4532,404.5106,404.5679,404.6253,404.6826,404.7399,404.7973,404.8546,404.9119,404.9692,405.0265,405.0838,405.1411,405.1984,405.2557,405.3129,405.3702,405.4275,405.4847,405.542,405.5992,405.6565,405.7137,405.7709,405.8281,405.8854,405.9426,405.9998,406.057,406.1142,406.1714,406.2285,406.2857,406.3429,406.4,406.4572,406.5144,406.5715,406.6286,406.6858,406.7429,406.8,406.8571,406.9143,406.9714,407.0285,407.0856,407.1426,407.1997,407.2568,407.3139,407.3709,407.428,407.485,407.5421,407.5991,407.6562,407.7132,407.7702,407.8272,407.8843,407.9413,407.9983,408.0553,408.1122,408.1692,408.2262,408.2832,408.3401,408.3971,408.454,408.511,408.5679,408.6249,408.6818,408.7387,408.7956,408.8525,408.9095,408.9664,409.0232,409.0801,409.137,409.1939,409.2508,409.3076,409.3645,409.4213,409.4782,409.535,409.5919,409.6487,409.7055,409.7623,409.8191,409.8759,409.9327,409.9895,410.0463,410.1031,410.1599,410.2166,410.2734,410.3302,410.3869,410.4437,410.5004,410.5571,410.6138,410.6706,410.7273,410.784,410.8407,410.8974,410.9541,411.0108,411.0674,411.1241,411.1808,411.2374,411.2941,411.3507,411.4074,411.464,411.5207,411.5773,411.6339,411.6905,411.7471,411.8037,411.8603,411.9169,411.9735,412.0301,412.0866,412.1432,412.1997,412.2563,412.3128,412.3694,412.4259,412.4824,412.539,412.5955,412.652,412.7085,412.765,412.8215,412.878,412.9344,412.9909,413.0474,413.1038,413.1603,413.2167,413.2732,413.3296,413.386,413.4425,413.4989,413.5553,413.6117,413.6681,413.7245,413.7809,413.8373,413.8936,413.95,414.0064,414.0627,414.1191,414.1754,414.2317,414.2881,414.3444,414.4007,414.457,414.5133,414.5696,414.6259,414.6822,414.7385,414.7948,414.851,414.9073,414.9636,415.0198,415.0761,415.1323,415.1885,415.2448,415.301,415.3572,415.4134,415.4696,415.5258,415.582,415.6382,415.6943,415.7505,415.8067,415.8628,415.919,415.9751,416.0313,416.0874,416.1435,416.1996,416.2557,416.3119,416.368,416.424,416.4801,416.5362,416.5923,416.6484,416.7044,416.7605,416.8165,416.8726,416.9286,416.9846,417.0407,417.0967,417.1527,417.2087,417.2647,417.3207,417.3767,417.4327,417.4886,417.5446,417.6006,417.6565,417.7125,417.7684,417.8244,417.8803,417.9362,417.9921,418.048,418.104,418.1599,418.2157,418.2716,418.3275,418.3834,418.4392,418.4951,418.551,418.6068,418.6627,418.7185,418.7743,418.8301,418.886,418.9418,418.9976,419.0534,419.1092,419.1649,419.2207,419.2765,419.3323,419.388,419.4438,419.4995,419.5552,419.611,419.6667,419.7224,419.7781,419.8338,419.8895,419.9452,420.0009,420.0566,420.1123,420.168,420.2236,420.2793,420.3349,420.3906,420.4462,420.5018,420.5575,420.6131,420.6687,420.7243,420.7799,420.8355,420.8911,420.9466,421.0022,421.0578,421.1133,421.1689,421.2244,421.28,421.3355,421.391,421.4465,421.5021,421.5576,421.6131,421.6686,421.724,421.7795,421.835,421.8905,421.9459,422.0014,422.0568,422.1123,422.1677,422.2231,422.2786,422.334,422.3894,422.4448,422.5002,422.5556,422.6109,422.6663,422.7217,422.777,422.8324,422.8878,422.9431,422.9984,423.0538,423.1091,423.1644,423.2197,423.275,423.3303,423.3856,423.4409,423.4962,423.5514,423.6067,423.662,423.7172,423.7724,423.8277,423.8829,423.9381,423.9934,424.0486,424.1038,424.159,424.2142,424.2693,424.3245,424.3797,424.4349,424.49,424.5452,424.6003,424.6554,424.7106,424.7657,424.8208,424.8759,424.931,424.9861,425.0412,425.0963,425.1514,425.2064,425.2615,425.3166,425.3716,425.4267,425.4817,425.5367,425.5918,425.6468,425.7018,425.7568,425.8118,425.8668,425.9218,425.9767,426.0317,426.0867,426.1416,426.1966,426.2515,426.3065,426.3614,426.4163,426.4712,426.5261,426.581,426.6359,426.6908,426.7457,426.8006,426.8554,426.9103,426.9652,427.02,427.0749,427.1297,427.1845,427.2393,427.2942,427.349,427.4038,427.4586,427.5133,427.5681,427.6229,427.6777,427.7324,427.7872,427.8419,427.8967,427.9514,428.0061,428.0608,428.1156,428.1703,428.225,428.2796,428.3343,428.389,428.4437,428.4983,428.553,428.6077,428.6623,428.7169,428.7716,428.8262,428.8808,428.9354,428.99,429.0446,429.0992,429.1538,429.2084,429.2629,429.3175,429.372,429.4266,429.4811,429.5357,429.5902,429.6447,429.6992,429.7537,429.8082,429.8627,429.9172,429.9717,430.0262,430.0806,430.1351,430.1895,430.244,430.2984,430.3528,430.4073,430.4617,430.5161,430.5705,430.6249,430.6793,430.7337,430.788,430.8424,430.8968,430.9511,431.0055,431.0598,431.1141,431.1685,431.2228,431.2771,431.3314,431.3857,431.44,431.4943,431.5485,431.6028,431.6571,431.7113,431.7656,431.8198,431.874,431.9283,431.9825,432.0367,432.0909,432.1451,432.1993,432.2535,432.3077,432.3618,432.416,432.4702,432.5243,432.5785,432.6326,432.6867,432.7408,432.795,432.8491,432.9032,432.9573,433.0113,433.0654,433.1195,433.1736,433.2276,433.2817,433.3357,433.3897,433.4438,433.4978,433.5518,433.6058,433.6598,433.7138,433.7678,433.8218,433.8758,433.9297,433.9837,434.0376,434.0916,434.1455,434.1994,434.2534,434.3073,434.3612,434.4151,434.469,434.5229,434.5768,434.6306,434.6845,434.7383,434.7922,434.846,434.8999,434.9537,435.0075,435.0613,435.1152,435.169,435.2227,435.2765,435.3303,435.3841,435.4379,435.4916,435.5454,435.5991,435.6528,435.7066,435.7603,435.814,435.8677,435.9214,435.9751,436.0288,436.0825,436.1361,436.1898,436.2435,436.2971,436.3508,436.4044,436.458,436.5116,436.5652,436.6189,436.6725,436.726,436.7796,436.8332,436.8868,436.9403,436.9939,437.0474,437.101,437.1545,437.208,437.2616,437.3151,437.3686,437.4221,437.4756,437.529,437.5825,437.636,437.6894,437.7429,437.7963,437.8498,437.9032,437.9566,438.01,438.0635,438.1169,438.1702,438.2236,438.277,438.3304,438.3838,438.4371,438.4905,438.5438,438.5971,438.6505,438.7038,438.7571,438.8104,438.8637,438.917,438.9703,439.0236,439.0768,439.1301,439.1833,439.2366,439.2898,439.3431,439.3963,439.4495,439.5027,439.5559,439.6091,439.6623,439.7155,439.7686,439.8218,439.875,439.9281,439.9813,440.0344,440.0875,440.1406,440.1938,440.2469,440.3,440.353,440.4061,440.4592,440.5123,440.5653,440.6184,440.6714,440.7245,440.7775
582.463687150838,504.20856610800746,530.7094972067039,467.60893854748605,591.1229050279329,435.32029795158286,543.5977653631285,528.8435754189944,556.4655493482309,527.7951582867784,583.1918063314712,510.7411545623836,617.7486033519554,479.5288640595903,593.828677839851,617.4972067039106,656.0446927374302,615.7374301675977,593.5437616387337,569.659217877095,608.7635009310987,570.7057728119181,678.8007448789572,601.6927374301677,696.2998137802607,679.7877094972067,650.8938547486033,593.9906890130354,644.3817504655493,584.6536312849162,692.2905027932961,613.0372439478584,707.512104283054,637.0335195530727,708.7076350093109,611.5754189944134,728.9515828677839,593.4264432029795,710.7895716945997,600.2607076350093,711.0875232774674,642.7113594040968,626.7783985102421,719.5065176908753,670.3947858472998,536.3202979515829,650.2700186219739,727.3687150837989,750.4059590316574,631.4916201117319,721.6499068901304,692.0782122905028,715.3631284916202,691.316573556797,745.2253258845437,601.3929236499068,724.3761638733706,653.9050279329609,690.4040968342645,636.0800744878957,701.8975791433892,640.9422718808194,688.3482309124768,625.5698324022346,739.6219739292364,656.8677839851024,728.4674115456238,671.391061452514,622.8696461824953,729.5716945996276,681.5884543761639,670.5716945996276,728.1154562383613,643.364990689013,714.268156424581,679.780260707635,744.6499068901304,681.4543761638733,692.7932960893854,822.2607076350093,773.4972067039106,675.56052141527,733.8826815642458,717.8547486033519,741.4357541899441,696.8212290502794,780.8901303538175,652.3612662942272,709.1042830540038,712.5828677839851,747.6648044692737,662.9459962756052,779.3985102420856,762.8398510242085,725.2048417132216,748.7281191806331,751.1061452513967,726.0279329608938,790.8435754189944,702.074487895717,790.463687150838,717.3854748603352,749.3221601489757,705.6145251396648,680.6517690875232,696.0502793296089,809.9068901303539,669.1601489757915,766.7765363128492,700.5772811918064,646.9329608938548,838.2569832402235,831.830540037244,745.9292364990689,776.2625698324023,736.1824953445065,842.7858472998138,717.2532588454376,799.3221601489757,769.8975791433892,771.4767225325885,777.2905027932961,823.2122905027933,738.5400372439478,797.1266294227188,707.4841713221601,768.608938547486,722.1042830540038,842.6666666666666,796.7225325884543,819.1191806331472,761.7783985102421,840.2513966480446,738.4841713221601,753.9217877094972,740.7970204841713,817.925512104283,779.6871508379888,821.413407821229,670.780260707635,773.7858472998138,691.024208566108,676.5046554934823,824.3240223463687,858.9441340782123,757.8361266294227,778.6312849162011,776.169459962756,787.2923649906891,799.8361266294227,788.1117318435754,730.6294227188082,768.9571694599628,748.3091247672253,847.2849162011173,801.3854748603352,787.3109869646182,782.6331471135941,767.6741154562384,690.8882681564246,832.2830540037244,799.7504655493482,767.7951582867784,779.6499068901304,834.4413407821229,774.9720670391062,799.3891992551211,796.4245810055866,848.9162011173185,719.4692737430167,868.2811918063314,800.6480446927375,844.7858472998138,773.2532588454376,741.193668528864,871.2830540037244,888.9925512104284,776.7765363128492,851.8826815642458,758.6275605214153,895.3221601489757,789.6685288640596,800.6871508379888,803.2029795158287,770.0595903165736,757.2942271880819,833.8212290502794,815.5214152700187,795.1973929236499,823.4674115456238,825.4320297951583,810.9571694599628,842.6964618249534,776.1620111731844,859.828677839851,766.8026070763501,860.5549348230912,819.657355679702,828.4748603351956,885.7262569832402,805.7411545623836,834.1396648044692,874.2793296089385,823.9180633147114,850.8361266294227,772.3258845437616,734.3817504655493,911.8901303538175,817.4543761638733,834.8901303538175,873.2979515828678,805.4171322160149,860.2700186219739,795.5716945996276,855.7895716945997,815.2607076350093,862.6871508379888,782.8454376163874,819.7355679702049,792.683426443203,844.1210428305401,841.0763500931099,879.8472998137803,812.3445065176909,875.8249534450651,864.3947858472998,832.3556797020484,787.6685288640596,818.584729981378,869.5400372439478,878.3333333333334,843.7914338919926,868.4562383612663,875.927374301676,865.489757914339,873.1508379888268,802.3482309124768,780.4562383612663,782.9124767225326,915.4487895716946,869.5344506517691,828.7765363128492,791.8547486033519,816.2849162011173,825.3370577281191,809.562383612663,849.1117318435754,756.2364990689013,812.5716945996276,835.8491620111732,785.074487895717,830.3072625698323,771.2960893854748,774.6052141527002,839.9795158286778,797.3054003724395,799.830540037244,808.9199255121043,841.2607076350093,835.31843575419,835.4804469273743,857.1098696461825,872.4804469273743,768.5065176908753,890.4748603351956,809.072625698324,841.8510242085661,883.6238361266294,836.072625698324,813.4227188081936,884.0018621973929,951.1303538175047,900.4078212290502,813.3612662942272,943.9106145251396,858.4040968342645,865.8975791433892,867.8770949720671,850.731843575419,844.6517690875232,881.316573556797,782.4990689013035,815.2588454376164,849.5456238361267,847.6368715083798,881.683426443203,859.1992551210428,876.6424581005587,855.0446927374302,782.2644320297951,878.43947858473,810.9553072625698,839.0502793296089,844.9068901303539,874.0856610800745,845.8901303538175,887.5828677839851,800.147113594041,864.0837988826815,817.9608938547486,863.7523277467411,815.8100558659218,787.9627560521416,975.1620111731844,896.9329608938548,891.5158286778399,835.5418994413408,813.4581005586592,864.6871508379888,841.0186219739293,855.1806331471136,887.852886405959,831.5791433891992,836.7877094972067,892.9888268156425,831.7951582867784,910.9720670391062,817.7504655493482,847.1582867783985,869.8212290502794,897.510242085661,859.1284916201117,900.0763500931099,899.7616387337058,889.0167597765363,846.7858472998138,882.6629422718809,893.6294227188082,838.8361266294227,916.1620111731844,916.9646182495344,856.3314711359404,901.0837988826815,813.4581005586592,780.5288640595903,1017.9217877094972,1042.389199255121,927.8119180633147,916.8156424581006,911.2923649906891,951.2532588454376,847.5437616387337,918.0,837.852886405959,882.9385474860335,939.8398510242085,826.828677839851,917.2737430167598,976.8212290502794,920.0148975791434,963.2551210428305,909.1545623836126,915.8175046554935,896.6890130353818,936.4767225325885,940.2085661080074,931.074487895717,890.635009310987,903.1824953445065,891.7355679702049,877.6703910614525,880.5214152700187,929.5251396648044,928.3575418994413,931.9199255121043,854.2067039106146,823.9590316573557,961.364990689013,959.2756052141527,919.9981378026071,945.8994413407821,1002.1824953445065,1101.1824953445066,1037.7355679702048,958.4972067039106,909.0148975791434,913.1899441340782,920.1061452513967,967.4487895716946,915.1806331471136,932.8752327746741,970.1080074487895,977.9087523277467,966.6145251396648,986.4581005586592,914.2011173184358,1001.5754189944134,925.9981378026071,975.9720670391062,945.8379888268156,1009.7113594040968,980.2718808193669,946.0595903165736,929.806331471136,959.975791433892,908.6163873370577,959.5046554934823,926.7169459962756,852.7672253258845,1060.4748603351954,951.3594040968343,968.584729981378,997.4748603351956,942.608938547486,1026.7225325884544,965.1750465549349,975.3761638733706,1037.9962756052141,1020.9366852886405,945.415270018622,1002.3761638733706,935.8435754189944,947.193668528864,1001.147113594041,1069.0093109869647,1038.1862197392923,1075.6722532588453,1007.6610800744879,1025.026070763501,984.4599627560522,989.3966480446927,1042.0,995.2178770949721,1002.7243947858473,1063.1433891992551,1038.2756052141526,1051.8491620111731,1025.6499068901303,1060.3929236499068,918.3631284916202,971.4245810055866,1202.875232774674,1029.5474860335196,1107.4972067039107,1071.9925512104282,1025.1601489757913,1130.6275605214153,1187.0837988826815,1246.3594040968342,1072.4599627560522,1060.1787709497207,982.0670391061452,972.7355679702049,1027.9590316573556,1054.022346368715,1012.2085661080074,1063.953445065177,1007.0446927374302,1060.9143389199255,1035.5959031657355,1006.3687150837989,986.3147113594041,1082.2048417132216,1001.7579143389199,1058.1322160148975,1094.1824953445066,1061.0595903165736,982.8137802607076,945.6685288640596,957.4841713221601,991.8603351955308,919.2532588454376,949.9310986964618,1079.5009310986964,1091.9385474860335,962.5977653631285,1003.9199255121043,1044.9683426443203,1197.0689013035383,1162.1601489757913,1151.5679702048417,975.9720670391062,1021.7839851024208,1009.5772811918064,1046.6256983240223,1157.1638733705772,1171.7858472998137,1122.5009310986964,1001.3482309124768,990.0018621973929,1012.1322160148976,1025.7635009310986,1127.2048417132216,1102.0819366852886,1080.6722532588453,1025.270018621974,1042.7690875232774,1035.1080074487895,1166.6294227188082,1156.659217877095,1270.2309124767226,1110.7597765363128,1087.3836126629424,990.830540037244,981.8379888268156,1118.7523277467412,1061.463687150838,979.5418994413408,1087.0148975791433,1093.124767225326,1097.6536312849162,1131.9497206703911,1098.9217877094973,1040.8603351955308,1088.8026070763501,1131.1620111731843,1259.9906890130353,1067.191806331471,1113.6014897579144,1099.1824953445066,1151.145251396648,1124.8119180633148,1096.1005586592178,1047.0819366852886,1240.2532588454376,1183.1303538175046,1114.0335195530727,1095.3594040968342,1128.608938547486,1115.195530726257,1166.316573556797,1113.0,1097.3277467411547,1028.3929236499068,1109.3780260707636,1041.4357541899442,954.0316573556797,1151.9851024208567,1088.5623836126629,1054.4543761638733,1071.2569832402235,1066.638733705773,1138.5288640595902,1048.9217877094973,1117.0502793296089,1101.7225325884544,1048.5456238361267,1121.2625698324023,1109.877094972067,987.7299813780261,1143.5772811918064,1068.7616387337057,1079.5065176908752,997.7299813780261,1121.6983240223465,1080.2420856610802,1064.2346368715084,1066.4562383612663,1036.783985102421,995.4469273743017,1098.5214152700187,1058.3016759776535,1087.9106145251396,1080.6741154562383,1126.5865921787708,1010.9217877094972,1109.2216014897579,1030.5549348230913,1079.9832402234638,1092.2216014897579,1167.0949720670392,1116.4562383612663,1102.4729981378025,1177.8026070763501,1261.1527001862198,1154.8137802607077,1205.6759776536312,1156.7113594040968,1283.6908752327747,1171.5865921787708,1206.0335195530727,1160.9608938547485,1018.3314711359404,1094.0335195530727,1200.7150837988827,1164.1322160148975,1191.12104283054,1040.4022346368715,1070.3817504655494,1051.098696461825,1251.5065176908752,1296.7709497206704,1251.1117318435754,1119.8640595903166,1040.5921787709497,995.5065176908753,1190.0353817504656,1131.8845437616387,1309.7448789571695,1166.2718808193667,1108.6741154562383,1275.0074487895718,1428.9441340782123,1299.342644320298,1164.072625698324,1038.4301675977654,1093.7672253258845,1042.1564245810057,1130.1061452513966,1153.1862197392923,1176.9813780260708,1103.953445065177,1085.441340782123,1048.2756052141526,1165.8957169459964,1154.2402234636872,1263.4283054003724,1055.126629422719,1165.659217877095,1027.513966480447,1115.9906890130353,1101.072625698324,1373.7188081936686,1066.9292364990688,1044.4581005586592,1004.5772811918064,1134.9962756052141,1156.8175046554934,1282.8398510242087,1055.9925512104282,1045.3463687150838,932.3966480446927,1080.0074487895718,1265.1973929236499,1272.8342644320298,1086.9385474860335,1139.9888268156424,1076.1191806331472,1232.7374301675977,1171.4450651769087,1162.1806331471137,1112.8100558659219,1110.7616387337057,1149.1620111731843,1233.5549348230913,1081.804469273743,1022.7839851024208,1078.1527001862198,1293.04469273743,1413.8100558659219,1609.1322160148975,1265.0949720670392,1221.510242085661,1114.5158286778399,1112.1024208566107,1074.508379888268,1125.3519553072626,1075.68156424581,1299.0540037243948,1068.292364990689,1074.31843575419,965.8603351955308,1017.5493482309125,961.4078212290502,1012.8268156424581,1079.0577281191806,1236.1508379888269,1199.04469273743,1103.9329608938547,1015.512104283054,1106.95530726257,1059.8175046554934,1138.8845437616387,1166.342644320298,1128.0335195530727,1025.95530726257,1033.9329608938547,981.43947858473,1039.3780260707636,997.6927374301677,1119.0093109869647,1083.217877094972,1168.7988826815642,1179.9068901303538,1356.7523277467412,1083.8696461824954,1101.001862197393,1010.5344506517691,1027.6536312849162,975.4785847299813,1106.243947858473,1032.9869646182494,1199.0,1232.1284916201118,1487.36312849162,1570.2830540037244,1206.1061452513966,1182.808193668529,1190.7467411545624,1084.7225325884544,1475.9385474860335,1740.0037243947859,1641.9180633147114,1803.8007448789572,1553.9422718808194,1091.3985102420856,1167.0335195530727,1064.2458100558658,1174.6201117318435,1165.4152700186219,1469.3798882681565,1817.7113594040968,1596.783985102421,1411.2309124767226,1602.8975791433893,1470.7541899441342,1505.5437616387337,1392.4432029795157,1750.828677839851,2530.020484171322,3154.5214152700187,2493.8994413407822,1932.0372439478585,1555.124767225326,1509.43947858473,1596.7430167597765,2281.3258845437617,2662.901303538175,1629.364990689013,1396.0111731843576,1336.7988826815642,1329.4562383612663,1356.122905027933,1172.4338919925513,1311.0689013035383,1211.7635009310986,1563.0316573556797,1704.851024208566,1463.5288640595902,1147.3836126629424,1230.296089385475,1183.5474860335196,1475.4059590316574,1875.7430167597765,2388.8342644320296,2593.0111731843576,2238.945996275605,1452.1154562383613,1729.126629422719,1432.536312849162,1396.0353817504656,1544.0279329608938,1965.296089385475,1754.8715083798882,1363.8975791433893,1468.7467411545624,1430.9143389199255,1401.5828677839852,1892.0893854748604,1633.9292364990688,1418.7616387337057,1607.1061452513966,1531.6070763500932,1223.2234636871508,1347.9869646182494,1547.4972067039107,2171.8621973929235,1807.5623836126629,1826.95530726257,1586.806331471136,1377.0372439478585,1276.1843575418995,1325.0651769087524,1405.2830540037244,1740.2625698324023,1932.998137802607,1831.5251396648046,2386.5698324022346,3056.778398510242,3782.5735567970205,3023.072625698324,2459.6275605214155,1925.877094972067,1757.364990689013,1518.4767225325884,1208.877094972067,1334.342644320298,1480.9646182495344,1901.7243947858474,2396.486033519553,1793.0763500931098,1346.8007448789572,1324.1806331471137,1462.2067039106146,1535.0502793296089,1155.1415270018622,1381.7970204841713,1434.683426443203,1916.4711359404098,2790.338919925512,3563.461824953445,1833.7281191806333,1454.7690875232774,1351.7709497206704,1770.1322160148975,2261.024208566108,2218.683426443203,1503.7392923649907,1449.9851024208567,1370.0353817504656,1645.780260707635,1527.3482309124768,1828.661080074488,2483.052141527002,3490.0391061452515,2248.558659217877,2184.2551210428305,2461.4841713221604,1747.3240223463688,1385.3258845437617,1475.9832402234638,1686.9720670391062,2491.4283054003727,3193.0018621973927,2468.733705772812,1724.7765363128492,1791.4972067039107,2255.068901303538,1613.3016759776535,1226.510242085661,1376.8137802607077,1233.219739292365,1310.1806331471137,1274.6759776536312,1533.7523277467412,1255.4227188081936,1381.4376163873371,1243.4785847299813,1249.6070763500932,1153.4767225325884,1270.2867783985103,1312.219739292365,1699.3538175046556,1617.191806331471,1880.4990689013036,1394.316573556797,1406.9217877094973,1214.8361266294228,1316.3743016759777,1401.4134078212292,1621.5512104283055,1639.4804469273743,1760.6405959031658,1688.314711359404,1712.0707635009312,1513.0037243947859,1614.292364990689,1841.5418994413408,1682.0782122905027,1598.1973929236499,2081.586592178771,1924.5623836126629,1661.9050279329608,1500.6480446927374,1478.344506517691,1420.173184357542,1788.9106145251396,2286.346368715084,2608.6182495344506,1822.5176908752328,1385.0540037243948,1430.0912476722533,2014.1843575418995,1662.2551210428305,1845.657355679702,2010.191806331471,1996.1340782122904,1895.661080074488,1811.1564245810057,1612.534450651769,1739.340782122905,1369.5418994413408,1442.6871508379888,1396.7169459962756,1527.6424581005588,1410.0577281191806,1516.8379888268157,1387.8640595903166,1528.6480446927374,1782.2569832402235,1699.9813780260708,1463.6312849162011,1572.3109869646182,1507.1396648044692,1624.9422718808194,1821.2104283054005,1921.851024208566,1844.2216014897579,1858.68156424581,1679.4990689013036,1956.7467411545624,2266.945996275605,2706.024208566108,2747.0353817504656,2330.8957169459964,1910.0595903165736,2196.921787709497,2262.243947858473,2096.6554934823093,2002.3463687150838,2069.582867783985,1884.6945996275606,1909.7728119180633,1823.9422718808194,1765.6722532588453,1802.1657355679702,1925.87895716946,1789.2849162011173,2903.342644320298,3060.074487895717,2068.6275605214155,1836.3500931098697,2205.9534450651768,1634.7877094972066,1889.8119180633148,1774.7337057728118,1682.7486033519554,1821.0055865921788,2233.314711359404,2808.389199255121,3155.3538175046556,1843.8994413407822,2046.0931098696462,2797.3370577281194,4026.068901303538,5062.942271880819,3958.4022346368715,2563.147113594041,2028.1843575418995,2292.6759776536314,2913.905027932961,3166.465549348231,4251.351955307263,4206.238361266294,4021.8659217877093,4772.783985102421,5204.096834264432,5051.556797020484,3414.1340782122907,2637.0465549348232,3316.8175046554934,2397.9702048417134,1736.3054003724394,1719.7225325884544,2091.8584729981376,2195.098696461825,2140.130353817505,1873.5847299813781,2115.782122905028,2237.5530726256984,1835.828677839851,1933.2476722532588,3021.7690875232774,3184.1862197392925,2536.3724394785845,2234.6443202979517,2495.759776536313,1933.5754189944134,1969.361266294227,2164.4227188081936,2627.243947858473,2808.0130353817503,2539.996275605214,1897.3947858472998,1691.5884543761638,1516.9404096834264,1907.9944134078212,2612.314711359404,3004.729981378026,2455.437616387337,2241.36312849162,1910.0391061452515,2627.225325884544,3017.8882681564246,2428.1806331471134,3131.897579143389,3438.921787709497,2546.8957169459964,3109.0465549348232,3078.322160148976,3075.054003724395,2447.383612662942,1965.7970204841713,2177.849162011173,2902.562383612663,3918.5810055865923,5183.54748603352,4555.214152700186,4543.536312849162,3658.80260707635,3543.7132216014897,3226.554934823091,3615.7616387337057,4116.0148975791435,3894.653631284916,4632.631284916201,4919.424581005586,3292.078212290503,2523.1769087523276,1990.7281191806333,2310.7895716945995,2522.0577281191804,3443.959031657356,3824.756052141527,3486.9813780260706,3604.607076350093,3944.9683426443203,4731.854748603352,5405.9459962756055,3684.4785847299813,4090.9944134078214,4085.9944134078214,3084.016759776536,3386.7039106145253,4174.074487895717,3726.3035381750465,3588.424581005587,3074.610800744879,3977.1359404096834,4013.8994413407822,4099.854748603352,4047.294227188082,4867.931098696462,3885.4264432029795,3233.7653631284916,3137.24208566108,3841.7039106145253,3946.579143389199,3405.3538175046556,2532.1601489757913,2073.4525139664806,1596.9869646182494,1827.4059590316574,1689.3277467411547,1540.8659217877096,1488.1359404096834,1698.487895716946,1449.8193668528863,1509.808193668529,1516.147113594041,1509.217877094972,1449.830540037244,1556.6759776536312,1664.43947858473,1855.8919925512105,1766.638733705773,2565.094972067039,3476.0316573556797,3067.459962756052,2306.8156424581007,1579.0111731843576,1341.6983240223465,1635.7430167597765,1882.0521415270018,2255.7988826815645,1520.9124767225326,1670.782122905028,1572.6499068901303,1700.026070763501,1849.9162011173185,1907.536312849162,1316.1973929236499,1421.5977653631285,1459.0856610800745,1697.4208566108007,1828.9068901303538,2061.1284916201116,2473.8454376163872,3114.0391061452515,2419.996275605214,2090.893854748603,2337.6964618249535,1679.148975791434,1422.31843575419,1515.7523277467412,1454.4245810055866,1782.4525139664804,2457.517690875233,3201.119180633147,1933.2476722532588,1942.9441340782123,2312.096834264432,2801.432029795158,3566.270018621974,2640.2085661080073,1762.3035381750465,2474.290502793296,2149.0018621973927,1721.9590316573556,1342.6275605214153,1708.5903165735567,2050.4487895716948,2682.9683426443203,1940.9106145251396,2258.852886405959,2355.1247672253257,2223.1415270018624,1375.9068901303538,1504.4338919925513,1539.361266294227,1957.1098696461825,2662.506517690875,4524.716945996275,5617.400372439479,5978.87895716946,3433.5251396648046,1848.9329608938547,1394.8621973929237,1426.9944134078212,1264.7281191806333,1494.3575418994412,1514.1117318435754,2098.945996275605,2405.36312849162,2969.147113594041,3486.8175046554934,4380.707635009311,2292.493482309125,1950.7355679702048,1856.9590316573556,2080.070763500931,2140.661080074488,3049.432029795158,3993.9702048417134,3372.072625698324,2360.4748603351954,3185.9385474860337,2490.5716945996273,1647.6201117318435,1467.36312849162,1746.9497206703911,2090.3556797020483,3273.9776536312847,2647.413407821229,1858.5959031657355,1785.5288640595902,2061.1527001862196,2195.996275605214,2441.2271880819367,2101.925512104283,1720.1992551210428,2119.370577281192,2197.6685288640597,1970.783985102421,3173.3091247672255,3082.750465549348,1952.9366852886405,1817.4804469273743,2752.6592178770948,2986.2513966480446,2378.949720670391,2709.1582867783986,3859.783985102421,5409.392923649907,3966.9776536312847,2035.9217877094973,1634.4841713221601,1299.389199255121,1459.3836126629424,1396.1508379888269,1852.3780260707636,1609.1806331471137,1476.826815642458,1282.9906890130353,1360.7243947858474,1105.1340782122904,1247.0837988826815,1287.1359404096834,1337.1303538175046,1377.148975791434,1389.2998137802608,1110.635009310987,1439.6722532588453,1486.1284916201118,1373.0614525139665,1134.9404096834264,1271.8845437616387,1130.6685288640597,1260.3556797020485,1203.4040968342645,1349.8175046554934,1113.8845437616387,1273.0763500931098,1097.486033519553,1414.0074487895718,1219.5754189944134,1261.2364990689014,1115.36312849162,1229.9497206703911,1145.854748603352,1236.4152700186219,1216.2048417132216,1484.5158286778399,1172.3594040968342,1247.2029795158287,1150.387337057728,1231.7243947858474,1078.6443202979515,1172.2905027932961,1344.6182495344506,1530.1843575418995,1521.2495344506517,1449.7281191806333,1419.0167597765362,1759.536312849162,1861.6145251396647,1636.56052141527,1727.0,2425.08938547486,1661.3687150837989,1316.148975791434,1163.4245810055866,1273.3929236499068,1270.9683426443203,1186.2607076350093,1098.4227188081936,1323.979515828678,1076.7783985102421,1296.4841713221601,1112.0800744878957,1269.0186219739292,1189.6480446927374,1186.808193668529,1098.7448789571695,1202.9851024208567,1210.148975791434,1556.783985102421,1848.8603351955308,1714.2867783985103,1363.0707635009312,1338.0428305400374,1506.292364990689,1495.1135940409683,1285.9236499068902,1444.826815642458,1482.1806331471137,1689.534450651769,1315.6871508379888,1199.4599627560522,1176.7094972067039,1311.8659217877096,1281.2122905027934,1711.8137802607077,2045.4748603351954,1869.0353817504656,1314.4208566108007,1367.5512104283055,1449.6443202979515,1956.9348230912476,1475.3594040968342,1471.3463687150838,1573.6145251396647,1943.5232774674116,2116.610800744879,2150.763500931099,1663.804469273743,1513.7877094972066,1350.1042830540036,1691.6685288640597,1384.2141527001863,1283.0279329608938,1077.9180633147114,1251.0409683426444,1418.6964618249535,1471.0912476722533,1534.7355679702048,1799.2513966480446,1438.2625698324023,1741.1098696461825,2175.024208566108,2353.6554934823093,1622.0148975791433,1720.512104283054,1881.4189944134077,1694.4078212290503,1569.1396648044692,1805.9217877094973,1951.4934823091248,2313.9162011173185,1644.340782122905,1930.4022346368715,2253.0093109869645,3080.947858472998,2000.9143389199255,1799.0558659217877,1745.2532588454376,1809.6219739292364,2238.8621973929235,3655.1936685288642,4729.746741154562,3578.175046554935,2790.459962756052,3419.6443202979517,2151.3612662942273,1699.4972067039107,2019.4078212290503,2941.370577281192,2460.432029795158,2769.856610800745,2519.411545623836,2678.6666666666665,2509.117318435754,3461.294227188082,2780.729981378026,1980.6536312849162,1570.6517690875232,1744.1564245810057,2285.0074487895718,2122.7951582867786,1422.683426443203,1819.0186219739292,2727.2476722532588,3914.8268156424583,2648.188081936685,3156.1415270018624,3339.1806331471134,3123.9702048417134,4318.6033519553075,3490.2793296089385,2368.9813780260706,3862.562383612663,4913.0931098696465,2853.901303538175,2191.266294227188,3340.8454376163872,5085.212290502794,5659.932960893855,4921.71322160149,3821.92364990689,2933.052141527002,3053.07635009311,4825.27374301676,6936.9851024208565,4760.9459962756055,3317.6945996275604,5012.82122905028,8475.029795158287,5852.281191806332,3587.102420856611,2166.016759776536,1885.216014897579,2056.6741154562383,3206.4227188081936,3451.5270018621973,3458.6908752327745,4172.2402234636875,6459.824953445065,4587.432029795158,2749.6629422718806,2101.849162011173,1542.020484171322,1341.4450651769087,1668.8621973929237,1649.1284916201118,2038.6871508379888,3171.0111731843576,3539.4841713221604,2154.0391061452515,1818.4432029795157,1845.6945996275606,1827.5977653631285,1456.3333333333333,1778.783985102421,2375.2718808193667,3531.5512104283052,2740.804469273743,2353.9813780260706,2389.3761638733704,1810.0837988826815,1511.4283054003724,1730.31843575419,2463.5493482309125,2542.9366852886405,1639.3109869646182,1649.1303538175046,1533.635009310987,1889.6945996275606,1435.5661080074487,1591.5195530726257,1588.4189944134077,2223.702048417132,2651.91061452514,2333.4040968342642,1855.8808193668528,1543.2737430167597,1423.0167597765362,1630.072625698324,1528.126629422719,1572.703910614525,1915.04469273743,1854.391061452514,1467.8957169459964,1530.072625698324,1337.7430167597765,1618.1657355679702,2137.6945996275604,3415.12104283054,2482.5959031657358,1687.685288640596,1615.655493482309,1540.1657355679702,1434.9310986964617,1749.4003724394786,1434.2029795158287,1541.6238361266294,1805.0558659217877,2604.2029795158287,3536.3333333333335,3702.413407821229,1870.6238361266294,1799.2271880819367,2255.6480446927376,2571.253258845438,1647.9385474860335,1508.9143389199255,1432.8882681564246,2101.3072625698323,1908.6629422718809,2156.746741154562,2639.8472998137804,2058.800744878957,1994.1862197392923,2399.1247672253257,1655.7504655493483,1702.7411545623836,2091.763500931099,2327.6703910614524,1377.9664804469273,1407.167597765363,1184.5214152700187,1318.6629422718809,1258.9627560521415,1458.873370577281,1400.3016759776535,1883.3314711359403,2826.575418994413,2448.4301675977654,1291.532588454376,1292.2011173184358,1242.3798882681565,1523.5512104283055,1223.2420856610802,1470.0316573556797,1172.8230912476722,1466.5865921787708,1350.832402234637,1277.9422718808194,1249.9143389199255,1350.3314711359403,1356.6201117318435,1901.3500931098697,2346.6964618249535,1786.5791433891993,1588.9478584729982,2619.530726256983,2687.2085661080073,1566.3929236499068,1416.1657355679702,1655.832402234637,1575.0633147113595,1566.338919925512,1232.361266294227,1539.610800744879,1883.7914338919925,2397.4711359404096,2809.6945996275604,2108.4785847299813,1440.2737430167597,1632.9385474860335,1680.2458100558658,2327.854748603352,1776.2625698324023,1804.0409683426444,1737.5288640595902,2362.918063314711,1711.975791433892,1627.3500931098697,1925.387337057728,2202.027932960894,1415.2737430167597,1469.124767225326,1706.2513966480446,2923.3817504655494,3801.9944134078214,2234.5195530726255,1762.5195530726257,1989.9608938547485,1472.852886405959,1528.5810055865923,1528.9720670391062,1714.5456238361267,1515.534450651769,1543.5754189944134,1455.2253258845437,2151.070763500931,3691.40782122905,3914.705772811918,1687.1135940409683,1501.216014897579,1333.268156424581,1379.4283054003724,1433.3780260707636,1671.8845437616387,1402.0577281191806,1999.1750465549349,1829.1582867783984,1770.0875232774674,1300.2756052141526,1285.0931098696462,1133.0353817504656,1306.9348230912476,1239.124767225326,1535.5679702048417,1758.8100558659219,1995.8342644320298,1447.8026070763501,1372.361266294227,1242.4301675977654,1543.1508379888269,1652.979515828678,1770.2346368715084,1762.4338919925513,2335.538175046555,2117.873370577281,1491.4264432029795,1379.9087523277467,1611.3929236499068,1899.2383612662943,2100.5083798882683,1988.2309124767226,2429.12104283054,1932.0037243947859,1783.87895716946,1427.4785847299813,1663.1824953445066,1810.6629422718809,1858.1787709497207,1420.072625698324,1684.1080074487895,1853.8119180633148,2894.1284916201116,4615.87895716946,5263.627560521415,1961.7281191806333,1583.461824953445,1605.659217877095,1464.0819366852886,1137.7951582867784,1394.8175046554934,1247.5530726256984,1351.536312849162,1512.9478584729982,1529.6461824953444,1221.3221601489759,1404.655493482309,1267.43947858473,1354.2495344506517,1250.9385474860335,1541.1601489757913,1431.4096834264433,1614.5791433891993,1921.463687150838,2611.9124767225326,1887.2551210428305,1335.8435754189943,1174.1862197392923,1383.391061452514,1335.072625698324,1893.167597765363,1682.8566108007449,1632.243947858473,1231.6443202979515,1579.0353817504656,1710.8175046554934,1622.0391061452515,1197.3966480446927,1304.5400372439478,1200.7746741154563,1256.0837988826815,1197.3016759776535,1391.9124767225326,1304.3724394785847,1544.026070763501,1485.5679702048417,1555.2420856610802,1404.3128491620112,1432.9664804469273,1364.3947858472998,1655.7877094972066,2356.951582867784,2151.0353817504656,1211.0055865921788,1350.9571694599626,1259.216014897579,1263.6890130353818,1202.5679702048417,1433.1154562383613,1544.8472998137802,2484.3314711359403,2443.288640595903,2018.808193668529,1539.1061452513966,1788.219739292365,1724.5400372439478,1674.1415270018622,1810.6182495344506,2619.7169459962756,3169.1117318435754,2430.6666666666665,1756.5474860335196,2200.5456238361267,2446.1098696461827,2756.3370577281194,1932.6461824953444,2105.951582867784,3422.5698324022346,4144.271880819367,1962.659217877095,1508.7355679702048,1358.366852886406,1466.6145251396647,1354.487895716946,1556.6256983240223,1318.608938547486,1454.0502793296089,1491.8603351955308,2117.733705772812,3164.512104283054,4861.104283054004,3224.5959031657358,2300.8212290502793,1893.510242085661,2372.5083798882683,1819.7430167597765,2362.63687150838,2796.7690875232774,1844.1191806331472,1471.3258845437617,1870.1005586592178,2243.610800744879,2686.9087523277467,1775.7765363128492,1830.5195530726257,2285.5903165735567,4035.8063314711358,6287.672253258846,4403.1620111731845,3108.216014897579,2832.8137802607075,2634.6945996275604,2068.6722532588456,1636.826815642458,2019.558659217877,2650.616387337058,5104.54748603352,4861.616387337058,2368.048417132216,1617.6033519553073,2044.1024208566107,2755.391061452514,4151.973929236499,2358.8640595903166,2120.277467411546,2558.106145251397,3889.4096834264433,2409.465549348231,1674.508379888268,1374.8119180633148,1517.487895716946,1577.6405959031658,2152.517690875233,2950.4022346368715,4848.443202979516,4462.163873370578,5340.966480446928,7016.6908752327745,3663.68156424581,2455.873370577281,3639.054003724395,5793.277467411545,5778.871508379888,3192.163873370577,2457.1247672253257,3276.5325884543763,6214.601489757914,7446.193668528864,3010.0335195530724,1684.538175046555,1744.7541899441342,1832.2234636871508,1867.9348230912476,1414.001862197393,1477.685288640596,1482.3500931098697,1950.487895716946,1967.7001862197392,2977.1396648044692,3653.783985102421,4643.5344506517695,3420.026070763501,4422.748603351955,7070.476722532589,5510.4264432029795,5893.219739292365,4533.067039106145,2920.6908752327745,3275.6201117318437,3742.020484171322,2236.0093109869645,1588.828677839851,1680.8826815642458,2235.610800744879,2620.0316573556797,1988.0689013035383,2180.3091247672255,1916.4767225325884,2548.290502793296,4378.344506517691,7354.188081936685,3641.6145251396647,2096.562383612663,1964.3966480446927,1780.9180633147114,1820.4264432029795,2589.054003724395,4481.62383612663,7926.316573556797,6438.556797020484,8281.363128491621,4971.919925512104,3890.8957169459964,5336.692737430168,3915.9925512104282,2142.906890130354,1898.9366852886405,1867.6238361266294,2306.3016759776538,3513.683426443203,6267.392923649907,6578.312849162011,6035.91061452514,5418.551210428305,5849.556797020484,2758.0093109869645,2592.4711359404096,2610.1527001862196,1975.0577281191806,1614.465549348231,1590.4245810055866,1600.7188081936686,1885.7448789571695,2447.0465549348232,3993.517690875233,3200.869646182495,4799.139664804469,4550.843575418994,5945.143389199255,7438.329608938548,10463.929236499069,18496.49534450652,14059.271880819368,4693.063314711359,2691.5772811918064,2614.973929236499,4540.918063314712,4677.590316573557,5669.694599627561,9877.480446927375,7675.094972067039,3437.0093109869645,1869.5698324022346,1617.0707635009312,2159.824953445065,3037.9944134078214,4990.893854748603,5040.109869646182,6378.091247672253,3577.3575418994415,1906.6219739292364,1608.927374301676,1641.4301675977654,1578.783985102421,1903.1862197392923,2292.610800744879,3369.4972067039107,6591.640595903165,5325.6815642458105,2255.3035381750465,2189.925512104283,2623.9906890130355,4615.28677839851,4587.398510242086,7817.621973929236,6525.992551210428,4341.703910614525,2046.020484171322,1772.0037243947859,1879.4115456238362,2143.387337057728,2254.5437616387335,3803.4674115456237,7445.6052141527,6218.454376163873,2573.8621973929235,1901.4376163873371,1471.8379888268157,1550.0335195530727,1531.3351955307262,1611.191806331471,1649.2346368715084,2282.7932960893854,2010.1359404096834,2000.6033519553073,2754.167597765363,2981.1378026070765,3140.6741154562383,6034.288640595903,9321.338919925513,5761.744878957169,7246.994413407821,6016.743016759777,2559.607076350093,2171.3612662942273,1803.3296089385474,2134.5270018621973,1517.9310986964617,1566.4562383612663,1514.7932960893854,1508.9590316573556,1631.4264432029795,2446.8715083798884,4191.9553072625695,8639.556797020485,5829.370577281192,3125.7243947858474,1813.6070763500932,1593.610800744879,1361.5847299813781,1349.0502793296089,1395.364990689013,1495.7690875232774,1381.001862197393,1678.3780260707636,2102.9627560521417,2902.517690875233,5460.811918063315,6104.217877094972,2468.392923649907,2108.562383612663,2022.6182495344506,2063.7523277467412,1565.5679702048417,1712.0949720670392,1601.5903165735567,1546.5195530726257,1575.7374301675977,2437.040968342644,2906.175046554935,5864.9459962756055,3489.6238361266296,1798.5288640595902,1408.5828677839852,1486.513966480447,1379.5959031657355,1487.461824953445,1440.2011173184358,1544.3929236499068,1466.4953445065178,1827.8603351955308,2189.2327746741153,4180.262569832402,4240.227188081937,2413.9162011173185,2217.554934823091,2252.163873370577,1720.6666666666667,1754.2346368715084,1500.7392923649907,1578.171322160149,1600.364990689013,2024.8230912476722,2704.3575418994415,3995.5027932960893,8890.186219739293,15705.491620111732,10934.048417132217,4342.672253258846,2265.4022346368715,2181.0595903165736,1533.783985102421,1464.3761638733706,1228.1527001862198,1355.0055865921788,1176.9199255121043,1278.1340782122904,1134.9702048417132,1283.8864059590317,1165.2774674115456,1325.9404096834264,1399.7281191806333,1740.9813780260708,1526.4599627560522,1630.0111731843576,1669.804469273743,1454.0744878957169,1346.9180633147114,1428.461824953445,1227.4748603351954,1491.8137802607077,1859.0297951582868,2836.4022346368715,1683.6536312849162,1478.048417132216,1394.9087523277467,1970.9031657355679,2122.5046554934825,2320.191806331471,1789.8435754189943,1583.7765363128492,1360.1843575418995,1772.022346368715,1296.804469273743,1591.7206703910615,2161.5716945996273,4052.5977653631285,3344.657355679702,1991.8845437616387,1335.7243947858474,1373.3966480446927,1413.7188081936686,1649.3929236499068,1240.1340782122904,1298.5828677839852,1202.2998137802608,1497.7281191806333,1950.4748603351954,1892.5512104283055,2112.052141527002,2384.0595903165736,1699.951582867784,1756.2756052141526,1561.7337057728118,1512.147113594041,1286.1433891992551,1434.1601489757913,1337.9497206703911,1734.6741154562383,1949.5493482309125,1838.072625698324,1549.9888268156424,2025.2588454376164,2475.8957169459964,2941.849162011173,2934.459962756052,2718.586592178771,1881.6238361266294,1551.5512104283055,1403.0335195530727,1554.4283054003724,1578.638733705773,1615.95530726257,1432.191806331471,1603.216014897579,1894.8566108007449,2672.633147113594,3048.6592178770948,2082.0223463687153,2256.2849162011175,2778.68156424581,2441.074487895717,2305.2309124767226,1915.9608938547485,2490.437616387337,3036.316573556797,3585.9329608938547,3049.2476722532588,2197.6201117318437,1783.0391061452515,2217.0558659217877,3366.75791433892,3355.1340782122907,2699.096834264432,2506.711359404097,1799.4189944134077,1978.6014897579144,1577.5772811918064,1884.3687150837989,2039.4227188081936,2680.906890130354,2368.096834264432,2081.7001862197394,2229.4785847299813,1910.4152700186219,1520.2495344506517,1531.2718808193667,1519.4301675977654,1863.877094972067,1720.4543761638733,1582.683426443203,1536.8472998137802,1933.1769087523278,1685.5679702048417,2410.927374301676,3196.240223463687,2183.6275605214155,1681.0912476722533,2300.217877094972,2848.119180633147,2405.506517690875,2965.750465549348,5233.417132216015,4419.3091247672255,2739.9664804469276,2455.9702048417134,2167.2327746741153,2057.6759776536314,2220.461824953445,2008.953445065177,2448.266294227188,1646.6219739292364,1788.875232774674,1915.1843575418995,1862.635009310987,2180.167597765363,3147.8398510242087,2024.3761638733706,1781.7895716945995,2014.191806331471,2721.6592178770948,3316.8435754189945,5379.854748603352,7604.067039106145,4786.011173184357,2926.106145251397,2471.5661080074487,3144.1489757914337,5932.398510242086,8510.672253258845,4182.888268156425,2533.5325884543763,3034.2569832402237,4884.843575418994,5443.782122905028,4745.806331471136,2351.824953445065,1820.8100558659219,1856.314711359404,1481.2551210428305,2128.506517690875,2169.2811918063317,4324.797020484171,3101.2718808193667,2035.1396648044692,1808.9497206703911,1948.167597765363,2543.3296089385476,3362.5027932960893,3888.7951582867786,5732.551210428305,7154.527001862198,9540.551210428306,9900.633147113595,5815.359404096835,7637.502793296089,12013.737430167597,6736.873370577281,4634.163873370578,5608.7206703910615,3694.7895716945995,3930.683426443203,3305.2029795158287,2860.4022346368715,5070.199255121043,8386.96834264432,4820.51582867784,4061.5772811918064,7905.776536312849,10441.379888268157,4468.236499068901,2710.9124767225326,3118.489757914339,4183.776536312849,10030.674115456239,12375.72625698324,5943.564245810056,6003.992551210428,8577.270018621974,5152.3389199255125,3880.8677839851025,4230.925512104283,4445.333333333333,4128.290502793296,2609.266294227188,2230.292364990689,3721.905027932961,3920.0465549348232,4115.873370577281,2664.5046554934825,2114.3854748603353,2517.081936685289,2265.7411545623836,1641.5921787709497,1875.268156424581,2458.245810055866,5096.2402234636875,4179.960893854749,2259.9646182495344,1627.6517690875232,1558.4208566108007,1579.5288640595902,2211.245810055866,3525.36312849162,5730.337057728119,2758.493482309125,2368.167597765363,2823.579143389199,4125.981378026071,7732.797020484171,6051.467411545624,3293.2011173184355,2290.106145251397,1787.5940409683426,2307.7411545623836,2650.292364990689,2152.705772811918,1909.4934823091248,2132.2067039106146,2506.40782122905,3260.223463687151,2081.510242085661,1762.901303538175,1672.3817504655494,1798.5307262569831,2084.7988826815645,1860.7430167597765,1641.4581005586592,1735.875232774674,1781.6499068901303,1690.510242085661,1526.3519553072626,1756.4003724394786,1581.124767225326,1542.2122905027934,1518.3556797020485,2547.6927374301677,3064.2141527001863,4480.398510242086,2442.122905027933,1720.1098696461825,1460.6163873370576,1726.1135940409683,1437.8417132216016,1588.122905027933,1737.3817504655494,3335.945996275605,3696.070763500931,2185.7895716945995,1706.4525139664804,2297.558659217877,4905.370577281192,3872.126629422719,1913.0707635009312,1632.7858472998137,1497.1415270018622,1555.5530726256984,1466.612662942272,1435.6312849162011,1460.7337057728118,1718.6182495344506,2460.808193668529,2246.445065176909,1571.1769087523278,1537.1396648044692,1549.216014897579,1709.0316573556797,1519.5865921787708,2317.7150837988825,2074.188081936685,2889.437616387337,5437.644320297952,7408.111731843575,3332.633147113594,2192.68156424581,1753.782122905028,1650.1843575418995,1444.6219739292364,2006.9832402234638,2298.3500931098697,3610.424581005587,3472.5270018621973,2126.3947858472998,1609.5623836126629,1462.2905027932961,1240.9366852886405,1326.2662942271882,1190.1880819366852,1331.4320297951583,1437.6033519553073,1950.6685288640597,1336.513966480447,1244.1322160148975,1074.217877094972,1160.1899441340781,1081.4543761638733,1185.6983240223465,1116.1824953445066,1346.8417132216016,1322.4227188081936,2112.0074487895718,2979.9329608938547,8073.990689013035,10605.84729981378,5561.927374301676,3186.6703910614524,2053.143389199255,1426.0074487895718,1426.4785847299813,1552.756052141527,1559.0521415270018,1216.467411545624,1318.3258845437617,1150.7858472998137,1295.1527001862198,1704.5530726256984,2795.588454376164,2260.7206703910615,1637.854748603352,1413.3575418994412,1510.8230912476722,1269.0316573556797,1334.6312849162011,1266.2402234636872,1438.8808193668528,1311.2830540037244,1527.9664804469273,1346.9683426443203,1558.2402234636872,1797.5456238361267,2131.683426443203,2261.8677839851025,2522.1080074487895,1677.2234636871508,1570.3314711359403,1318.4096834264433,1381.4953445065178,1359.7337057728118,1857.4785847299813,2314.415270018622,1853.147113594041,1418.0353817504656,1447.6871508379888,1441.7709497206704,1448.6499068901303,1181.6312849162011,1176.5959031657355,1349.703910614525,1435.3743016759777,1338.685288640596,1825.9944134078212,1550.1880819366852,1626.344506517691,1809.171322160149,1679.1973929236499,1541.5307262569831,1647.6536312849162,1560.4040968342645,1870.3296089385474,1673.4562383612663,2325.756052141527,1782.098696461825,1488.5884543761638,1349.5270018621975,1827.9329608938547,1202.8417132216016,1398.6312849162011,1264.1433891992551,1456.875232774674,1540.8882681564246,1653.3463687150838,1563.808193668529,1636.7579143389198,1326.4134078212292,1406.2346368715084,1489.2756052141526,1564.635009310987,1268.6703910614526,1401.9404096834264,1683.513966480447,1818.3947858472998,2217.707635009311,1944.832402234637,1705.2458100558658,1590.6499068901303,1349.977653631285,1453.098696461825,1368.7281191806333,1518.1564245810057,1313.6908752327747,1441.9087523277467,1449.8491620111731,1460.4376163873371,1275.705772811918,1406.1508379888269,1284.9906890130353,1801.8361266294228,1286.783985102421,1436.655493482309,1624.6238361266294,2135.0130353817503,1573.4841713221601,1687.826815642458,1941.534450651769,3467.253258845438,3140.9534450651768,4674.374301675977,3038.3091247672255,2300.513966480447,1794.9627560521415,1598.9329608938547,1428.2513966480446,1512.2774674115456,1237.2290502793296,1352.558659217877,1234.4134078212292,1427.8603351955308,1463.4227188081936,2138.586592178771,3006.739292364991,2816.366852886406,3224.811918063315,2531.2588454376164,1860.4059590316574,1832.5828677839852,1763.8119180633148,2251.122905027933,3593.783985102421,3171.776536312849,1861.2476722532588,1759.320297951583,1473.8417132216016,1586.9348230912476,1716.826815642458,1656.7653631284916,1473.854748603352,1589.0391061452515,1404.68156424581,1487.0837988826815,1775.3798882681565,3450.1378026070765,6069.912476722533,4316.875232774674,2958.048417132216,2964.8417132216014,2251.094972067039,1882.8342644320298,1699.9851024208567,2012.3687150837989,1855.9068901303538,1941.6983240223465,2893.4264432029795,5297.7504655493485,3067.959031657356,2350.75791433892,2571.6461824953444,3285.0074487895718,3061.391061452514,2437.607076350093,3009.36312849162,5829.271880819367,3338.0297951582866,2793.63687150838,3587.7690875232774,6980.98696461825,11831.446927374302,6733.918063314712,3616.2141527001863,2783.677839851024,2616.9366852886405,2508.2476722532588,2354.6424581005585,2341.808193668529,2874.6387337057727,6466.783985102421,4534.932960893855,3002.5027932960893,2734.9664804469276,2629.973929236499,2051.487895716946,2256.346368715084,3708.048417132216,6544.01303538175,5915.7206703910615,3504.1936685288642,2430.2346368715084,1969.022346368715,1678.3035381750465,2233.677839851024,4108.770949720671,4215.618249534451,3463.664804469274,6060.966480446928,4943.122905027933,4054.1657355679704,5251.238361266294,10430.474860335196,11674.601489757913,7840.811918063315,5872.139664804469,3600.9608938547485,2425.0055865921786,2049.657355679702,1806.7355679702048,2216.1359404096834,1837.0893854748604,1794.4525139664804,2121.065176908752,1918.7113594040968,1573.0502793296089,1650.3463687150838,1583.366852886406,2034.5195530726257,2234.6964618249535,2527.616387337058,2470.6014897579144,2931.7169459962756,5493.294227188082,16455.17132216015,22922.780260707634,12456.644320297952,7854.106145251397,6350.886405959031,7495.19739292365,10468.104283054005,7024.3873370577285,7938.517690875233,4752.405959031657,3675.6554934823093,3802.43947858473,3102.68156424581,2307.9664804469276,2166.3743016759777,2161.3538175046556,3577.2029795158287,2901.2569832402237,3590.616387337058,4982.608938547486,3743.975791433892,2718.4022346368715,2171.2793296089385,1699.5232774674116,1776.63687150838,1718.6461824953444,1985.1061452513966,1856.5623836126629,1987.3929236499068,2380.4189944134077,2365.5567970204843,2808.1284916201116,3142.0335195530724,2164.2811918063317,2187.5027932960893,2037.5456238361267,1970.7337057728118,1716.4506517690875,2275.6592178770948,1926.7430167597765,3507.4543761638733,9187.500931098697,7502.687150837989,4058.7188081936683,2789.711359404097,2336.4059590316574,2876.824953445065,2383.689013035382,2171.811918063315,2008.9106145251396,2993.411545623836,2446.7001862197394,2166.322160148976,2154.554934823091,2349.5493482309125,3087.437616387337,7259.297951582867,12991.640595903165,10091.10242085661,11313.594040968343,6139.806331471136,3906.0372439478583,2946.68156424581,2145.5232774674114,1895.491620111732,1727.2886405959032,1867.608938547486,1889.1061452513966,2163.854748603352,2111.931098696462,2530.3240223463686,2017.9459962756052,2703.91061452514,3194.1489757914337,2494.731843575419,1964.2364990689014,1848.344506517691,1820.9050279329608,2238.1042830540036,2787.918063314711,4756.865921787709,10658.540037243947,8570.487895716946,4478.586592178771,3430.0875232774674,2972.579143389199,2492.510242085661,2047.558659217877,2370.270018621974,3086.3202979515827,2654.7281191806333,3380.633147113594,6717.610800744879,10064.413407821228,6454.797020484171,3613.3202979515827,2680.0391061452515,2329.277467411546,2011.8026070763501,1577.6014897579144,1651.1061452513966,1418.0297951582868,1901.3817504655494,1437.5512104283055,1921.7262569832403,2092.4227188081936,2061.959031657356,2738.0670391061453,2422.3016759776538,1931.4245810055866,2416.5977653631285,2219.9981378026073,2099.5288640595904,2175.8919925512105,2139.4674115456237,1715.3854748603353,1945.875232774674,2276.705772811918,4284.886405959031,9050.005586592179,5783.6610800744875,3643.746741154562,2785.2793296089385,2672.3370577281194,2301.387337057728,1718.0148975791433,1741.8472998137802,1834.8603351955308,1905.6945996275606,1982.1787709497207,3767.2960893854747,9534.890130353817,7132.10800744879,4661.374301675977,4126.080074487896,3551.95530726257,4860.927374301676,3939.657355679702,6999.497206703911,18253.743016759778,15385.797020484171,8930.128491620111,7043.940409683427,4539.957169459963,3985.804469273743,4838.454376163873,4138.029795158287,2840.2718808193667,2760.934823091248,3900.19739292365,8068.489757914339,7526.378026070764,4511.063314711359,3287.8379888268155,3127.5698324022346,4751.510242085661,9124.912476722533,6435.3389199255125,6023.417132216015,4249.631284916201,3342.9329608938547,3155.7858472998137,5159.2104283054005,10847.001862197392,12981.495344506518,14214.635009310987,9378.806331471136,5670.776536312849,4203.601489757914,3075.6424581005585,3222.31843575419,3746.6685288640597,2734.8193668528866,2393.1731843575417,2557.534450651769,2369.1527001862196,2006.7951582867784,1765.294227188082,1825.5903165735567,1481.4581005586592,1636.292364990689,1995.9385474860335,2808.5716945996273,3793.7858472998137,7034.310986964619,11295.061452513966,20068.63873370577,12247.56052141527,8829.322160148975,10210.251396648046,7690.830540037244,8475.422718808193,12962.899441340782,7455.716945996275,4927.461824953445,3513.7206703910615,2880.905027932961,2140.3761638733704,2331.5530726256984,1733.195530726257,1892.7746741154563,2626.653631284916,6932.340782122905,17913.612662942272,12396.456238361267,7333.379888268157,5573.148975791434,4275.474860335195,4433.599627560521,6933.195530726257,19445.51396648045,35076.91806331471,20899.245810055865,13121.208566108007,10835.70763500931,7155.666666666667,5880.785847299814,6197.843575418994,4589.134078212291,4969.031657355679,4448.378026070764,3418.664804469274,3120.0130353817503,2524.975791433892,2991.6908752327745,3443.59217877095,3207.92364990689,4755.830540037244,14746.543761638733,29555.374301675976,20023.096834264434,11953.359404096835,8108.446927374302,6510.188081936685,9083.221601489759,16802.839851024208,21716.649906890132,18321.540037243947,17710.7895716946,14838.130353817505,10011.912476722533,8572.512104283054,7838.145251396648,5163.703910614525,3363.392923649907,2692.3798882681563,2367.7616387337057,2042.2588454376164,2278.6517690875235,2861.4748603351954,3471.31843575419,4831.6908752327745,3642.6052141527002,2666.8621973929235,2358.396648044693,2117.8193668528866,2026.0502793296089,1873.0055865921788,2475.9869646182497,2767.661080074488,2342.7858472998137,1863.6871508379888,2300.951582867784,2618.6219739292364,4343.6517690875235,6012.042830540037,4697.091247672253,4034.8435754189945,7494.141527001862,9728.711359404097,10117.208566108007,11065.186219739293,7108.145251396648,8101.409683426443,17693.79515828678,14880.108007448789,14692.212290502794,11357.24208566108,7083.931098696462,5408.994413407821,4500.71322160149,3506.759776536313,3187.175046554935,3047.6983240223462,3156.1489757914337,2571.387337057728,2783.288640595903,3323.070763500931,5051.391061452514,9236.169459962755,18112.167597765365,18119.949720670393,10836.147113594041,7165.266294227188,7520.270018621974,10709.253258845438,9476.338919925513,6349.770949720671,5924.804469273743,4491.940409683427,3756.413407821229,3608.9776536312847,2818.3854748603353,2084.3240223463686,1949.3258845437617,1728.6033519553073,1800.8435754189943,1539.808193668529,1822.1024208566107,2911.3445065176907,6411.3389199255125,17888.18621973929,18174.66294227188,11347.562383612663,8054.281191806332,6334.437616387337,6578.500931098696,5397.398510242086,4192.519553072626,3804.1843575418993,3776.0558659217877,3407.212290502793,4555.91061452514,4616.998137802607,3299.9404096834264,3397.949720670391,6600.6033519553075,4375.635009310987,3084.4804469273745,2280.074487895717,2442.3724394785845,2958.6517690875235,2961.4022346368715,2541.117318435754,3073.0,3689.5698324022346,3364.2867783985103,5205.832402234637,15158.791433891993,13655.89757914339,9287.57355679702,10698.467411545624,9488.763500931098,6990.56052141527,8454.89757914339,6568.307262569832,4188.364990689013,2887.9776536312847,2571.7895716945995,2012.0763500931098,2251.0055865921786,2754.1843575418993,2769.7709497206706,2341.249534450652,2187.91061452514,1909.8417132216016,1916.8715083798882,2222.054003724395,2896.6983240223462,1904.338919925512,1774.8882681564246,1502.1117318435754,1506.3500931098697,1649.6480446927374,1883.3333333333333,1797.216014897579,2055.947858472998,1671.1843575418995,1735.2737430167597,1741.2532588454376,2252.065176908752,2315.869646182495,2217.3798882681563,2976.2476722532588,5017.648044692737,4442.480446927374,3245.6238361266296,2348.9404096834264,1970.487895716946,1697.4711359404098,1814.147113594041,1633.8454376163872,1792.7951582867784,1727.3035381750465,1759.8230912476722,2428.0093109869645,3084.6908752327745,5750.271880819367,5911.418994413408,4076.392923649907,4595.687150837989,8048.782122905028,7653.299813780261,5729.756052141527,5152.251396648045,7009.845437616387,6537.787709497206,5499.150837988826,5983.176908752328,4648.508379888268,3843.119180633147,5565.763500931099,5765.100558659218,7900.800744878957,12172.811918063315,7957.232774674116,6364.303538175047,6892.862197392924,5374.2793296089385,4463.1322160148975,3294.469273743017,2344.8919925512105,2197.126629422719,2427.4990689013034,5038.826815642458,6137.195530726257,5475.128491620112,4268.83426443203,3089.4301675977654,2551.3556797020483,3303.880819366853,2889.9813780260706,2905.5158286778396,2190.7448789571695,2076.243947858473,2594.368715083799,5840.98696461825,5407.188081936685,4052.469273743017,3018.145251396648,3476.783985102421,4223.359404096835,4997.270018621974,6540.331471135941,10021.51582867784,6580.26070763501,6747.75791433892,9418.852886405959,10829.284916201117,10036.22905027933,14377.081936685288,9148.333333333334,5923.558659217877,4622.996275605215,3580.8398510242087,2417.8193668528866,1928.3463687150838,1484.217877094972,1445.4804469273743,1323.6908752327747,1716.8696461824954,2982.947858472998,4407.962756052141,3169.338919925512,2968.2811918063317,3021.2476722532588,4377.268156424581,13164.378026070763,19590.03910614525,12268.10242085661,9561.271880819368,9405.772811918063,12820.756052141527,8565.78398510242,5957.52886405959,5963.737430167598,4392.437616387337,3186.735567970205,3077.657355679702,6046.851024208566,13254.206703910615,12764.918063314712,7903.912476722533,5055.659217877095,4140.646182495345,4220.359404096835,4014.7169459962756,3505.8677839851025,6164.62383612663,8419.793296089385,12478.30540037244,11936.873370577281,25883.916201117318,30297.430167597766,19918.856610800744,15500.636871508379,22741.180633147113,18839.761638733708,13607.56052141527,9033.677839851025,6805.035381750466,5402.6052141527,4233.774674115456,2992.4953445065175,2729.5772811918064,3739.711359404097,9786.754189944135,14346.489757914338,9951.68156424581,8988.534450651769,19662.538175046557,22492.89944134078,15050.793296089385,10801.100558659218,12047.130353817505,17636.258845437616,21793.93668528864,29120.283054003725,19128.89199255121,11629.00744878957,7746.299813780261,5418.048417132216,4050.2551210428305,3838.1080074487895,4418.806331471136,3144.918063314711,2538.832402234637,2081.7672253258847,2527.0093109869645,3236.7914338919927,5467.964618249534,16269.290502793296,18035.234636871508,11289.517690875233,8952.532588454376,7690.932960893855,5707.275605214153,3986.048417132216,3204.1042830540036,3387.7951582867786,9882.054003724395,16104.588454376164,10638.990689013035,10688.3947858473,11524.571694599628,9050.75232774674,15579.806331471136,14606.66852886406,9218.275605214152,5785.752327746741,4172.417132216015,3623.223463687151,2987.6703910614524,2076.3947858472998,1811.0409683426444,1566.9813780260708,1540.6182495344506,1546.2774674115456,1644.7988826815642,1937.4208566108007,2264.5437616387335,1797.4115456238362,2334.0372439478583,2097.7895716945995,2080.6201117318437,2306.540037243948,2411.6722532588456,2335.130353817505,2065.774674115456,1712.1173184357542,1891.3575418994412,1779.8435754189943,1889.5270018621975,1524.4134078212292,1364.56052141527,1436.489757914339,1570.7653631284916,2455.8156424581007,4626.016759776537,4815.674115456239,6218.009310986965,12078.324022346369,8919.571694599628,6260.2011173184355,6055.512104283054,6459.374301675977,4778.305400372439,3462.0465549348232,3041.4264432029795,2575.6666666666665,2931.1396648044692,3774.8901303538173,7472.970204841713,13430.934823091247,9435.772811918063,6081.851024208566,5190.655493482309,7830.7895716945995,9820.398510242087,13427.893854748603,14775.014897579144,14950.474860335196,9382.798882681564,6374.6517690875235,5618.275605214153,4443.158286778398,3198.4189944134077,2505.9608938547485,2434.1359404096834,2809.1731843575417,6954.266294227188,6942.405959031657,7374.119180633147,7648.493482309124,6917.15270018622,5143.782122905028,4572.549348230912,3579.0912476722533,2828.4301675977654,2510.5940409683426,2525.24208566108,2535.437616387337,4393.966480446928,11448.476722532589,10058.091247672253,7290.674115456239,7152.756052141527,12690.689013035382,26112.029795158287,19475.62383612663,12444.621973929237,8549.344506517691,6456.675977653631,5147.415270018622,6237.256983240223,17954.54189944134,28743.314711359402,22856.938547486032,15569.469273743016,10251.84729981378,7613.476722532589,7282.277467411545,14989.84729981378,15602.50279329609,18684.256983240222,27557.947858473,19926.569832402234,17308.79143389199,26953.588454376164,20934.35754189944,13369.33147113594,8745.864059590316,6117.707635009311,4671.167597765363,3494.2383612662943,2762.1843575418993,3155.6275605214155,4367.901303538175,10063.424581005587,19785.202979515827,13888.266294227187,8829.633147113595,7174.972067039106,6101.3389199255125,4571.934823091247,3562.6927374301677,3613.106145251397,5426.206703910614,7573.219739292365,17377.716945996275,28618.15270018622,25051.297951582867,15370.970204841713,10579.670391061452,10337.98137802607,7408.579143389199,4923.653631284917,3856.5195530726255,3604.290502793296,4339.407821229051,7137.826815642458,5523.994413407821,4001.5772811918064,3111.4432029795157,3584.9776536312847,10183.186219739293,13278.910614525139,11376.2104283054,7873.035381750466,5571.204841713222,5451.981378026071,3943.8268156424583,3148.856610800745,2719.8901303538173,2681.243947858473,3980.1824953445066,11917.117318435754,11266.195530726258,7308.405959031657,5095.288640595903,5230.994413407821,10046.221601489759,22472.906890130354,21077.56052141527,13533.597765363129,9120.80260707635,6315.72625698324,4413.8156424581,3473.4506517690875,2971.5996275605216,2980.6480446927376,6566.89199255121,12479.270018621974,8375.109869646183,6725.5344506517695,6215.4562383612665,4766.577281191806,3316.95530726257,2982.3947858472998,2787.683426443203,2628.9329608938547,2357.6219739292364,3852.0856610800747,9514.711359404097,13589.366852886405,9733.867783985103,8298.785847299814,5408.9851024208565,3902.9646182495344,3063.40782122905,2703.9981378026073,2503.1378026070765,5827.549348230912,17833.026070763503,24329.16573556797,16627.227188081935,10298.227188081937,6719.52886405959,4844.571694599627,3429.8659217877093,2723.808193668529,2542.653631284916,3331.4990689013034,2998.096834264432,3389.584729981378,3984.219739292365,8219.16573556797,18698.7895716946,21852.43389199255,17510.96834264432,15684.268156424581,20062.549348230914,14098.132216014897,8631.929236499069,5996.664804469274,4557.72625698324,3827.705772811918,3316.536312849162,3276.685288640596,4788.480446927374,4737.353817504655,3745.6480446927376,5420.903165735568,11486.009310986965,8512.729981378026,5596.026070763501,5851.916201117318,7968.283054003725,6286.981378026071,7892.454376163873,13686.420856610801,9814.899441340782,6625.353817504655,4604.355679702048,5042.189944134078,13956.690875232774,15419.264432029795,10567.405959031657,7150.579143389199,5534.938547486034,6009.243947858473,8093.163873370578,8117.947858472998,5613.459962756052,4942.618249534451,3296.5493482309125,2836.2011173184355,2885.072625698324,2485.2383612662943,2263.1936685288642,2004.7486033519554,1637.217877094972,1540.977653631285,1750.1098696461825,2228.763500931099,1810.5698324022346,1740.998137802607,1481.148975791434,2077.6554934823093,4153.959031657356,4597.007448789572,4318.160148975791,6258.2793296089385,5398.1620111731845,6690.392923649907,12107.409683426444,8793.236499068902,5873.4562383612665,4965.778398510242,10674.9739292365,11946.891992551211,7228.5735567970205,4824.981378026071,3784.6629422718806,4727.3091247672255,4740.420856610801,3855.3985102420856,5429.0540037243945,13972.59217877095,10810.70018621974,7583.143389199255,7407.718808193668,14587.208566108007,11354.19739292365,7264.597765363129,4863.886405959031,4464.968342644321,3774.171322160149,3594.43947858473,2493.8621973929235,2107.0633147113595,2872.1862197392925,3160.4841713221604,2402.2569832402237,2375.9124767225326,1968.8007448789572,1748.1154562383613,1382.8193668528863,1423.124767225326,1407.1173184357542,2326.4748603351954,2466.4767225325886,2522.564245810056,2975.6685288640597,2662.7970204841713,2236.877094972067,2252.6424581005585,2475.6443202979517,2534.3296089385476,1786.0037243947859,2039.3854748603353,2800.608938547486,3774.316573556797,4847.849162011174,5504.944134078212,4663.951582867784,4992.182495344507,4217.998137802607,4894.415270018622,3551.9329608938547,3903.685288640596,3806.221601489758,3036.264432029795,2410.195530726257,2212.811918063315,2302.5437616387335,3799.782122905028,9232.791433891993,9009.441340782123,5899.307262569832,4097.871508379888,2944.979515828678,2313.3743016759777,1831.532588454376,1833.1378026070763,1854.3351955307262,2193.8417132216014,1969.953445065177,2524.629422718808,2495.6703910614524,2433.191806331471,2122.3333333333335,2223.8268156424583,3794.482309124767,6263.72625698324,6401.513966480447,6346.7597765363125,5561.186219739292,8861.77094972067,19665.620111731845,14583.0260707635,9706.849162011173,7429.689013035381,5882.199255121043,3881.420856610801,2696.903165735568,2304.517690875233,2064.020484171322,1877.1899441340781,1536.6163873370576,1650.1769087523278,1991.8715083798882,2736.1564245810055,3669.31843575419,4458.5046554934825,3009.1806331471134,2304.6983240223462,1751.6033519553073,1611.538175046555,1372.7728119180633,2109.297951582868,2285.126629422719,2032.9143389199255,1704.1080074487895,2980.5772811918064,2848.661080074488,2373.0837988826815,2212.102420856611,2501.411545623836,2068.7169459962756,1710.3780260707636,1382.3500931098697,1382.7355679702048,1222.8621973929237,1559.2290502793296,1625.0689013035383,1622.7467411545624,1409.5549348230913,1378.5884543761638,1215.5437616387337,1302.046554934823,1227.6517690875232,1539.7635009310986,1298.2234636871508,1550.2402234636872,1871.3072625698323,2238.540037243948,4855.722532588455,7149.491620111732,6012.744878957169,4036.1042830540036,2667.582867783985,2319.163873370577,1995.998137802607,1951.8603351955308,1806.0949720670392,1713.5623836126629,1459.1135940409683,1607.0521415270018,1921.441340782123,4478.236499068901,15540.147113594041,13111.689013035382,8483.493482309124,6428.065176908753,4920.841713221602,3384.8510242085663,2343.579143389199,2524.1582867783986,3792.2141527001863,2953.459962756052,2186.482309124767,1898.3016759776535,1558.0186219739292,1458.8864059590317,1370.3054003724394,2036.5661080074487,3688.2290502793294,3442.240223463687,2343.7132216014897,2057.2271880819367,2330.432029795158,2837.5158286778396,2286.277467411546,2144.3612662942273,1650.4804469273743,1627.9497206703911,1340.2905027932961,1422.6294227188082,1837.3966480446927,4048.5474860335194,3071.513966480447,2260.7988826815645,1728.7616387337057,1887.0502793296089,2429.223463687151,2161.664804469274,1636.9664804469273,1562.6312849162011,1202.8640595903166,1183.806331471136,1227.8454376163872,1314.661080074488,1540.998137802607,2566.8957169459964,6226.582867783985,6584.091247672253,4564.549348230912,4116.567970204842,5243.487895716946,5135.37616387337,3635.9441340782123,4310.47113594041,3119.7616387337057,2546.0148975791435,1842.532588454376,1629.489757914339,1329.3985102420856,1382.3687150837989,1177.0800744878957,1347.7895716945995,1267.8677839851025,1633.5791433891993,1999.8379888268157,2410.558659217877,1882.1620111731843,1697.4134078212292,1591.4841713221601,2434.6443202979517,3340.065176908752,5478.154562383613,21023.398510242085,36297.696461824955,22802.998137802606,13401.290502793296,8427.519553072625,5552.2402234636875,3410.24208566108,2402.5270018621973,1692.0782122905027,1614.4487895716945,1441.3836126629424,1586.4823091247672,1706.8864059590317,1830.705772811918,1651.7672253258845,1690.901303538175,2008.685288640596,2520.608938547486,2011.344506517691,1904.3687150837989,1574.8398510242087,1707.5847299813781,1894.5921787709497,2100.8994413407822,1805.5046554934822,1887.9162011173185,1600.2122905027934,1674.8119180633148,1697.6908752327747,2909.6275605214155,5048.290502793296,16389.351955307262,30045.022346368714,18754.77094972067,10770.882681564246,7219.532588454376,4668.817504655493,3963.316573556797,4573.4562383612665,5104.6126629422715,4410.512104283054,3154.8994413407822,2255.1601489757913,2272.1899441340784,3432.31843575419,9504.702048417132,27792.551210428304,19784.87895716946,11006.52141527002,7480.441340782123,5325.6126629422715,4318.832402234637,3019.927374301676,2609.8603351955308,3665.8584729981376,4487.491620111732,2943.9869646182497,2579.0186219739294,2315.95530726257,2157.5195530726255,2339.437616387337,2413.610800744879,1890.1135940409683,1634.979515828678,1450.4003724394786,1431.5716945996276,1567.9683426443203,1944.9925512104282,2775.5288640595904,4072.130353817505,3816.983240223464,2787.8472998137804,2129.335195530726,1922.5549348230913,1459.8677839851025,1401.169459962756,1275.3221601489759,1382.2513966480446,1211.0931098696462,1267.2774674115456,1246.927374301676,1310.3947858472998,1302.2867783985103,1419.169459962756,1106.998137802607,1171.2458100558658,1076.2551210428305,1305.463687150838,1587.851024208566,2013.6927374301677,1593.2327746741155,1531.780260707635,1932.338919925512,2041.124767225326,1521.1880819366852,1390.5158286778399,1413.243947858473,1628.0893854748604,1709.7262569832403,1563.387337057728,1205.5418994413408,1233.510242085661,1212.875232774674,1591.0093109869647,1377.6890130353818,1294.828677839851,1225.1415270018622,1503.512104283054,2074.4729981378027,3597.1899441340784,2396.6256983240223,1973.1973929236499,2036.4785847299813,3031.808193668529,2036.3724394785847,1646.3370577281191,1343.1973929236499,1360.852886405959,1476.0949720670392,1693.5027932960893,1467.5735567970205,2115.854748603352,1800.7653631284916,1521.4022346368715,1239.1582867783984,1236.9441340782123,1200.657355679702,1810.0558659217877,6044.5735567970205,6187.091247672253,3783.4338919925513,3085.4804469273745,2254.746741154562,1805.2811918063314,1957.8975791433893,2099.1396648044692,1656.3054003724394,1636.6275605214153,1440.3594040968342,1343.6741154562383,1283.703910614525,1933.6145251396647,2073.657355679702,1813.7243947858474,2701.934823091248,2862.832402234637,1833.2569832402235,1623.5698324022346,1270.124767225326,1280.486033519553,1370.7486033519554,3040.629422718808,13779.01862197393,12805.56052141527,7886.893854748603,5275.901303538175,4727.022346368715,6221.601489757914,3741.5996275605216,2432.236499068901,2160.04469273743,3039.07635009311,2305.1601489757913,1729.0931098696462,1303.1322160148975,1274.6033519553073,1185.1787709497207,1259.3035381750465,1143.4562383612663,1263.361266294227,1462.3780260707636,2191.931098696462,8377.787709497206,21252.398510242085,15153.931098696461,8075.268156424581,4740.947858472998,3025.931098696462,1922.9497206703911,2013.2756052141526,2554.0428305400374,2051.5698324022346,1772.512104283054,2239.288640595903,1922.169459962756,1721.9962756052141,1386.877094972067,1569.9702048417132,1681.3724394785847,1678.7951582867784,2166.1843575418993,4821.10800744879,7453.828677839851,6320.2011173184355,4000.417132216015,3235.780260707635,4832.6424581005585,4170.264432029795,3966.052141527002,3541.424581005587,3018.3202979515827,2307.3091247672255,1740.538175046555,1546.5065176908752,1331.5065176908752,1301.5791433891993,1078.1322160148975,1110.6964618249535,1074.3724394785847,1156.0074487895718,1058.2644320297952,1244.7281191806333,1059.0130353817506,1122.4301675977654,961.1769087523278,1115.854748603352,1158.8901303538175,1382.3966480446927,1246.9571694599626,1284.508379888268,1307.6145251396647,2167.4283054003727,2213.3202979515827,2852.607076350093,2842.392923649907,2550.8957169459964,2198.906890130354,1875.1173184357542,1889.6648044692738,2998.7150837988825,4121.63687150838,3741.6685288640597,2937.931098696462,2564.1117318435754,1996.9702048417132,1742.0521415270018,1455.9217877094973,1390.612662942272,1270.6703910614526,1658.1154562383613,4925.778398510242,7894.696461824953,5089.729981378026,3415.869646182495,2198.3556797020483,1992.0558659217877,3299.5437616387335,2994.1657355679704,2173.9143389199253,3166.0670391061453,9118.648044692738,12470.54748603352,10900.372439478584,6114.087523277467,3612.432029795158,2565.6722532588456,1903.2774674115456,2897.6238361266296,7021.648044692737,5238.981378026071,2915.811918063315,2017.1638733705772,1468.389199255121,1360.2886405959032,1712.6778398510241,3398.0,3359.016759776536,3151.199255121043,2272.8677839851025,2782.8510242085663,8592.162011173185,13658.316573556796,14637.150837988827,7922.575418994414,4382.113594040969,3548.3612662942273,6101.554934823092,16687.085661080073,10491.277467411546,5392.478584729982,4311.176908752328,3561.2513966480446,2071.918063314711,1756.7392923649907,1350.5046554934822,1499.9571694599626,1716.316573556797,1547.783985102421,1454.0037243947859,1731.4320297951583,1576.2067039106146,2317.1620111731845,4563.083798882682,3342.579143389199,1862.6517690875232,1506.8621973929237,1170.633147113594,1345.5810055865923,1667.655493482309,1439.5884543761638,1153.171322160149,1430.3966480446927,2086.8379888268155,2225.093109869646,1977.0428305400374,2917.5716945996273,2176.972067039106,2302.074487895717,5280.644320297952,4437.385474860335,2773.6499068901303,2006.7746741154563,1673.489757914339,3906.5493482309125,3671.5567970204843,2417.0335195530724,2508.661080074488,3714.245810055866,3088.979515828678,3811.2141527001863,3548.3780260707636,3426.0,6885.670391061452,11719.067039106145,7236.513966480447,4012.3743016759777,2373.8957169459964,1904.0540037243948,1391.340782122905,1331.4320297951583,1175.7932960893854,1269.8156424581005,1413.7001862197392,3748.5716945996273,7711.554934823092,5227.925512104283,3012.292364990689,4427.1843575419,12648.333333333334,9906.232774674116,4853.549348230912,3211.7728119180633,2998.87895716946,4525.826815642458,4362.700186219739,3608.292364990689,2446.150837988827,1793.5698324022346,1249.2513966480446,1118.022346368715,1120.6070763500932,1284.826815642458,1122.098696461825,1097.5567970204843,1325.1750465549349,2135.1154562383613,1928.3258845437617,1748.7001862197392,2385.5325884543763,4597.3482309124765,3786.1415270018624,2621.342644320298,2021.171322160149,6101.787709497206,15004.137802607076,20667.817504655493,12004.266294227187,5341.91061452514,2586.40782122905,1735.7690875232774,1285.705772811918,1845.6275605214153,1684.9646182495344,1420.4152700186219,1164.04469273743,1196.1843575418995,1071.508379888268,1154.7355679702048,1134.9310986964617,1445.6945996275606,1628.5307262569831,3188.1080074487895,15149.782122905028,23664.292364990688,12466.249534450651,5457.268156424581,2870.8156424581007,1898.5251396648046,1379.657355679702,1437.826815642458,1351.6201117318435,1324.2756052141526,1199.026070763501,1208.491620111732,1320.9813780260708,1612.7783985102421,1846.2104283054005,1790.0111731843576,1485.877094972067,1567.173184357542,1733.7094972067039,4762.266294227188,17122.96648044693,31031.543761638735,22050.156424581004,9425.599627560521,4243.644320297952,2539.0223463687153,1954.6443202979515,2024.3854748603353,1467.8212290502793,1308.852886405959,1171.3463687150838,1161.167597765363,1047.1117318435754,1205.2271880819367,1009.7392923649907,1051.3296089385474,1189.486033519553,1209.2774674115456,1119.4320297951583,1580.7374301675977,4716.36312849162,6808.193668528864,3636.070763500931,1977.1061452513966,1306.4990689013036,1278.1135940409683,1514.6424581005588,1516.953445065177,1207.635009310987,1288.7951582867784,1137.9143389199255,1270.2513966480446,1123.0297951582868,1332.1042830540036,1503.5493482309125,1625.5549348230913,1376.4320297951583,1432.461824953445,1238.9124767225326,1274.195530726257,1279.4450651769087,3707.435754189944,8964.953445065177,7516.160148975791,3280.996275605214,1870.852886405959,1258.1098696461825,1133.3966480446927,1209.6759776536312,1756.0279329608938,2593.9441340782123,7639.8081936685285,9756.951582867783,5476.085661080075,2683.9608938547485,1785.6666666666667,1346.171322160149,1418.4376163873371,1201.320297951583,1194.6648044692738,1082.4543761638733,1253.3296089385474,1415.756052141527,1826.5251396648046,1663.5158286778399,2030.1582867783984,5775.216014897579,19371.92364990689,22906.283054003725,11959.359404096835,5726.668528864059,3363.7188081936683,1908.4934823091248,1468.4729981378025,1047.0037243947859,1140.5418994413408,979.2420856610801,1040.6424581005588,1010.9292364990689,1432.538175046555,3563.040968342644,5152.551210428305,3163.3370577281194,1783.4040968342645,1249.1191806331472,1159.1378026070763,1007.022346368715,1083.2085661080075,953.7020484171322,1078.9050279329608,934.391061452514,1125.5828677839852,1068.7281191806333,1135.292364990689,1132.7486033519554,1144.8640595903166,1022.1247672253259,1331.6070763500932,1929.4785847299813,7661.186219739292,19472.56052141527,23517.443202979517,12274.493482309124,5624.182495344507,2873.3296089385476,1896.0074487895718,1220.8007448789572,1188.532588454376,1021.7653631284916,1101.7486033519554,917.3109869646182,1013.6945996275605,1067.463687150838,1107.0782122905027,1011.6685288640596,1074.5232774674116,973.9683426443203,1080.6145251396647,963.0800744878957,1122.7895716945995,1800.977653631285,3046.635009310987,3324.783985102421,2161.735567970205,1330.292364990689,1170.7523277467412,983.6275605214153,1089.2029795158287,947.0521415270018,1055.9832402234638,966.8100558659218,1040.3575418994412,1053.0819366852886,1216.538175046555,1187.366852886406,1211.7430167597765,1058.6275605214153,1163.0763500931098,1040.3929236499068,1199.6145251396647,1118.9050279329608,1158.6405959031658,968.5474860335196,1050.8119180633148,1097.6238361266294,1037.851024208566,999.193668528864,1153.8957169459964,1251.7970204841713,1992.7486033519554,2491.065176908752,3016.0335195530724,1957.9478584729982,1378.2867783985103,1030.2104283054005,1049.294227188082,968.8472998137803,1058.5959031657355,893.1564245810056,1039.6517690875232,1051.851024208566,1330.8994413407822,1280.6201117318435,1185.1508379888269,1028.5959031657355,1097.998137802607,1033.0633147113595,1109.9385474860335,958.268156424581,1098.4450651769087,969.3258845437616,1105.7690875232774,1020.5754189944134,1066.5549348230913,940.6722532588454,1082.2774674115456,1198.7188081936686,1500.5772811918064,1505.2029795158287,1746.4432029795157,1455.0968342644321,1750.0055865921788,1947.9720670391062,2141.59217877095,1499.558659217877,1242.7728119180633,1037.0055865921788,1121.5065176908752,1125.5642458100558,1291.292364990689,1196.7932960893854,1319.6294227188082,1661.1769087523278,2298.8621973929235,2756.0837988826815,2579.4953445065175,1602.9608938547485,1253.2532588454376,1087.1750465549349,1130.145251396648,1028.9348230912476,1194.0502793296089,1110.2644320297952,1341.7765363128492,1448.3240223463688,2688.4301675977654,8428.05027932961,17451.569832402234,24637.64245810056,25717.405959031657,13760.532588454376,5885.625698324023,2664.040968342644,1871.4450651769087,1449.5735567970205,1571.6424581005588,1771.901303538175,2105.6014897579144,1992.2122905027934,1769.4357541899442,1389.4804469273743,1437.3687150837989,1391.1657355679702,1443.4804469273743,1244.292364990689,1208.6648044692738,1018.4208566108008,1124.1378026070763,926.2160148975792,1145.8026070763501,990.0893854748604,1096.6945996275606,959.0875232774674,989.6610800744879,859.8882681564246,944.903165735568,925.9683426443203,1035.4692737430169,897.147113594041,1044.6182495344506,1312.2216014897579,1446.4040968342645,1365.1657355679702,1489.1098696461825,1438.216014897579,3151.1936685288642,8059.8156424581,12561.966480446927,16587.173184357544,16647.33705772812,9118.24208566108,3947.782122905028,2177.945996275605,1990.0744878957169,1936.0689013035383
578.0298507462686,502.6735074626866,528.0391791044776,465.0261194029851,588.4067164179105,430.33022388059703,540.4645522388059,526.3824626865671,554.830223880597,525.8376865671642,582.3507462686567,506.1529850746269,614.8694029850747,476.4570895522388,594.0317164179105,614.9682835820895,653.6436567164179,613.6492537313433,592.6828358208955,566.2985074626865,605.776119402985,567.9813432835821,675.3582089552239,598.4906716417911,693.929104477612,676.6567164179105,647.2332089552239,591.2537313432836,640.7182835820895,581.6138059701492,691.044776119403,609.8059701492538,704.7033582089553,634.6735074626865,706.6399253731344,609.1175373134329,728.5727611940298,591.5167910447761,708.0932835820895,596.695895522388,709.4235074626865,640.6473880597015,625.1194029850747,715.2910447761194,667.6977611940298,534.151119402985,645.9402985074627,725.3656716417911,748.9888059701492,628.0597014925373,720.3824626865671,689.1119402985074,714.1305970149253,689.4757462686567,742.5671641791045,597.3973880597015,723.0578358208955,652.4365671641791,687.4514925373135,632.4776119402985,699.3078358208955,639.2388059701492,685.9813432835821,622.9235074626865,737.1585820895523,653.8526119402985,728.2145522388059,667.9608208955224,620.5597014925373,727.4514925373135,678.4682835820895,666.955223880597,725.2294776119403,640.8059701492538,711.8992537313433,676.6268656716418,740.705223880597,677.9682835820895,691.3731343283582,821.1455223880597,770.5205223880597,672.7929104477612,729.348880597015,715.5111940298508,739.5111940298508,693.473880597015,778.4570895522388,651.2070895522388,708.0,710.3097014925373,744.8003731343283,661.830223880597,775.7574626865671,758.3544776119403,722.2332089552239,746.9272388059702,748.8880597014926,722.4944029850747,788.8395522388059,698.5354477611941,787.6231343283582,714.5522388059702,748.0559701492538,704.9794776119403,678.8526119402985,694.1026119402985,807.9682835820895,667.6847014925373,765.3526119402985,698.580223880597,642.8283582089553,836.7518656716418,828.2611940298508,741.8264925373135,774.6156716417911,732.9384328358209,839.6455223880597,713.2182835820895,797.6343283582089,766.6268656716418,767.1287313432836,773.1623134328358,821.098880597015,737.9253731343283,792.6063432835821,704.8861940298508,765.8190298507462,721.6548507462686,840.205223880597,794.3358208955224,815.6268656716418,760.1007462686567,837.1138059701492,736.7313432835821,752.7294776119403,737.6100746268656,815.8824626865671,775.7220149253732,818.4757462686567,666.6324626865671,771.4235074626865,689.2985074626865,672.8358208955224,822.6100746268656,856.7630597014926,754.2332089552239,776.25,773.5186567164179,783.9048507462686,797.8544776119403,785.3712686567164,726.6100746268656,766.1100746268656,744.5186567164179,845.8115671641791,801.2873134328358,785.2817164179105,780.5559701492538,766.5466417910447,688.2873134328358,829.6119402985074,797.1007462686567,764.3395522388059,777.1996268656717,830.6175373134329,771.1082089552239,797.3600746268656,792.8787313432836,845.3787313432836,716.8339552238806,864.7313432835821,799.0783582089553,842.3526119402985,770.473880597015,738.625,866.9869402985074,886.6231343283582,773.5652985074627,850.4682835820895,757.0429104477612,891.6735074626865,786.9794776119403,796.9813432835821,799.7518656716418,769.5,753.8638059701492,834.0055970149253,812.4626865671642,793.8805970149253,819.8470149253732,824.5429104477612,806.9440298507462,841.1361940298508,774.0503731343283,858.4141791044776,766.429104477612,860.151119402985,817.5223880597015,823.7276119402985,883.7350746268656,802.1865671641791,831.375,871.8171641791045,820.8955223880597,847.8451492537314,768.526119402985,731.8563432835821,910.3190298507462,814.5858208955224,832.0149253731344,870.9720149253732,802.0354477611941,859.2108208955224,790.5559701492538,853.7481343283582,812.544776119403,859.8358208955224,781.3414179104477,816.9029850746268,791.2873134328358,841.4477611940298,837.9981343283582,875.6455223880597,809.9160447761194,872.429104477612,860.5858208955224,830.0858208955224,785.1305970149253,815.5727611940298,866.3768656716418,874.4850746268656,841.0279850746268,865.25,873.651119402985,862.8078358208955,869.3227611940298,800.0746268656717,777.0242537313433,778.0522388059702,913.7574626865671,865.5485074626865,826.0485074626865,787.9981343283582,815.0205223880597,822.3022388059702,806.4682835820895,846.8339552238806,752.7350746268656,809.7145522388059,835.026119402985,782.0764925373135,828.9402985074627,769.1679104477612,771.0373134328358,838.3022388059702,794.4906716417911,795.294776119403,807.2705223880597,838.2705223880597,832.0111940298508,831.6287313432836,854.4776119402985,868.1287313432836,764.9067164179105,887.901119402985,806.8600746268656,838.4776119402985,881.0671641791045,834.4328358208955,811.1082089552239,879.4253731343283,946.8376865671642,898.1996268656717,811.4570895522388,941.9216417910447,856.3787313432836,863.3134328358209,865.3451492537314,848.4216417910447,841.151119402985,878.6828358208955,776.776119402985,811.4253731343283,846.3861940298508,844.9869402985074,876.3414179104477,854.4048507462686,874.6044776119403,853.4104477611941,778.1100746268656,876.1399253731344,805.776119402985,833.7350746268656,842.0503731343283,871.1585820895523,844.6324626865671,882.9944029850747,797.8432835820895,861.6287313432836,816.4235074626865,860.8973880597015,814.4720149253732,785.1660447761194,973.8768656716418,894.5093283582089,889.0764925373135,832.7891791044776,809.6735074626865,862.7649253731344,838.0839552238806,850.9682835820895,883.5485074626865,828.1026119402985,833.1305970149253,889.9832089552239,827.3992537313433,908.125,815.695895522388,845.3171641791045,866.0354477611941,894.8283582089553,855.4850746268656,895.4645522388059,897.473880597015,886.7388059701492,840.8712686567164,878.7985074626865,889.8059701492538,836.5839552238806,913.7537313432836,913.1548507462686,854.1455223880597,898.4104477611941,812.5634328358209,777.679104477612,1015.2406716417911,1040.5764925373135,925.2854477611941,912.7817164179105,905.794776119403,948.570895522388,844.8917910447761,916.8824626865671,835.8768656716418,879.75,935.7089552238806,822.8395522388059,914.4626865671642,973.205223880597,916.7723880597015,959.3097014925373,904.8768656716418,913.4123134328358,894.580223880597,934.0820895522388,936.3190298507462,927.9141791044776,887.1361940298508,899.554104477612,890.1436567164179,872.9402985074627,876.5093283582089,926.2369402985074,925.2630597014926,928.1735074626865,851.3768656716418,821.9514925373135,958.9794776119403,955.5970149253732,917.8134328358209,941.7164179104477,997.3432835820895,1092.365671641791,1029.4402985074628,955.0839552238806,907.6361940298508,911.0074626865671,916.4067164179105,966.7406716417911,912.098880597015,929.4813432835821,968.7220149253732,974.2854477611941,962.7873134328358,981.7985074626865,909.7966417910447,998.6940298507462,924.4421641791045,972.695895522388,941.6529850746268,1007.2574626865671,974.5522388059702,942.3899253731344,924.2910447761194,957.3358208955224,903.0746268656717,954.2033582089553,921.9235074626865,849.7089552238806,1059.0876865671642,947.3805970149253,964.8563432835821,994.1679104477612,940.2985074626865,1023.0037313432836,960.7985074626865,971.0951492537314,1035.8171641791046,1015.723880597015,940.3563432835821,998.3283582089553,931.5410447761194,942.9496268656717,995.3973880597015,1064.7108208955224,1033.7388059701493,1071.339552238806,1003.598880597015,1022.2817164179105,981.7966417910447,986.526119402985,1039.339552238806,992.4794776119403,996.945895522388,1057.9085820895523,1034.1940298507463,1045.3376865671642,1019.8880597014926,1056.1548507462687,914.2425373134329,967.0298507462686,1195.7388059701493,1022.4701492537314,1103.205223880597,1065.3097014925372,1018.5690298507462,1123.009328358209,1180.169776119403,1232.3600746268658,1064.6044776119404,1055.2742537313434,978.1473880597015,970.2705223880597,1024.7518656716418,1050.2014925373135,1007.2444029850747,1058.07276119403,1002.3787313432836,1055.4514925373135,1030.6958955223881,1002.0167910447761,979.9085820895523,1074.6305970149253,995.0018656716418,1052.955223880597,1083.0149253731342,1051.4514925373135,979.4720149253732,942.5018656716418,957.054104477612,989.7425373134329,915.3675373134329,947.0746268656717,1076.6455223880596,1089.4160447761194,957.0671641791045,998.4832089552239,1039.7014925373135,1187.1791044776119,1151.7369402985075,1141.4160447761194,970.9067164179105,1019.179104477612,1006.6175373134329,1043.1996268656717,1151.5932835820895,1161.6996268656717,1113.402985074627,995.5764925373135,986.4085820895523,1009.5018656716418,1021.554104477612,1124.0876865671642,1092.6940298507463,1077.240671641791,1022.3917910447761,1039.1119402985075,1030.19776119403,1161.3451492537313,1148.490671641791,1256.4664179104477,1106.8694029850747,1084.3899253731342,987.7798507462686,980.3600746268656,1115.813432835821,1059.4458955223881,976.9365671641791,1081.9179104477612,1088.7481343283582,1094.9160447761194,1126.365671641791,1092.4608208955224,1035.6716417910447,1083.2798507462687,1125.3712686567164,1251.652985074627,1061.1361940298507,1106.9402985074628,1094.1063432835822,1143.214552238806,1119.419776119403,1091.2761194029852,1041.2630597014925,1233.4888059701493,1173.6268656716418,1109.3526119402984,1088.5055970149253,1123.875,1109.2518656716418,1157.2910447761194,1106.6305970149253,1092.3824626865671,1025.7649253731342,1103.0373134328358,1035.875,950.3395522388059,1148.5373134328358,1085.5410447761194,1051.669776119403,1067.777985074627,1063.0429104477612,1135.3544776119404,1044.214552238806,1112.8563432835822,1100.05223880597,1042.3936567164178,1118.6044776119404,1104.705223880597,983.7369402985074,1138.483208955224,1065.1044776119404,1075.222014925373,995.6548507462686,1118.0820895522388,1075.4589552238806,1060.3955223880596,1063.4888059701493,1034.5820895522388,991.6194029850747,1094.8264925373135,1055.1809701492537,1084.3675373134329,1077.027985074627,1123.2742537313434,1008.2164179104477,1106.2761194029852,1026.8246268656717,1075.0111940298507,1088.0652985074628,1164.1828358208954,1107.8805970149253,1095.009328358209,1169.813432835821,1251.2238805970148,1143.0,1197.2350746268658,1146.2817164179105,1272.8787313432836,1160.089552238806,1198.634328358209,1152.3171641791046,1011.8190298507462,1089.4533582089553,1193.625,1155.3507462686566,1184.8544776119404,1036.811567164179,1066.1735074626865,1044.375,1243.044776119403,1280.535447761194,1239.7425373134329,1111.6044776119404,1037.2574626865671,989.6194029850747,1184.3208955223881,1129.0839552238806,1304.141791044776,1157.8339552238806,1100.57276119403,1266.0597014925372,1419.0951492537313,1286.0988805970148,1155.7705223880596,1035.4048507462687,1089.1809701492537,1038.0018656716418,1126.4123134328358,1147.3507462686566,1169.7705223880596,1101.0876865671642,1082.3787313432836,1043.686567164179,1161.3264925373135,1146.0111940298507,1254.3152985074628,1048.3320895522388,1159.044776119403,1021.8861940298508,1111.2350746268658,1093.490671641791,1360.063432835821,1060.7388059701493,1040.5074626865671,1001.6455223880597,1130.580223880597,1150.6194029850747,1270.1940298507463,1047.1828358208954,1039.9738805970148,929.9794776119403,1075.1007462686566,1257.891791044776,1263.3563432835822,1084.0988805970148,1138.0,1074.080223880597,1231.2817164179105,1166.472014925373,1155.9253731343283,1106.3171641791046,1102.5298507462687,1141.3638059701493,1225.1548507462687,1074.391791044776,1018.0391791044776,1072.7201492537313,1283.6287313432836,1397.634328358209,1584.3619402985075,1249.6361940298507,1210.2873134328358,1105.4682835820895,1106.2686567164178,1068.2462686567164,1117.9850746268658,1068.972014925373,1289.4738805970148,1058.544776119403,1069.5671641791046,961.7145522388059,1013.945895522388,958.2779850746268,1006.6138059701492,1072.67723880597,1227.8563432835822,1190.1567164179105,1099.2462686567164,1011.0503731343283,1101.5951492537313,1054.5541044776119,1130.94776119403,1151.8768656716418,1120.3320895522388,1019.445895522388,1030.6324626865671,979.1492537313433,1035.535447761194,994.7779850746268,1114.6231343283582,1075.9328358208954,1162.7294776119404,1173.3600746268658,1341.4123134328358,1074.5317164179105,1096.3208955223881,1005.723880597015,1025.4328358208954,974.330223880597,1102.8638059701493,1028.2910447761194,1192.2929104477612,1223.8973880597016,1468.4123134328358,1538.811567164179,1193.1958955223881,1177.5130597014925,1182.4570895522388,1075.1194029850747,1458.0671641791046,1699.3731343283582,1614.2574626865671,1767.2929104477612,1523.6380597014925,1081.4160447761194,1159.7257462686566,1058.8171641791046,1167.490671641791,1154.9869402985075,1451.7518656716418,1780.5503731343283,1573.4347014925372,1402.2761194029852,1588.1119402985075,1457.94776119403,1490.2481343283582,1378.865671641791,1725.7537313432836,2477.4067164179105,3072.597014925373,2426.6287313432836,1901.222014925373,1533.0018656716418,1494.9813432835822,1574.3190298507463,2237.115671641791,2592.304104477612,1592.69776119403,1384.9850746268658,1324.8731343283582,1314.347014925373,1340.527985074627,1161.7164179104477,1301.410447761194,1202.6436567164178,1542.285447761194,1674.2444029850747,1438.7369402985075,1139.8992537313434,1221.0149253731342,1169.9421641791046,1456.097014925373,1838.3600746268658,2332.8152985074626,2521.666044776119,2181.1361940298507,1431.402985074627,1701.1175373134329,1413.464552238806,1379.4794776119404,1518.358208955224,1932.6175373134329,1715.6753731343283,1346.0242537313434,1448.3246268656717,1413.1268656716418,1384.0223880597016,1858.4869402985075,1603.3376865671642,1398.384328358209,1582.535447761194,1510.990671641791,1209.589552238806,1334.2350746268658,1520.1212686567164,2127.1753731343283,1767.266791044776,1797.3059701492537,1556.07276119403,1359.4664179104477,1260.0111940298507,1312.688432835821,1389.4869402985075,1714.402985074627,1885.3339552238806,1799.259328358209,2328.5167910447763,2983.8097014925374,3666.6287313432836,2935.7555970149256,2390.598880597015,1887.608208955224,1723.8246268656717,1496.55223880597,1199.2350746268658,1320.0466417910447,1462.3283582089553,1869.0858208955224,2338.2108208955224,1752.8973880597016,1332.1026119402984,1306.1399253731342,1448.3208955223881,1516.544776119403,1145.5503731343283,1369.3432835820895,1418.3694029850747,1886.347014925373,2721.5727611940297,3450.748134328358,1787.347014925373,1436.3358208955224,1335.561567164179,1743.5466417910447,2211.875,2162.125,1479.4701492537313,1433.7294776119404,1354.384328358209,1627.5111940298507,1506.1492537313434,1798.4757462686566,2426.9944029850744,3391.8694029850744,2188.2444029850744,2137.945895522388,2398.1567164179105,1713.8955223880596,1370.3544776119404,1460.733208955224,1661.7630597014925,2438.180970149254,3102.5783582089553,2401.1361940298507,1698.7686567164178,1763.259328358209,2209.169776119403,1584.0,1216.4085820895523,1365.2388059701493,1223.7630597014925,1296.615671641791,1261.1026119402984,1515.7070895522388,1242.733208955224,1374.4589552238806,1236.3880597014925,1243.55223880597,1147.2910447761194,1259.92723880597,1299.2705223880596,1676.5914179104477,1592.6996268656717,1843.5988805970148,1376.3414179104477,1391.7723880597016,1207.1287313432836,1305.0690298507463,1387.44776119403,1598.7611940298507,1608.3694029850747,1730.233208955224,1661.1735074626865,1693.1324626865671,1492.2705223880596,1585.6305970149253,1806.5466417910447,1658.0242537313434,1576.4533582089553,2049.632462686567,1896.1492537313434,1647.4682835820895,1486.2481343283582,1464.4309701492537,1404.9626865671642,1764.5261194029852,2242.6082089552237,2550.3899253731342,1787.8768656716418,1370.5335820895523,1415.1194029850747,1989.8488805970148,1638.3190298507463,1819.5914179104477,1971.5914179104477,1955.714552238806,1855.0261194029852,1775.8563432835822,1589.3097014925372,1711.9962686567164,1354.6063432835822,1433.0149253731342,1383.509328358209,1514.9141791044776,1398.705223880597,1505.1212686567164,1377.8376865671642,1515.6996268656717,1759.580223880597,1672.222014925373,1449.8619402985075,1564.3097014925372,1494.2182835820895,1605.5690298507463,1789.027985074627,1885.1324626865671,1804.9216417910447,1825.8208955223881,1654.777985074627,1925.7425373134329,2222.8899253731342,2642.2611940298507,2679.570895522388,2276.123134328358,1869.0988805970148,2154.5951492537315,2205.958955223881,2056.0037313432836,1968.3712686567164,2035.5988805970148,1860.0186567164178,1877.794776119403,1781.6660447761194,1734.3675373134329,1765.9216417910447,1887.3824626865671,1755.8190298507463,2839.0,2970.740671641791,2019.125,1808.9216417910447,2167.9402985074626,1610.6623134328358,1872.3675373134329,1748.2014925373135,1659.1548507462687,1788.733208955224,2194.7257462686566,2747.0149253731342,3075.643656716418,1808.205223880597,2004.5317164179105,2733.9253731343283,3920.740671641791,4898.858208955224,3851.617537313433,2506.1007462686566,2002.402985074627,2253.3507462686566,2852.320895522388,3101.6417910447763,4146.753731343284,4094.2014925373132,3939.9757462686566,4638.798507462687,5057.307835820896,4895.95895522388,3337.313432835821,2586.9514925373132,3231.382462686567,2340.3712686567164,1713.8320895522388,1704.490671641791,2070.9682835820895,2161.785447761194,2101.117537313433,1839.9757462686566,2077.0317164179105,2189.6212686567164,1810.9888059701493,1910.2369402985075,2974.9216417910447,3128.85447761194,2496.268656716418,2194.9477611940297,2446.714552238806,1900.7126865671642,1953.9347014925372,2141.4347014925374,2591.7126865671644,2754.785447761194,2491.908582089552,1868.2929104477612,1672.884328358209,1498.2611940298507,1883.2014925373135,2565.9272388059703,2944.4626865671644,2406.705223880597,2209.033582089552,1889.7350746268658,2595.22947761194,2957.4328358208954,2384.8600746268658,3078.0597014925374,3362.5055970149256,2501.3582089552237,3053.4235074626868,3014.0223880597014,3014.930970149254,2396.555970149254,1939.1791044776119,2147.070895522388,2857.8246268656717,3849.416044776119,5055.930970149254,4441.494402985075,4430.785447761194,3570.132462686567,3452.776119402985,3154.2014925373132,3541.8227611940297,4012.473880597015,3817.804104477612,4524.253731343284,4791.2817164179105,3204.856343283582,2480.319029850746,1965.3787313432836,2287.658582089552,2490.4869402985073,3386.819029850746,3749.7630597014927,3420.4776119402986,3537.061567164179,3865.455223880597,4655.009328358209,5304.304104477612,3603.882462686567,3999.9850746268658,3971.7350746268658,3025.8787313432836,3319.666044776119,4079.1305970149256,3640.7873134328356,3502.811567164179,3009.0764925373132,3895.207089552239,3947.026119402985,4039.8078358208954,3966.4701492537315,4784.496268656716,3818.167910447761,3186.044776119403,3084.347014925373,3754.848880597015,3841.9514925373132,3319.445895522388,2487.195895522388,2043.0298507462687,1585.9347014925372,1811.4347014925372,1671.740671641791,1526.160447761194,1473.2070895522388,1679.313432835821,1437.9048507462687,1500.1231343283582,1504.1809701492537,1497.9347014925372,1437.9347014925372,1540.0261194029852,1637.3339552238806,1824.2611940298507,1740.5055970149253,2518.089552238806,3381.8358208955224,2979.875,2248.8171641791046,1563.4458955223881,1324.955223880597,1615.5037313432836,1850.1231343283582,2211.6567164179105,1501.6063432835822,1654.8973880597016,1557.7201492537313,1681.9421641791046,1823.6361940298507,1870.7481343283582,1301.8861940298507,1410.1940298507463,1442.5988805970148,1679.0391791044776,1799.0373134328358,2027.3675373134329,2451.964552238806,3067.02052238806,2369.160447761194,2051.4776119402986,2294.723880597015,1657.7891791044776,1412.3973880597016,1505.7014925373135,1441.6847014925372,1766.063432835821,2431.2033582089553,3143.106343283582,1890.6231343283582,1915.6305970149253,2264.070895522388,2746.0391791044776,3468.805970149254,2574.8078358208954,1738.6455223880596,2450.25,2121.39552238806,1704.9179104477612,1328.9589552238806,1689.6399253731342,2017.4496268656717,2626.0951492537315,1899.4085820895523,2223.348880597015,2319.1921641791046,2191.376865671642,1361.8880597014925,1490.9608208955224,1520.7481343283582,1926.839552238806,2603.2985074626868,4402.401119402985,5448.602611940299,5798.863805970149,3328.582089552239,1815.9011194029852,1377.4944029850747,1415.8694029850747,1256.8264925373135,1483.9589552238806,1500.7238805970148,2076.158582089552,2362.472014925373,2909.9682835820895,3398.917910447761,4251.608208955224,2242.123134328358,1934.3563432835822,1839.2257462686566,2052.365671641791,2107.125,2991.768656716418,3888.751865671642,3277.1305970149256,2316.7369402985073,3109.4235074626868,2432.0951492537315,1634.1902985074628,1451.2686567164178,1727.3097014925372,2054.902985074627,3202.97947761194,2584.473880597015,1830.5223880597016,1763.0541044776119,2033.016791044776,2154.2182835820895,2394.748134328358,2055.132462686567,1700.4608208955224,2085.375,2154.570895522388,1935.1268656716418,3099.8376865671644,2995.8003731343283,1917.3936567164178,1784.1511194029852,2693.2798507462685,2906.617537313433,2325.438432835821,2643.9123134328356,3772.7966417910447,5256.242537313433,3850.3973880597014,2004.6268656716418,1618.865671641791,1288.063432835821,1450.3152985074628,1387.5988805970148,1829.936567164179,1588.5373134328358,1467.384328358209,1271.4626865671642,1351.5988805970148,1099.027985074627,1236.294776119403,1279.3526119402984,1330.2705223880596,1368.0,1380.3003731343283,1101.6194029850747,1427.7201492537313,1468.3899253731342,1363.6492537313434,1128.0764925373135,1267.1828358208954,1124.7742537313434,1255.7014925373135,1198.0130597014925,1346.919776119403,1105.4608208955224,1266.7985074626865,1090.9309701492537,1407.5578358208954,1213.8507462686566,1255.7481343283582,1110.8936567164178,1224.4962686567164,1138.9888059701493,1229.2686567164178,1210.544776119403,1477.2798507462687,1165.8712686567164,1239.0858208955224,1142.30223880597,1227.391791044776,1074.490671641791,1167.0876865671642,1344.527985074627,1523.3152985074628,1516.6287313432836,1438.936567164179,1405.5205223880596,1735.5242537313434,1827.1380597014925,1612.1455223880596,1702.6268656716418,2385.1119402985073,1634.4626865671642,1308.0261194029852,1157.6548507462687,1265.6324626865671,1261.0559701492537,1180.589552238806,1093.2966417910447,1318.7276119402984,1070.3544776119404,1293.1287313432836,1108.8973880597016,1264.6287313432836,1185.8638059701493,1185.0149253731342,1094.4589552238806,1200.1436567164178,1201.884328358209,1544.2201492537313,1821.4664179104477,1694.509328358209,1355.3675373134329,1332.4067164179105,1500.0708955223881,1488.2798507462687,1275.1399253731342,1433.9309701492537,1469.4813432835822,1667.1436567164178,1302.1940298507463,1192.6492537313434,1169.94776119403,1304.9850746268658,1273.5578358208954,1697.759328358209,2021.7014925373135,1856.875,1299.1361940298507,1353.9738805970148,1433.902985074627,1924.6679104477612,1455.375,1464.0018656716418,1568.8638059701493,1940.813432835821,2111.9944029850744,2145.0055970149256,1648.1996268656717,1503.2518656716418,1339.0746268656717,1680.7537313432836,1372.8936567164178,1275.4925373134329,1072.8152985074628,1244.8246268656717,1408.8973880597016,1460.1735074626865,1516.6305970149253,1768.5783582089553,1426.4067164179105,1727.6119402985075,2154.7444029850744,2316.1138059701493,1602.2257462686566,1705.5466417910447,1858.7257462686566,1676.785447761194,1556.55223880597,1790.1492537313434,1930.125,2274.4141791044776,1615.8600746268658,1904.330223880597,2216.216417910448,3015.3358208955224,1966.6063432835822,1778.9123134328358,1718.92723880597,1789.9850746268658,2215.8022388059703,3602.8003731343283,4631.7817164179105,3512.0373134328356,2752.7257462686566,3362.4944029850744,2114.277985074627,1678.134328358209,1999.2425373134329,2892.820895522388,2423.7033582089553,2738.169776119403,2482.9328358208954,2643.6492537313434,2465.6772388059703,3390.1977611940297,2713.7537313432836,1958.419776119403,1551.19776119403,1720.2817164179105,2240.356343283582,2086.393656716418,1404.0951492537313,1798.097014925373,2682.188432835821,3836.5,2614.070895522388,3110.14552238806,3266.5652985074626,3072.1212686567164,4222.162313432836,3411.1100746268658,2318.7033582089553,3767.3376865671644,4755.985074626866,2774.3787313432836,2152.455223880597,3282.373134328358,4971.955223880597,5513.332089552238,4792.563432835821,3738.2891791044776,2861.9776119402986,2984.722014925373,4695.7201492537315,6726.509328358209,4607.257462686567,3237.8973880597014,4889.667910447762,8230.759328358208,5688.9720149253735,3521.7966417910447,2132.785447761194,1858.8880597014925,2024.0485074626865,3143.5223880597014,3391.8638059701493,3401.089552238806,4072.042910447761,6271.305970149254,4452.1548507462685,2703.1082089552237,2075.89552238806,1527.9421641791046,1331.1268656716418,1660.7481343283582,1636.561567164179,2013.6100746268658,3118.830223880597,3472.0764925373132,2135.6100746268658,1808.3339552238806,1837.3059701492537,1819.9160447761194,1442.9179104477612,1763.67723880597,2339.3078358208954,3453.501865671642,2673.3787313432836,2322.089552238806,2351.2332089552237,1789.3414179104477,1495.259328358209,1714.8712686567164,2435.526119402985,2509.783582089552,1631.3955223880596,1637.9682835820895,1525.1828358208954,1878.8451492537313,1427.9141791044776,1583.097014925373,1574.3208955223881,2204.347014925373,2610.509328358209,2296.1828358208954,1821.0429104477612,1530.0839552238806,1414.6791044776119,1622.2966417910447,1516.7462686567164,1556.57276119403,1877.0111940298507,1817.660447761194,1453.9458955223881,1518.8507462686566,1325.0130597014925,1605.6735074626865,2113.964552238806,3354.4869402985073,2437.626865671642,1680.6361940298507,1606.169776119403,1529.3097014925372,1430.169776119403,1741.313432835821,1424.5429104477612,1530.1119402985075,1782.1623134328358,2570.481343283582,3468.5783582089553,3615.6828358208954,1841.8563432835822,1785.233208955224,2234.632462686567,2540.216417910448,1629.5335820895523,1499.1753731343283,1425.6175373134329,2089.4962686567164,1884.5914179104477,2129.8805970149256,2584.945895522388,2027.294776119403,1970.5074626865671,2360.973880597015,1638.5111940298507,1690.875,2064.2966417910447,2289.804104477612,1369.2070895522388,1403.3712686567164,1177.865671641791,1311.7966417910447,1254.266791044776,1448.7369402985075,1385.983208955224,1861.2929104477612,2772.695895522388,2404.457089552239,1281.5503731343283,1285.1902985074628,1237.009328358209,1519.1175373134329,1220.7070895522388,1466.3414179104477,1170.2238805970148,1458.4347014925372,1342.3955223880596,1273.9869402985075,1247.1100746268658,1344.2033582089553,1348.9925373134329,1882.686567164179,2307.751865671642,1767.3283582089553,1577.5111940298507,2592.6921641791046,2649.794776119403,1557.2574626865671,1408.410447761194,1646.7761194029852,1562.3059701492537,1557.2518656716418,1222.9776119402984,1525.6380597014925,1853.1436567164178,2348.3171641791046,2754.419776119403,2075.902985074627,1431.9160447761194,1621.5764925373135,1668.7238805970148,2303.382462686567,1754.3078358208954,1790.8899253731342,1724.8432835820895,2333.7462686567164,1690.9328358208954,1607.3880597014925,1897.8731343283582,2166.794776119403,1399.5503731343283,1457.80223880597,1689.4440298507463,2892.830223880597,3729.2462686567164,2202.123134328358,1749.7910447761194,1973.5186567164178,1463.330223880597,1519.3264925373135,1510.2705223880596,1699.2649253731342,1499.5111940298507,1530.7238805970148,1440.705223880597,2125.2742537313434,3616.419776119403,3821.4421641791046,1664.777985074627,1495.0074626865671,1324.3880597014925,1368.7089552238806,1413.722014925373,1647.6007462686566,1381.5223880597016,1981.5335820895523,1803.6380597014925,1749.6791044776119,1291.8861940298507,1280.5037313432836,1127.1921641791046,1300.7369402985075,1234.2481343283582,1531.8003731343283,1755.4123134328358,1990.2705223880596,1441.4850746268658,1365.7630597014925,1238.080223880597,1539.4048507462687,1645.0261194029852,1767.5130597014925,1755.0205223880596,2313.27052238806,2093.408582089552,1481.7985074626865,1369.1753731343283,1597.82276119403,1881.6641791044776,2076.9328358208954,1965.6287313432836,2402.6828358208954,1915.3787313432836,1770.4067164179105,1418.3339552238806,1654.955223880597,1800.4850746268658,1850.7388059701493,1412.259328358209,1672.7611940298507,1831.9626865671642,2855.6921641791046,4536.852611940299,5144.832089552238,1928.8208955223881,1569.009328358209,1586.5597014925372,1455.0541044776119,1129.061567164179,1388.0111940298507,1241.8731343283582,1346.0,1504.0037313432836,1520.8544776119404,1213.9533582089553,1398.8712686567164,1260.7518656716418,1350.5764925373135,1246.7873134328358,1535.7817164179105,1422.9794776119404,1608.75,1910.3805970149253,2587.152985074627,1870.8078358208954,1326.7798507462687,1168.2481343283582,1372.5074626865671,1328.0485074626865,1888.3973880597016,1675.9888059701493,1623.5820895522388,1227.4533582089553,1576.311567164179,1706.9813432835822,1614.7835820895523,1191.6324626865671,1300.5541044776119,1194.8600746268658,1251.8283582089553,1190.3973880597016,1388.652985074627,1299.5223880597016,1537.294776119403,1480.740671641791,1550.714552238806,1402.0466417910447,1422.6753731343283,1355.8414179104477,1643.3824626865671,2326.9328358208954,2118.3805970149256,1204.0,1346.4962686567164,1254.339552238806,1258.4682835820895,1197.05223880597,1425.4309701492537,1532.1940298507463,2468.3376865671644,2419.4682835820895,2008.5055970149253,1535.313432835821,1784.490671641791,1720.2649253731342,1665.2742537313434,1806.2555970149253,2613.02052238806,3155.680970149254,2413.901119402985,1744.8171641791046,2187.9701492537315,2420.8917910447763,2712.3973880597014,1911.82276119403,2088.8171641791046,3392.007462686567,4092.7108208955224,1941.7462686567164,1500.535447761194,1352.8078358208954,1460.6809701492537,1346.8731343283582,1546.4608208955224,1310.1436567164178,1447.1044776119404,1481.5466417910447,2100.5727611940297,3130.4776119402986,4784.0317164179105,3195.555970149254,2295.3917910447763,1883.1324626865671,2356.1735074626868,1806.688432835821,2347.009328358209,2758.0578358208954,1825.1455223880596,1459.3003731343283,1853.5559701492537,2207.1828358208954,2637.151119402985,1758.063432835821,1812.8451492537313,2252.430970149254,3976.8432835820895,6158.4701492537315,4331.667910447762,3074.007462686567,2822.6082089552237,2630.589552238806,2057.1828358208954,1621.3712686567164,1995.3992537313434,2620.070895522388,5025.9720149253735,4764.7817164179105,2341.0783582089553,1605.7201492537313,2028.0951492537313,2728.5671641791046,4076.972014925373,2324.6753731343283,2104.5746268656717,2545.7649253731342,3861.777985074627,2390.884328358209,1662.6044776119404,1366.3451492537313,1508.6287313432836,1563.8731343283582,2127.283582089552,2910.555970149254,4756.048507462687,4391.304104477612,5275.0,6888.746268656716,3610.126865671642,2432.542910447761,3604.6305970149256,5716.945895522388,5659.108208955224,3129.6567164179105,2426.707089552239,3230.2257462686566,6092.839552238806,7249.587686567164,2954.4682835820895,1670.9291044776119,1736.9328358208954,1822.6380597014925,1859.9309701492537,1407.7686567164178,1469.2033582089553,1471.0466417910447,1932.0186567164178,1948.6063432835822,2956.5,3600.7201492537315,4564.375,3379.0130597014927,4360.761194029851,6936.102611940299,5397.311567164179,5751.332089552238,4428.429104477612,2882.042910447761,3257.533582089552,3708.8805970149256,2218.402985074627,1579.7873134328358,1671.6212686567164,2227.4048507462685,2605.2182835820895,1979.8358208955224,2170.527985074627,1905.3059701492537,2522.2873134328356,4329.7798507462685,7219.602611940299,3585.4701492537315,2086.160447761194,1950.733208955224,1770.2686567164178,1804.3059701492537,2563.0149253731342,4424.768656716418,7771.352611940299,6338.79104477612,8152.787313432836,4881.261194029851,3841.7555970149256,5263.361940298508,3868.7667910447763,2126.7033582089553,1889.6361940298507,1857.740671641791,2285.679104477612,3483.9048507462685,6189.891791044776,6466.5951492537315,5925.886194029851,5342.511194029851,5740.354477611941,2723.242537313433,2575.75,2596.2462686567164,1965.82276119403,1607.884328358209,1584.972014925373,1596.3992537313434,1884.384328358209,2444.4869402985073,3981.214552238806,3177.5597014925374,4743.565298507463,4488.4701492537315,5873.807835820896,7321.100746268657,10285.035447761195,18094.59328358209,13761.13619402985,4619.0914179104475,2661.3992537313434,2584.2798507462685,4472.41604477612,4598.076492537313,5597.04104477612,9705.477611940298,7550.714552238806,3389.313432835821,1853.509328358209,1604.8414179104477,2147.5858208955224,3013.873134328358,4934.695895522388,4996.2201492537315,6327.164179104478,3533.848880597015,1892.2369402985075,1603.6548507462687,1634.2966417910447,1573.009328358209,1893.7518656716418,2276.2649253731342,3336.652985074627,6492.136194029851,5234.70895522388,2233.4757462686566,2179.597014925373,2620.151119402985,4600.738805970149,4566.179104477612,7783.352611940299,6486.391791044776,4308.619402985075,2034.8936567164178,1765.6828358208954,1878.9291044776119,2138.3171641791046,2232.402985074627,3763.1361940298507,7336.546641791045,6118.888059701492,2550.7985074626868,1888.1828358208954,1463.938432835821,1545.3376865671642,1525.8246268656717,1606.2761194029852,1645.8339552238806,2282.330223880597,2010.6324626865671,1994.6026119402984,2755.75,2967.1977611940297,3102.0373134328356,5941.888059701492,9135.880597014926,5671.940298507463,7129.794776119403,5909.147388059701,2529.365671641791,2161.8227611940297,1792.8488805970148,2118.2126865671644,1504.8003731343283,1558.6735074626865,1508.6361940298507,1499.5018656716418,1620.3619402985075,2425.7332089552237,4154.735074626866,8509.598880597016,5738.024253731343,3097.5932835820895,1803.6958955223881,1588.3526119402984,1357.4533582089553,1341.910447761194,1392.3208955223881,1490.0671641791046,1377.2873134328358,1670.669776119403,2091.7014925373132,2870.207089552239,5371.018656716418,5983.391791044776,2425.958955223881,2085.615671641791,2012.9309701492537,2051.518656716418,1557.4608208955224,1706.8507462686566,1596.2966417910447,1540.472014925373,1569.80223880597,2427.2537313432836,2881.876865671642,5788.1529850746265,3436.47947761194,1782.6175373134329,1403.625,1481.3264925373135,1375.365671641791,1483.9869402985075,1436.3768656716418,1540.8899253731342,1460.1361940298507,1822.4253731343283,2179.5764925373132,4153.2835820895525,4203.0914179104475,2403.4067164179105,2214.748134328358,2247.3638059701493,1717.3152985074628,1751.0820895522388,1492.4925373134329,1573.6623134328358,1598.509328358209,2017.955223880597,2687.341417910448,3961.259328358209,8779.300373134329,15460.399253731342,10747.692164179105,4286.914179104478,2245.158582089552,2173.591417910448,1526.6567164179105,1454.94776119403,1221.7276119402984,1342.9085820895523,1169.0205223880596,1271.0242537313434,1128.8936567164178,1281.4738805970148,1157.6623134328358,1322.2108208955224,1394.5876865671642,1738.7201492537313,1523.1958955223881,1624.7313432835822,1663.0074626865671,1448.5820895522388,1341.2257462686566,1420.0764925373135,1218.05223880597,1486.4533582089553,1860.0055970149253,2834.115671641791,1677.7910447761194,1469.6847014925372,1392.4458955223881,1965.1436567164178,2113.6921641791046,2316.9682835820895,1787.7723880597016,1577.5503731343283,1355.9067164179105,1766.9067164179105,1291.2070895522388,1585.3078358208954,2160.5223880597014,4052.804104477612,3339.5597014925374,1983.6287313432836,1328.3078358208954,1370.6473880597016,1408.8694029850747,1647.347014925373,1236.2350746268658,1291.1492537313434,1197.3376865671642,1492.7126865671642,1951.92723880597,1887.2555970149253,2110.6641791044776,2379.9253731343283,1693.766791044776,1749.2537313432836,1555.7444029850747,1509.05223880597,1282.8805970149253,1429.669776119403,1334.0671641791046,1727.7611940298507,1945.766791044776,1829.6809701492537,1543.652985074627,2018.9981343283582,2475.080223880597,2936.77052238806,2931.893656716418,2713.8097014925374,1872.6958955223881,1541.8955223880596,1395.5839552238806,1550.9291044776119,1573.7611940298507,1612.6548507462687,1425.4253731343283,1597.5485074626865,1888.375,2670.143656716418,3050.208955223881,2074.063432835821,2250.7276119402986,2773.3432835820895,2417.9067164179105,2288.9421641791046,1909.1305970149253,2488.7350746268658,3034.544776119403,3591.867537313433,3051.1716417910447,2195.3152985074626,1778.5149253731342,2209.893656716418,3373.5652985074626,3364.6473880597014,2699.4477611940297,2504.791044776119,1787.0149253731342,1972.4962686567164,1569.902985074627,1882.6175373134329,2038.9962686567164,2679.9123134328356,2364.106343283582,2067.35447761194,2214.0932835820895,1903.7070895522388,1513.4776119402984,1524.589552238806,1514.6660447761194,1857.4757462686566,1716.9253731343283,1576.8526119402984,1533.2518656716418,1934.3264925373135,1680.7910447761194,2411.5727611940297,3200.106343283582,2179.7444029850744,1671.259328358209,2288.2014925373132,2845.832089552239,2399.0167910447763,2956.2350746268658,5232.662313432836,4418.044776119403,2735.4216417910447,2451.3078358208954,2162.041044776119,2049.0,2214.2014925373132,2012.6940298507463,2454.6623134328356,1639.8992537313434,1775.1380597014925,1894.6828358208954,1851.8526119402984,2182.2444029850744,3153.455223880597,2020.3805970149253,1776.6511194029852,2010.6716417910447,2723.6623134328356,3317.222014925373,5385.04104477612,7599.305970149254,4754.386194029851,2908.1772388059703,2457.152985074627,3120.731343283582,5918.123134328358,8495.541044776119,4157.378731343284,2514.7798507462685,3031.901119402985,4904.410447761194,5460.9701492537315,4745.587686567164,2342.0391791044776,1812.7742537313434,1852.8320895522388,1473.1063432835822,2122.64552238806,2163.7873134328356,4334.337686567164,3104.865671641791,2027.884328358209,1804.0429104477612,1944.2126865671642,2544.598880597015,3359.205223880597,3886.5167910447763,5725.016791044776,7142.082089552238,9544.184701492537,9879.19776119403,5765.5317164179105,7566.270522388059,11962.94776119403,6695.2164179104475,4612.6585820895525,5607.490671641791,3688.7742537313434,3927.7126865671644,3298.5876865671644,2851.9776119402986,5066.813432835821,8400.608208955224,4803.6567164179105,4030.3246268656717,7873.5970149253735,10400.628731343284,4434.878731343284,2688.5503731343283,3095.917910447761,4146.537313432836,9947.936567164179,12293.945895522387,5885.4682835820895,5954.660447761194,8526.190298507463,5131.0317164179105,3864.652985074627,4230.893656716418,4447.688432835821,4130.550373134329,2599.526119402985,2221.0503731343283,3701.597014925373,3919.401119402985,4121.45895522388,2664.708955223881,2113.3992537313434,2524.998134328358,2266.9272388059703,1634.8488805970148,1865.8264925373135,2453.0876865671644,5110.397388059701,4174.539179104478,2251.990671641791,1617.9253731343283,1547.8861940298507,1573.3358208955224,2206.242537313433,3527.3152985074626,5743.167910447762,2754.722014925373,2366.0578358208954,2821.417910447761,4106.438432835821,7660.449626865671,6009.628731343284,3274.0298507462685,2275.6996268656717,1780.8264925373135,2304.5764925373132,2652.7332089552237,2148.376865671642,1905.9402985074628,2130.3880597014927,2499.8283582089553,3245.4067164179105,2073.0391791044776,1749.660447761194,1664.7108208955224,1791.8358208955224,2085.0,1853.6828358208954,1625.9309701492537,1724.8992537313434,1780.5820895522388,1685.8731343283582,1523.4589552238806,1755.1660447761194,1579.330223880597,1540.0746268656717,1514.4253731343283,2550.9608208955224,3075.0,4482.315298507463,2437.5242537313434,1711.8376865671642,1456.6231343283582,1725.865671641791,1435.4570895522388,1583.2985074626865,1733.009328358209,3335.9235074626868,3691.8619402985073,2176.957089552239,1698.7257462686566,2286.5522388059703,4883.257462686567,3859.990671641791,1906.858208955224,1624.5429104477612,1493.0429104477612,1545.2388059701493,1453.92723880597,1429.3992537313434,1458.1268656716418,1713.625,2451.679104477612,2240.6921641791046,1561.766791044776,1527.6548507462687,1544.1380597014925,1703.9402985074628,1515.1175373134329,2315.216417910448,2069.4253731343283,2871.9477611940297,5414.388059701492,7351.462686567164,3298.341417910448,2173.6641791044776,1742.4328358208954,1644.3600746268658,1438.1679104477612,2007.0223880597016,2299.126865671642,3613.97947761194,3467.5522388059703,2117.2462686567164,1601.1567164179105,1454.7182835820895,1232.9440298507463,1321.0130597014925,1183.6063432835822,1327.6287313432836,1435.7425373134329,1950.2835820895523,1334.3320895522388,1239.516791044776,1071.7350746268658,1156.3171641791046,1076.2891791044776,1182.7873134328358,1111.6305970149253,1344.2388059701493,1318.4626865671642,2103.776119402985,2962.8451492537315,8038.054104477612,10554.287313432837,5533.205223880597,3166.330223880597,2040.8600746268658,1413.634328358209,1418.7257462686566,1548.8097014925372,1556.32276119403,1213.0205223880596,1314.1809701492537,1145.9682835820895,1291.1361940298507,1697.6007462686566,2798.305970149254,2254.223880597015,1634.1455223880596,1410.115671641791,1507.472014925373,1266.3768656716418,1331.55223880597,1263.222014925373,1435.0466417910447,1306.1455223880596,1526.42723880597,1344.0746268656717,1554.8600746268658,1794.0149253731342,2126.3507462686566,2261.569029850746,2523.52052238806,1673.641791044776,1567.0914179104477,1314.3694029850747,1375.884328358209,1355.5130597014925,1849.5951492537313,2305.8973880597014,1846.2425373134329,1412.0186567164178,1444.2817164179105,1438.3246268656717,1445.7089552238806,1179.0223880597016,1169.8712686567164,1346.5373134328358,1432.1902985074628,1335.67723880597,1826.830223880597,1547.375,1621.2910447761194,1811.3171641791046,1677.483208955224,1540.0261194029852,1644.0597014925372,1559.285447761194,1872.7089552238806,1673.2462686567164,2329.4235074626868,1781.0503731343283,1485.6100746268658,1345.6548507462687,1825.0671641791046,1200.2462686567164,1394.5074626865671,1259.57276119403,1454.6735074626865,1537.0708955223881,1648.1679104477612,1561.5746268656717,1633.5466417910447,1324.4869402985075,1402.1548507462687,1487.9944029850747,1562.3805970149253,1265.705223880597,1396.5410447761194,1682.0074626865671,1818.44776119403,2216.186567164179,1944.4776119402984,1708.17723880597,1588.7369402985075,1344.858208955224,1446.8488805970148,1365.1958955223881,1516.535447761194,1310.9048507462687,1439.3600746268658,1450.5410447761194,1457.1735074626865,1272.8190298507463,1402.4160447761194,1282.3451492537313,1796.6063432835822,1282.1044776119404,1433.7294776119404,1624.3787313432836,2139.2033582089553,1573.5820895522388,1686.5223880597016,1939.0074626865671,3466.9402985074626,3136.916044776119,4664.8451492537315,3032.686567164179,2296.518656716418,1789.5223880597016,1596.1623134328358,1423.6455223880596,1510.8805970149253,1232.580223880597,1347.0298507462687,1230.7985074626865,1422.8339552238806,1460.6268656716418,2137.4514925373132,3011.7033582089553,2821.25,3228.5485074626868,2531.5130597014927,1857.009328358209,1830.733208955224,1765.0690298507463,2253.832089552239,3605.6847014925374,3176.4682835820895,1861.2910447761194,1755.330223880597,1470.3339552238806,1583.990671641791,1716.5186567164178,1656.4925373134329,1472.6492537313434,1586.2089552238806,1400.8992537313434,1484.115671641791,1770.9328358208954,3456.194029850746,6088.5335820895525,4328.111940298508,2956.7985074626868,2969.123134328358,2250.132462686567,1882.3861940298507,1695.0559701492537,2017.0503731343283,1857.910447761194,1936.94776119403,2888.8880597014927,5297.070895522388,3065.6492537313434,2345.2257462686566,2573.1735074626868,3290.0466417910447,3058.856343283582,2434.492537313433,3012.8992537313434,5849.126865671642,3341.063432835821,2786.7462686567164,3575.294776119403,6945.641791044776,11725.097014925374,6671.2835820895525,3579.4272388059703,2763.2444029850744,2604.902985074627,2502.5223880597014,2357.472014925373,2336.7723880597014,2863.669776119403,6453.462686567164,4523.55223880597,2993.5578358208954,2735.0391791044776,2633.330223880597,2047.7798507462687,2252.707089552239,3699.7742537313434,6551.66604477612,5937.242537313433,3505.813432835821,2425.492537313433,1960.9589552238806,1669.7985074626865,2231.6492537313434,4118.3451492537315,4223.770522388059,3462.7014925373132,6065.1548507462685,4947.854477611941,4047.216417910448,5244.4720149253735,10389.658582089553,11591.809701492537,7803.70895522388,5859.606343283582,3584.1287313432836,2408.4533582089553,2037.3358208955224,1795.7873134328358,2213.117537313433,1828.233208955224,1784.9235074626865,2115.8973880597014,1911.75,1566.6679104477612,1639.955223880597,1575.188432835821,2031.57276119403,2232.694029850746,2522.6753731343283,2466.117537313433,2913.7388059701493,5443.003731343284,16252.628731343284,22651.47014925373,12323.42723880597,7787.761194029851,6294.236940298508,7398.561567164179,10336.569029850747,6967.371268656716,7911.100746268657,4736.311567164179,3664.457089552239,3799.25,3101.0951492537315,2301.759328358209,2160.151119402985,2157.1548507462685,3578.819029850746,2905.1380597014927,3598.5764925373132,5014.358208955224,3761.6977611940297,2722.626865671642,2168.007462686567,1689.4402985074628,1768.6212686567164,1707.6511194029852,1973.1958955223881,1850.347014925373,1977.6809701492537,2379.2985074626868,2359.625,2803.1567164179105,3144.14552238806,2155.0485074626868,2179.2126865671644,2031.9850746268658,1964.0839552238806,1710.4179104477612,2267.5746268656717,1913.0914179104477,3467.2462686567164,9041.897388059702,7421.772388059701,4023.341417910448,2764.4776119402986,2316.044776119403,2868.7033582089553,2380.5727611940297,2167.9272388059703,2008.1958955223881,3003.0746268656717,2446.606343283582,2163.319029850746,2151.3973880597014,2341.6977611940297,3064.8376865671644,7164.981343283582,12859.507462686568,9984.983208955224,11196.861940298508,6085.0335820895525,3867.794776119403,2923.805970149254,2130.117537313433,1886.8003731343283,1720.5503731343283,1857.6958955223881,1879.4440298507463,2156.4514925373132,2110.4048507462685,2523.069029850746,2012.6492537313434,2702.5652985074626,3204.3619402985073,2491.152985074627,1956.4944029850747,1843.8526119402984,1812.2574626865671,2223.856343283582,2772.1305970149256,4716.417910447762,10508.828358208955,8481.388059701492,4427.210820895522,3391.2611940298507,2954.6996268656717,2478.195895522388,2038.9011194029852,2363.5,3090.125,2654.580223880597,3370.597014925373,6707.285447761194,9988.246268656716,6416.429104477612,3580.6212686567164,2655.458955223881,2316.5858208955224,2005.3787313432836,1575.115671641791,1646.1455223880596,1415.3264925373135,1896.8694029850747,1431.8339552238806,1918.8208955223881,2092.3787313432836,2062.10447761194,2746.72947761194,2429.634328358209,1930.8376865671642,2417.1847014925374,2221.757462686567,2098.481343283582,2179.757462686567,2140.3507462686566,1714.919776119403,1942.8619402985075,2271.805970149254,4254.376865671642,8985.264925373134,5756.615671641791,3626.2537313432836,2771.2388059701493,2665.1828358208954,2299.544776119403,1716.0317164179105,1736.3264925373135,1834.5018656716418,1903.2444029850747,1974.2257462686566,3735.4757462686566,9472.248134328358,7108.149253731343,4646.932835820896,4119.024253731343,3546.1772388059703,4882.899253731343,3944.375,6960.858208955224,18269.548507462685,15466.17723880597,8951.15671641791,7063.973880597015,4534.354477611941,3983.39552238806,4855.723880597015,4158.667910447762,2840.292910447761,2756.259328358209,3898.680970149254,8098.246268656716,7582.231343283582,4520.876865671642,3286.3880597014927,3113.7742537313434,4730.386194029851,9165.742537313432,6453.17723880597,6048.955223880597,4261.768656716418,3336.7630597014927,3151.2388059701493,5156.899253731343,10883.425373134329,13031.914179104477,14278.617537313432,9408.578358208955,5668.365671641791,4196.376865671642,3069.0466417910447,3223.2555970149256,3770.3078358208954,2738.3264925373132,2392.569029850746,2567.1138059701493,2380.2388059701493,2004.3376865671642,1767.6958955223881,1825.5932835820895,1477.8768656716418,1629.7070895522388,1993.9925373134329,2809.7276119402986,3787.820895522388,7022.742537313433,11267.785447761195,20072.38432835821,12236.360074626866,8805.764925373134,10246.779850746268,7697.453358208955,8402.804104477613,12834.587686567163,7387.8414179104475,4890.160447761194,3490.055970149254,2864.2014925373132,2128.9682835820895,2324.776119402985,1727.0074626865671,1885.1231343283582,2610.4272388059703,6851.108208955224,17738.212686567163,12328.30223880597,7290.41604477612,5543.619402985075,4243.013059701492,4401.485074626866,6875.203358208955,19196.419776119405,34760.69402985075,20748.253731343284,13027.576492537313,10807.632462686568,7120.574626865671,5857.804104477612,6208.195895522388,4588.66604477612,4974.953358208955,4464.555970149254,3427.152985074627,3121.188432835821,2527.2555970149256,3001.679104477612,3469.742537313433,3212.259328358209,4726.647388059701,14568.149253731342,29269.173507462685,19912.707089552237,11888.86380597015,8055.873134328358,6465.268656716418,9028.005597014926,16728.828358208953,21600.901119402984,18242.16417910448,17571.899253731342,14769.421641791045,9973.755597014926,8574.339552238805,7869.5951492537315,5184.707089552238,3366.115671641791,2690.061567164179,2364.2126865671644,2041.6809701492537,2285.1641791044776,2882.151119402985,3481.3246268656717,4875.582089552238,3669.6567164179105,2674.598880597015,2358.5652985074626,2125.4944029850744,2022.3805970149253,1870.8246268656717,2479.811567164179,2776.0652985074626,2343.694029850746,1860.9309701492537,2295.9272388059703,2619.60447761194,4350.143656716418,6023.365671641791,4710.141791044776,4026.6492537313434,7485.289179104478,9738.70708955224,10050.819029850747,10991.035447761195,7054.259328358209,8012.54104477612,17488.143656716416,14743.722014925374,14649.546641791045,11370.699626865671,7069.736940298508,5400.934701492537,4503.305970149254,3507.1623134328356,3186.615671641791,3050.4253731343283,3158.458955223881,2569.1007462686566,2782.347014925373,3322.8973880597014,5041.432835820896,9209.893656716418,17967.542910447763,18020.184701492537,10756.490671641792,7127.149253731343,7463.914179104478,10680.96828358209,9479.466417910447,6335.037313432836,5943.5279850746265,4499.223880597015,3759.6119402985073,3624.1753731343283,2822.2182835820895,2080.9253731343283,1947.6958955223881,1724.94776119403,1797.1138059701493,1533.7873134328358,1816.1716417910447,2897.1623134328356,6363.630597014925,17738.871268656716,18094.13432835821,11300.333955223881,8028.5970149253735,6308.886194029851,6599.811567164179,5427.451492537313,4208.388059701492,3809.7537313432836,3788.6119402985073,3414.429104477612,4558.582089552238,4640.225746268657,3296.7742537313434,3380.6716417910447,6592.714552238806,4373.2220149253735,3076.680970149254,2271.311567164179,2437.7649253731342,2970.0932835820895,2972.2611940298507,2548.7108208955224,3078.535447761194,3695.2630597014927,3363.4048507462685,5156.117537313433,14980.283582089553,13555.350746268658,9214.423507462687,10664.994402985074,9488.60447761194,6980.753731343284,8428.160447761195,6560.2817164179105,4173.66604477612,2879.6305970149256,2564.5149253731342,2010.2835820895523,2251.8227611940297,2770.9328358208954,2786.027985074627,2351.9533582089553,2189.304104477612,1915.9347014925372,1916.2257462686566,2222.1548507462685,2911.097014925373,1907.384328358209,1775.669776119403,1500.8414179104477,1504.7238805970148,1649.3078358208954,1888.6492537313434,1797.0130597014925,2065.054104477612,1674.3936567164178,1733.6548507462687,1742.9813432835822,2257.382462686567,2322.0503731343283,2224.47947761194,2978.8619402985073,5034.7779850746265,4467.20895522388,3259.054104477612,2354.257462686567,1969.3805970149253,1692.7761194029852,1813.2257462686566,1630.5988805970148,1794.1753731343283,1727.9085820895523,1757.8283582089553,2431.179104477612,3082.591417910448,5736.240671641791,5925.246268656716,4083.819029850746,4575.514925373134,7959.188432835821,7603.861940298508,5722.063432835821,5137.050373134329,7021.714552238806,6562.9701492537315,5526.125,6001.4682835820895,4662.923507462687,3848.167910447761,5588.565298507463,5788.647388059701,7842.401119402985,12114.014925373134,7925.328358208955,6334.945895522388,6914.100746268657,5378.764925373134,4461.878731343284,3296.320895522388,2340.3917910447763,2186.333955223881,2416.875,5037.938432835821,6196.839552238806,5499.011194029851,4290.013059701492,3093.9253731343283,2549.3022388059703,3320.686567164179,2903.0727611940297,2906.207089552239,2191.541044776119,2072.3022388059703,2580.9869402985073,5868.729477611941,5458.82276119403,4073.313432835821,3025.6007462686566,3489.9141791044776,4236.414179104478,5015.126865671642,6478.679104477612,9943.880597014926,6534.871268656716,6729.3451492537315,9426.401119402984,10870.699626865671,9975.111940298508,14271.462686567163,9108.544776119403,5880.613805970149,4607.203358208955,3573.009328358209,2408.481343283582,1922.8264925373135,1481.1492537313434,1441.6026119402984,1320.2481343283582,1712.1735074626865,2990.580223880597,4444.360074626866,3191.5783582089553,2978.992537313433,3028.563432835821,4364.141791044776,13030.356343283582,19506.972014925374,12224.625,9538.089552238805,9352.009328358208,12712.326492537313,8508.576492537313,5911.938432835821,5961.255597014925,4387.979477611941,3180.3003731343283,3066.839552238806,6036.707089552238,13170.557835820895,12716.694029850747,7867.9720149253735,5029.055970149254,4119.1567164179105,4219.483208955224,4024.501865671642,3504.169776119403,6167.20895522388,8375.102611940298,12397.714552238805,11842.628731343284,25615.016791044774,30212.981343283584,19859.231343283584,15404.046641791045,22561.39552238806,18781.2276119403,13571.641791044776,9018.272388059702,6798.442164179104,5412.4701492537315,4243.861940298508,2995.8917910447763,2724.0522388059703,3727.4235074626868,9688.26119402985,14309.735074626866,9926.125,8918.88619402985,19435.207089552237,22348.917910447763,14969.723880597016,10753.889925373134,11920.388059701492,17493.580223880595,21621.173507462685,28961.473880597016,19040.305970149253,11562.10447761194,7691.061567164179,5384.511194029851,4028.0317164179105,3834.981343283582,4450.619402985075,3162.4757462686566,2544.9888059701493,2082.3899253731342,2527.5858208955224,3230.589552238806,5422.201492537313,16093.942164179105,17945.32276119403,11225.994402985074,8913.550373134329,7679.828358208955,5708.761194029851,3981.841417910448,3207.347014925373,3361.6380597014927,9739.214552238805,15995.274253731342,10557.610074626866,10589.361940298508,11462.054104477613,8976.192164179105,15383.141791044776,14514.880597014926,9160.309701492537,5744.643656716418,4140.505597014925,3604.5522388059703,2985.0652985074626,2074.785447761194,1807.1287313432836,1563.5764925373135,1539.25,1543.990671641791,1645.9981343283582,1945.847014925373,2267.5111940298507,1797.6231343283582,2344.955223880597,2105.2332089552237,2086.3376865671644,2314.4123134328356,2426.9477611940297,2345.832089552239,2071.85447761194,1712.733208955224,1893.483208955224,1786.3376865671642,1890.4570895522388,1525.5559701492537,1363.410447761194,1435.3805970149253,1566.938432835821,2457.6007462686566,4662.210820895522,4853.171641791045,6190.694029850746,12020.111940298508,8894.57276119403,6230.289179104478,6047.630597014925,6503.080223880597,4806.3414179104475,3478.938432835821,3054.938432835821,2585.777985074627,2941.0391791044776,3788.1921641791046,7419.83395522388,13356.938432835821,9391.067164179105,6049.330223880597,5149.285447761194,7799.625,9772.546641791045,13398.518656716418,14660.580223880597,14885.259328358208,9337.425373134329,6336.807835820896,5608.352611940299,4447.2182835820895,3200.723880597015,2506.6119402985073,2432.1828358208954,2796.5578358208954,6930.921641791045,6948.80223880597,7370.246268656716,7671.731343283582,6953.80223880597,5165.1529850746265,4600.300373134329,3598.208955223881,2833.8992537313434,2518.3003731343283,2534.3694029850744,2541.393656716418,4358.951492537313,11406.764925373134,10063.533582089553,7299.555970149254,7151.869402985075,12542.47947761194,25896.050373134327,19399.016791044774,12387.930970149253,8519.591417910447,6425.078358208955,5115.955223880597,6191.41604477612,17768.402985074626,28638.600746268658,22839.0,15544.027985074626,10223.675373134329,7575.492537313433,7231.70895522388,14859.720149253732,15535.464552238805,18521.632462686568,27416.712686567163,19852.360074626864,17146.91417910448,26722.61567164179,20824.841417910447,13280.684701492537,8684.736940298508,6077.570895522388,4651.485074626866,3481.714552238806,2755.916044776119,3151.216417910448,4364.891791044776,9945.764925373134,19679.722014925374,13848.352611940298,8783.481343283582,7143.5970149253735,6093.106343283582,4565.884328358209,3558.4608208955224,3608.4272388059703,5418.20895522388,7541.94776119403,17178.84514925373,28370.63432835821,24921.067164179105,15282.121268656716,10485.703358208955,10294.833955223881,7390.852611940299,4910.9029850746265,3852.9533582089553,3610.2611940298507,4337.945895522388,7179.430970149254,5560.919776119403,4021.0503731343283,3110.8022388059703,3559.3078358208954,10072.779850746268,13231.619402985074,11408.240671641792,7898.011194029851,5579.29104477612,5479.300373134329,3962.813432835821,3156.9477611940297,2726.75,2683.2014925373132,3944.3078358208954,11768.79291044776,11203.317164179105,7271.442164179104,5058.570895522388,5200.039179104478,9996.07276119403,22332.832089552237,21083.494402985074,13534.212686567163,9119.147388059702,6307.145522388059,4400.483208955224,3467.5671641791046,2978.339552238806,2984.0373134328356,6496.675373134329,12451.074626865671,8367.186567164179,6712.1529850746265,6234.5914179104475,4776.895522388059,3323.569029850746,2984.8712686567164,2799.4776119402986,2630.742537313433,2360.311567164179,3846.3227611940297,9428.388059701492,13558.839552238805,9720.320895522387,8313.964552238805,5412.042910447762,3900.472014925373,3058.4757462686566,2707.6361940298507,2496.1007462686566,5740.692164179104,17659.526119402984,24208.011194029852,16586.67910447761,10246.044776119403,6678.199626865671,4814.238805970149,3410.382462686567,2712.1492537313434,2536.063432835821,3352.830223880597,3014.507462686567,3407.180970149254,3984.9962686567164,8159.639925373134,18546.83395522388,21741.31156716418,17490.17723880597,15576.07276119403,20035.0,14111.884328358208,8620.550373134329,5982.022388059701,4551.860074626866,3825.4514925373132,3325.2966417910447,3279.0373134328356,4816.270522388059,4772.805970149254,3762.6361940298507,5366.9682835820895,11415.455223880597,8491.220149253732,5572.9067164179105,5841.897388059701,8036.065298507463,6331.121268656716,7834.585820895522,13610.263059701492,9785.283582089553,6603.022388059701,4573.826492537313,4978.423507462687,13807.298507462687,15401.522388059702,10549.986940298508,7131.792910447762,5528.042910447762,6019.5951492537315,8116.1548507462685,8199.998134328358,5644.569029850746,4978.462686567164,3323.0783582089553,2846.498134328358,2901.707089552239,2497.311567164179,2274.669776119403,2010.714552238806,1639.9085820895523,1539.4813432835822,1752.830223880597,2242.7985074626868,1821.55223880597,1746.983208955224,1482.8805970149253,2078.4533582089553,4192.79104477612,4662.005597014925,4352.113805970149,6320.9067164179105,5456.776119402985,6661.5970149253735,12082.216417910447,8803.912313432837,5871.680970149254,4932.160447761194,10543.199626865671,11908.763059701492,7197.619402985075,4791.324626865671,3765.167910447761,4728.945895522388,4777.477611940299,3868.0652985074626,5358.832089552238,13878.361940298508,10793.73880597015,7554.699626865671,7324.2182835820895,14446.203358208955,11302.30223880597,7219.115671641791,4834.255597014925,4458.498134328358,3765.876865671642,3580.27052238806,2483.2667910447763,2100.652985074627,2873.955223880597,3180.8022388059703,2410.1567164179105,2388.617537313433,1979.311567164179,1753.311567164179,1382.2649253731342,1422.509328358209,1406.1324626865671,2343.9776119402986,2493.5167910447763,2535.8600746268658,2999.8264925373132,2682.158582089552,2257.319029850746,2267.848880597015,2488.902985074627,2548.7257462686566,1792.5261194029852,2043.7014925373135,2813.9253731343283,3805.832089552239,4888.001865671642,5561.464552238806,4696.324626865671,5049.050373134329,4247.5914179104475,4939.498134328358,3577.819029850746,3924.7723880597014,3845.6753731343283,3063.8358208955224,2424.992537313433,2223.6567164179105,2314.22947761194,3799.0522388059703,9278.440298507463,9121.194029850747,5954.934701492537,4124.0970149253735,2959.7369402985073,2317.7723880597014,1835.8152985074628,1835.4701492537313,1861.92723880597,2219.158582089552,1981.4179104477612,2543.6305970149256,2521.7723880597014,2446.7444029850744,2132.455223880597,2223.945895522388,3817.7257462686566,6338.020522388059,6482.9029850746265,6413.108208955224,5592.393656716418,8772.634328358208,19581.940298507463,14588.908582089553,9720.942164179105,7430.626865671642,5905.233208955224,3887.748134328358,2698.740671641791,2304.1212686567164,2066.598880597015,1882.955223880597,1535.8880597014925,1651.759328358209,1992.3264925373135,2754.8003731343283,3686.6417910447763,4521.225746268657,3038.667910447761,2318.0578358208954,1760.061567164179,1615.266791044776,1372.9179104477612,2113.320895522388,2308.223880597015,2043.9626865671642,1705.438432835821,2993.694029850746,2880.208955223881,2388.123134328358,2227.169776119403,2515.783582089552,2083.805970149254,1717.2742537313434,1384.8190298507463,1381.6492537313434,1225.740671641791,1559.8563432835822,1631.5205223880596,1629.9402985074628,1414.169776119403,1377.2742537313434,1216.44776119403,1302.6511194029852,1225.6399253731342,1544.5018656716418,1297.6212686567164,1552.294776119403,1880.125,2242.186567164179,4861.205223880597,7220.378731343284,6087.005597014925,4075.5223880597014,2688.85447761194,2328.339552238806,2005.9048507462687,1957.339552238806,1819.25,1719.5820895522388,1464.57276119403,1604.777985074627,1920.2164179104477,4426.910447761194,15483.01119402985,13152.462686567163,8500.805970149253,6445.419776119403,4938.134328358209,3384.158582089552,2345.768656716418,2526.341417910448,3834.5373134328356,2983.332089552239,2202.0055970149256,1908.4888059701493,1560.8638059701493,1459.688432835821,1367.7966417910447,2041.80223880597,3709.0671641791046,3483.035447761194,2360.6996268656717,2068.0764925373132,2334.7798507462685,2860.919776119403,2307.0130597014927,2162.6977611940297,1657.8880597014925,1631.4981343283582,1342.3246268656717,1425.7444029850747,1829.169776119403,4075.009328358209,3106.1548507462685,2275.242537313433,1735.8246268656717,1889.8992537313434,2452.9123134328356,2181.7611940298507,1644.5914179104477,1566.0690298507463,1204.9570895522388,1181.4328358208954,1225.188432835821,1314.0242537313434,1541.580223880597,2578.8917910447763,6330.29104477612,6742.869402985075,4646.151119402985,4169.626865671642,5332.171641791045,5257.139925373134,3704.9328358208954,4408.837686567164,3187.0149253731342,2584.830223880597,1862.92723880597,1637.8190298507463,1333.311567164179,1384.8320895522388,1176.8600746268658,1349.5,1268.8264925373135,1633.8526119402984,2008.2611940298507,2434.958955223881,1899.0578358208954,1705.2630597014925,1590.311567164179,2441.8264925373132,3350.0317164179105,5461.7164179104475,20717.608208955226,36203.78358208955,22821.175373134327,13370.740671641792,8394.759328358208,5525.557835820896,3403.85447761194,2397.6847014925374,1690.4888059701493,1611.1847014925372,1441.9776119402984,1586.6548507462687,1709.8936567164178,1840.0373134328358,1660.1268656716418,1694.3973880597016,2010.4701492537313,2542.554104477612,2026.9421641791046,1912.44776119403,1578.7238805970148,1712.3936567164178,1901.9309701492537,2114.098880597015,1820.0149253731342,1894.7518656716418,1604.8861940298507,1678.169776119403,1700.8563432835822,2903.332089552239,5054.792910447762,16168.054104477613,29963.591417910447,18745.856343283584,10743.813432835821,7188.455223880597,4643.304104477612,3952.179104477612,4603.04104477612,5153.7817164179105,4468.339552238806,3183.768656716418,2264.583955223881,2274.3619402985073,3426.2555970149256,9349.748134328358,27615.923507462685,19785.38432835821,10978.429104477613,7448.423507462687,5316.309701492537,4317.33395522388,3034.7201492537315,2614.5932835820895,3678.833955223881,4550.429104477612,2975.6138059701493,2593.1623134328356,2337.194029850746,2170.3246268656717,2352.3880597014927,2436.376865671642,1902.8097014925372,1638.4850746268658,1455.2910447761194,1436.3059701492537,1571.1921641791046,1953.8619402985075,2792.0764925373132,4105.240671641791,3869.8973880597014,2817.626865671642,2140.9962686567164,1930.7929104477612,1462.3190298507463,1402.3320895522388,1276.4141791044776,1385.902985074627,1211.625,1267.6044776119404,1247.7761194029852,1309.464552238806,1305.2070895522388,1421.8544776119404,1104.3320895522388,1167.7985074626865,1072.7126865671642,1302.7723880597016,1591.6361940298507,2028.2723880597016,1598.5764925373135,1535.5932835820895,1944.4347014925372,2055.419776119403,1528.938432835821,1393.9888059701493,1416.0391791044776,1639.9664179104477,1719.9496268656717,1568.4869402985075,1205.7966417910447,1231.160447761194,1211.7164179104477,1597.6268656716418,1384.0541044776119,1299.5335820895523,1224.2257462686566,1506.9570895522388,2072.313432835821,3632.35447761194,2425.751865671642,1985.0597014925372,2039.3899253731342,3064.6921641791046,2060.47947761194,1652.9440298507463,1345.1511194029852,1363.7929104477612,1480.30223880597,1700.330223880597,1469.5503731343283,2131.339552238806,1816.6958955223881,1527.8712686567164,1239.5914179104477,1236.6175373134329,1198.07276119403,1797.3283582089553,6022.628731343284,6240.876865671642,3802.3171641791046,3099.0317164179105,2267.9328358208954,1806.2014925373135,1967.6063432835822,2110.731343283582,1670.1921641791046,1640.4458955223881,1447.0223880597016,1345.3059701492537,1282.2761194029852,1938.0671641791046,2087.660447761194,1820.75,2716.152985074627,2902.268656716418,1847.7033582089553,1626.4141791044776,1272.608208955224,1279.8376865671642,1365.7649253731342,2993.143656716418,13742.365671641792,12899.223880597016,7961.705223880597,5306.832089552238,4734.462686567164,6286.832089552238,3782.875,2445.492537313433,2160.041044776119,3059.5317164179105,2327.251865671642,1734.839552238806,1304.6828358208954,1274.2164179104477,1186.0261194029852,1260.1679104477612,1143.311567164179,1261.8059701492537,1463.4589552238806,2184.847014925373,8309.294776119403,21248.863805970148,15257.647388059702,8108.25,4742.610074626866,3029.089552238806,1925.1828358208954,2013.2350746268658,2586.4533582089553,2076.0149253731342,1782.902985074627,2259.179104477612,1938.9011194029852,1732.0410447761194,1389.82276119403,1569.5914179104477,1692.3171641791046,1684.313432835821,2162.0167910447763,4860.2798507462685,7541.582089552238,6429.819029850746,4047.85447761194,3247.5167910447763,4872.494402985075,4218.365671641791,4022.2276119402986,3583.2369402985073,3053.541044776119,2328.195895522388,1745.330223880597,1551.384328358209,1334.410447761194,1301.8861940298507,1075.009328358209,1106.391791044776,1073.1958955223881,1154.8768656716418,1055.6641791044776,1243.125,1056.0410447761194,1120.384328358209,959.2014925373135,1113.8283582089553,1158.5597014925372,1379.759328358209,1248.3805970149253,1285.1194029850747,1306.009328358209,2175.3619402985073,2233.917910447761,2868.5727611940297,2877.7649253731342,2579.626865671642,2218.7332089552237,1886.7798507462687,1900.5914179104477,3008.1007462686566,4174.570895522388,3784.0764925373132,2975.160447761194,2584.160447761194,2013.7126865671642,1749.5485074626865,1458.222014925373,1395.6231343283582,1271.7164179104477,1653.1735074626865,4901.294776119403,7992.320895522388,5159.761194029851,3447.708955223881,2209.205223880597,1995.3208955223881,3316.1716417910447,3032.0,2192.686567164179,3160.8507462686566,9208.744402985074,12633.960820895523,11099.548507462687,6198.358208955224,3651.365671641791,2582.473880597015,1911.0652985074628,2890.981343283582,7126.457089552238,5325.936567164179,2947.660447761194,2026.4888059701493,1471.044776119403,1361.563432835821,1709.8824626865671,3435.0858208955224,3393.89552238806,3184.242537313433,2287.9402985074626,2778.805970149254,8650.436567164179,13740.805970149253,14769.128731343284,8005.632462686567,4392.048507462687,3566.1399253731342,6023.285447761194,16686.38432835821,10581.445895522387,5412.011194029851,4320.371268656716,3598.4832089552237,2083.9701492537315,1764.9085820895523,1356.3246268656717,1504.6679104477612,1731.1809701492537,1561.8246268656717,1457.1194029850747,1743.7742537313434,1585.4141791044776,2313.0149253731342,4629.567164179104,3396.865671641791,1879.1399253731342,1513.1585820895523,1170.313432835821,1342.9216417910447,1676.4291044776119,1448.5,1154.1716417910447,1433.6473880597016,2107.569029850746,2262.6082089552237,1994.7873134328358,2952.041044776119,2200.848880597015,2295.6007462686566,5291.511194029851,4481.272388059701,2796.365671641791,2017.8171641791046,1671.1567164179105,3941.2388059701493,3729.5167910447763,2437.6567164179105,2513.9123134328356,3761.8152985074626,3120.615671641791,3842.490671641791,3589.916044776119,3442.9141791044776,6900.548507462687,11902.065298507463,7348.759328358209,4039.873134328358,2383.214552238806,1909.5130597014925,1388.4570895522388,1329.0223880597016,1174.063432835821,1267.9458955223881,1412.4738805970148,3739.2276119402986,7822.305970149254,5317.055970149254,3044.3003731343283,4422.0298507462685,12768.583955223881,10074.26119402985,4916.332089552238,3231.526119402985,3019.8097014925374,4578.138059701492,4424.423507462687,3650.5746268656717,2468.2332089552237,1801.8992537313434,1252.8955223880596,1117.5186567164178,1119.4869402985075,1285.07276119403,1126.438432835821,1097.0932835820895,1322.5783582089553,2151.9514925373132,1941.3003731343283,1761.2276119402984,2387.811567164179,4663.078358208955,3838.1921641791046,2643.666044776119,2023.55223880597,6092.2779850746265,15084.615671641792,20822.399253731342,12158.147388059702,5380.567164179104,2592.688432835821,1738.490671641791,1286.0149253731342,1861.8712686567164,1718.7630597014925,1435.6996268656717,1170.509328358209,1198.3526119402984,1069.3973880597016,1156.3563432835822,1134.5541044776119,1451.8320895522388,1630.2929104477612,3173.222014925373,15079.72947761194,23841.097014925374,12592.555970149253,5479.182835820896,2873.9533582089553,1893.9291044776119,1375.0708955223881,1436.2201492537313,1352.214552238806,1325.1231343283582,1200.6455223880596,1207.0746268656717,1320.2276119402984,1619.6660447761194,1859.7574626865671,1801.0,1493.0746268656717,1570.80223880597,1732.2462686567164,4737.035447761194,17092.473880597016,30969.97014925373,22174.639925373136,9465.352611940298,4245.348880597015,2536.785447761194,1963.7444029850747,2048.9776119402986,1480.6716417910447,1311.6548507462687,1174.1809701492537,1162.2388059701493,1048.2164179104477,1207.9123134328358,1009.4402985074627,1050.938432835821,1189.6641791044776,1210.5708955223881,1120.4496268656717,1575.5,4721.6529850746265,6903.266791044776,3697.365671641791,1993.544776119403,1309.4291044776119,1280.1921641791046,1518.3936567164178,1525.3805970149253,1212.3731343283582,1293.3078358208954,1141.3675373134329,1272.2238805970148,1128.6958955223881,1339.2014925373135,1517.9682835820895,1641.7798507462687,1390.5708955223881,1443.464552238806,1247.4496268656717,1277.5410447761194,1279.410447761194,3692.8805970149256,9025.772388059702,7661.361940298508,3328.429104477612,1882.3097014925372,1262.3526119402984,1131.6623134328358,1211.6324626865671,1757.097014925373,2597.4944029850744,7680.6567164179105,9920.13619402985,5579.410447761194,2718.7388059701493,1795.3190298507463,1351.2481343283582,1422.4347014925372,1202.55223880597,1192.7276119402984,1080.2294776119404,1254.8097014925372,1420.419776119403,1836.3675373134329,1677.6753731343283,2024.0559701492537,5681.085820895522,19149.417910447763,22899.285447761195,12026.893656716418,5753.069029850746,3386.875,1917.660447761194,1471.1847014925372,1046.722014925373,1135.3973880597016,976.1156716417911,1037.2537313432836,1009.5391791044776,1431.3264925373135,3575.4682835820895,5234.707089552238,3220.4626865671644,1801.55223880597,1253.1511194029852,1163.2425373134329,1006.1604477611941,1082.8264925373135,952.7817164179105,1077.0298507462687,935.4869402985074,1124.125,1067.5242537313434,1132.5783582089553,1133.0914179104477,1144.839552238806,1018.1529850746268,1328.8451492537313,1914.5130597014925,7552.0914179104475,19288.52985074627,23514.815298507463,12349.576492537313,5649.712686567164,2880.8376865671644,1896.875,1222.8619402985075,1186.7276119402984,1019.026119402985,1101.0037313432836,915.0503731343283,1013.5522388059702,1067.1007462686566,1107.3246268656717,1007.2033582089553,1072.1212686567164,974.8097014925373,1079.6921641791046,964.1492537313433,1124.9962686567164,1810.0018656716418,3082.6361940298507,3390.4496268656717,2197.944029850746,1342.0074626865671,1174.2164179104477,985.6007462686567,1088.910447761194,948.7014925373135,1054.8563432835822,964.4123134328358,1041.4776119402984,1052.0055970149253,1221.3320895522388,1192.365671641791,1215.1287313432836,1060.6324626865671,1164.8414179104477,1038.865671641791,1200.339552238806,1120.714552238806,1160.589552238806,968.7276119402985,1050.061567164179,1096.9869402985075,1036.8861940298507,999.9048507462686,1151.9794776119404,1253.686567164179,2001.5671641791046,2513.5671641791046,3060.158582089552,1991.6212686567164,1389.0074626865671,1030.1902985074628,1046.3638059701493,965.8470149253732,1056.839552238806,892.3414179104477,1038.035447761194,1049.5764925373135,1331.6324626865671,1283.910447761194,1187.2164179104477,1027.858208955224,1097.2425373134329,1034.2518656716418,1110.2108208955224,958.3432835820895,1098.2164179104477,969.6361940298508,1102.5764925373135,1017.8376865671642,1066.2891791044776,939.2891791044776,1082.3992537313434,1200.2033582089553,1503.2164179104477,1513.0746268656717,1762.94776119403,1463.8731343283582,1757.3824626865671,1960.740671641791,2163.0373134328356,1514.3264925373135,1247.4981343283582,1036.535447761194,1120.891791044776,1124.311567164179,1293.016791044776,1200.6940298507463,1322.0764925373135,1672.9440298507463,2328.3526119402986,2805.367537313433,2634.847014925373,1627.2462686567164,1261.5055970149253,1092.05223880597,1129.5130597014925,1031.0373134328358,1196.0951492537313,1113.0820895522388,1343.67723880597,1447.6138059701493,2672.6828358208954,8342.291044776119,17332.992537313432,24509.722014925374,25769.923507462685,13867.533582089553,5920.600746268657,2674.973880597015,1877.1305970149253,1451.3824626865671,1576.1623134328358,1781.0708955223881,2119.757462686567,2018.8339552238806,1786.660447761194,1395.902985074627,1443.3712686567164,1394.8899253731342,1447.8526119402984,1246.5690298507463,1210.4011194029852,1017.9141791044776,1122.1641791044776,924.1175373134329,1143.7630597014925,991.9944029850747,1097.7891791044776,958.7014925373135,987.9235074626865,859.2705223880597,943.3544776119403,924.9384328358209,1036.509328358209,895.2014925373135,1043.277985074627,1312.4141791044776,1447.3432835820895,1371.4813432835822,1497.8768656716418,1437.8264925373135,3118.143656716418,7974.3470149253735,12477.731343283582,16500.74067164179,16671.139925373136,9172.958955223881,3963.251865671642,2186.8899253731342,2002.9925373134329,1956.6996268656717
579.5966767371601,502.1601208459214,527.3293051359517,464.27190332326285,587.5694864048338,432.5030211480362,539.0981873111782,524.749244712991,554.3081570996978,525.8912386706949,580.2990936555891,506.1102719033233,612.2628398791541,476.6465256797583,592.1389728096676,614.0815709969788,653.4969788519637,612.7175226586103,592.2356495468277,567.4818731117825,605.3972809667674,567.5271903323263,675.8368580060423,598.9848942598187,692.1540785498489,675.6993957703927,647.2341389728097,591.8867069486405,640.8202416918429,580.3549848942598,691.1374622356495,609.6148036253776,705.3534743202417,635.4939577039275,707.7401812688822,607.3111782477341,727.1646525679758,591.1963746223565,708.3398791540785,597.0377643504531,709.02416918429,638.6283987915408,624.1027190332326,715.4697885196375,667.4335347432025,533.4728096676737,647.0196374622357,725.2129909365559,747.6299093655589,628.0287009063444,719.1842900302115,689.7764350453173,712.2114803625377,688.1933534743202,742.4546827794562,597.5649546827794,723.2129909365559,651.8580060422961,687.9939577039275,632.9818731117825,698.1948640483383,638.785498489426,686.8006042296073,622.0075528700906,736.2371601208459,652.297583081571,725.4516616314199,669.2583081570997,619.6706948640483,727.6163141993958,678.6888217522659,667.8912386706949,726.2069486404833,641.5090634441087,711.5151057401813,676.7129909365559,741.2945619335347,677.6586102719033,690.6087613293051,819.2794561933534,769.9425981873112,672.1344410876133,730.2190332326284,714.7129909365559,739.5015105740181,692.5407854984894,778.2220543806646,649.1888217522659,707.4471299093656,710.4833836858006,744.7870090634441,659.5422960725075,776.4577039274925,759.9274924471299,722.5785498489425,745.6027190332326,747.8897280966768,722.4939577039275,787.5861027190332,699.1102719033232,787.5483383685801,714.7764350453173,746.9848942598187,703.6132930513595,678.4018126888218,693.9788519637463,806.8625377643505,667.1404833836858,763.6450151057402,697.9320241691843,643.5287009063444,834.3731117824774,828.6888217522659,742.1676737160121,773.4033232628399,734.2885196374623,839.3474320241692,714.6948640483383,797.1767371601209,768.0422960725075,766.8323262839879,773.8912386706949,821.0332326283988,736.7915407854985,794.070996978852,706.034743202417,765.9395770392749,720.2960725075528,841.6933534743202,794.8897280966768,815.9803625377643,759.3413897280967,837.5513595166163,736.3353474320242,751.7084592145015,738.9561933534743,816.202416918429,776.321752265861,819.0800604229607,666.9229607250755,771.0030211480363,688.761329305136,674.2885196374623,820.3398791540785,855.4018126888218,754.2280966767372,775.3247734138973,773.4667673716012,783.522658610272,796.5634441087614,784.6435045317221,726.9501510574019,765.7054380664653,744.0770392749245,845.8912386706949,799.3126888217523,785.3700906344411,780.3534743202417,764.8126888217523,688.441087613293,829.9546827794562,796.6933534743202,764.297583081571,777.4093655589124,830.02416918429,771.3549848942598,796.7009063444109,792.761329305136,845.6797583081571,716.8564954682779,865.083081570997,797.9184290030212,841.9108761329305,771.1102719033232,737.7280966767372,868.5906344410876,884.8655589123867,773.2235649546827,850.7069486404833,757.0090634441087,891.9592145015106,787.5815709969788,796.2326283987916,799.7084592145015,768.7416918429003,754.487915407855,831.0679758308157,812.8066465256798,791.7114803625377,819.7401812688822,823.5815709969788,808.3731117824774,841.4577039274925,773.036253776435,857.2658610271903,765.9244712990936,858.6646525679758,815.5407854984894,824.6253776435045,882.5045317220544,802.6087613293051,831.2099697885196,871.8323262839879,821.4546827794562,847.5528700906344,770.1570996978852,731.8368580060423,908.5392749244713,814.8489425981874,831.9833836858006,869.6676737160121,801.5936555891238,857.3972809667674,791.453172205438,852.6450151057402,811.6963746223565,859.7537764350453,780.8232628398791,817.6948640483383,790.6495468277946,842.5679758308157,837.9335347432025,876.9712990936556,809.8293051359517,873.3761329305136,861.9093655589124,829.8716012084592,785.2522658610272,815.6540785498489,866.6027190332326,874.7824773413897,840.8202416918429,865.0045317220544,874.904833836858,862.5891238670695,868.4592145015106,800.5015105740181,778.570996978852,780.2371601208459,912.6827794561933,866.5634441087614,824.4244712990936,788.8383685800604,813.570996978852,822.1223564954682,804.9592145015106,846.9199395770393,751.9864048338369,807.821752265861,832.5135951661631,782.977341389728,828.773413897281,768.5090634441087,771.2356495468277,837.1812688821752,794.1978851963746,796.4214501510575,806.7719033232628,839.9864048338369,830.7371601208459,830.9803625377643,854.6465256797583,869.3398791540785,764.2567975830816,887.3126888217523,806.1314199395771,838.5256797583081,880.1631419939577,832.3398791540785,811.0453172205438,880.5,947.2280966767372,897.2870090634441,812.0030211480363,941.2220543806646,856.1767371601209,863.3897280966768,865.749244712991,849.8504531722054,841.4184290030212,878.1510574018126,778.2099697885196,811.8972809667674,846.3277945619335,844.2099697885196,879.9380664652568,857.0438066465257,875.5407854984894,853.3806646525679,779.5211480362537,876.749244712991,807.465256797583,835.2703927492447,841.570996978852,871.6978851963746,843.1404833836858,883.0936555891238,798.321752265861,862.6858006042296,816.3761329305136,860.465256797583,813.6480362537765,783.9939577039275,973.1510574018126,895.034743202417,888.7054380664653,831.7401812688822,809.5483383685801,861.6918429003022,837.7628398791541,853.512084592145,883.8882175226586,827.2205438066466,832.3897280966768,890.1480362537765,828.4622356495469,907.7160120845922,815.1450151057402,844.3232628398791,866.5543806646525,895.2039274924472,855.8172205438067,896.5332326283988,898.6510574018126,886.892749244713,841.534743202417,878.5105740181269,889.0407854984894,836.5891238670695,913.5256797583081,913.3580060422961,854.1223564954682,898.8066465256798,811.3111782477341,777.8806646525679,1014.4939577039275,1039.8066465256798,925.8066465256798,913.6435045317221,907.2205438066466,947.7039274924472,844.6540785498489,917.0528700906344,837.5030211480363,880.5679758308157,937.6858006042296,823.5498489425981,914.8867069486405,972.965256797583,918.8066465256798,958.3504531722054,906.9184290030212,912.7915407854985,894.1767371601209,932.4682779456193,937.3308157099698,928.1450151057402,888.1525679758308,899.8066465256798,890.0196374622357,873.4607250755287,877.97583081571,927.583081570997,925.3580060422961,928.5634441087614,850.2432024169184,820.8685800604229,959.2220543806646,956.0891238670695,918.070996978852,942.9592145015106,998.6012084592145,1096.1223564954682,1031.4969788519638,956.1631419939577,906.487915407855,910.3504531722054,917.0317220543807,965.9833836858006,912.4456193353475,928.487915407855,968.8293051359517,977.1661631419939,963.8610271903324,982.9108761329305,910.1631419939577,998.0377643504531,924.0740181268882,972.963746223565,943.5891238670695,1007.8610271903324,976.6767371601209,942.5921450151058,926.6299093655589,956.0060422960725,905.5105740181269,953.1661631419939,923.4078549848942,849.6691842900302,1058.1163141993957,948.1812688821752,963.4456193353475,995.465256797583,940.0422960725075,1023.1435045317221,961.7326283987916,971.3474320241692,1036.0060422960726,1016.3187311178248,941.7099697885196,998.7462235649547,932.0558912386707,942.8806646525679,997.7009063444109,1064.6676737160121,1033.702416918429,1071.3504531722053,1004.3353474320242,1023.0377643504531,981.9154078549849,985.904833836858,1038.690332326284,992.4833836858006,997.8308157099698,1058.8716012084592,1033.9365558912386,1046.9244712990937,1021.0921450151058,1055.8851963746224,915.5906344410876,969.5166163141994,1195.5528700906345,1025.3262839879153,1104.1812688821751,1066.7839879154078,1020.6102719033232,1125.6480362537764,1184.1722054380664,1238.2628398791542,1066.392749244713,1056.5891238670695,978.8519637462235,969.5,1025.7311178247735,1050.8489425981873,1008.3006042296073,1059.3353474320243,1003.0090634441087,1056.0151057401813,1030.5317220543807,1003.0725075528701,981.1374622356495,1077.155589123867,997.0483383685801,1054.3398791540785,1088.570996978852,1053.155589123867,979.8761329305136,942.0619335347432,956.0287009063444,989.0181268882175,916.5755287009064,947.9274924471299,1077.4018126888218,1088.1344410876134,958.4501510574019,998.4864048338369,1041.6767371601209,1189.7190332326284,1153.703927492447,1143.654078549849,970.5800604229607,1019.5317220543807,1007.0498489425981,1043.4788519637461,1154.3474320241692,1164.6012084592146,1115.5574018126888,996.6752265861027,987.3731117824774,1010.4486404833837,1022.5377643504531,1124.1812688821751,1095.9607250755287,1076.7175226586103,1023.2326283987916,1040.2175226586103,1031.5105740181268,1164.4622356495468,1151.2341389728097,1261.2628398791542,1107.132930513595,1083.7326283987916,988.5558912386707,980.5287009063444,1114.963746223565,1058.9410876132931,977.7824773413897,1083.7356495468277,1090.0785498489427,1094.7356495468277,1127.7386706948641,1093.3987915407854,1034.8655589123866,1082.415407854985,1125.2190332326284,1253.4093655589124,1062.250755287009,1107.8308157099698,1095.5876132930514,1146.5166163141994,1120.2673716012084,1091.0574018126888,1042.95166163142,1236.9335347432025,1175.858006042296,1110.4350453172206,1089.2069486404835,1125.5513595166162,1111.4743202416919,1161.6117824773414,1108.5876132930514,1091.9108761329305,1024.6525679758308,1104.299093655589,1037.1057401812689,950.0392749244713,1148.273413897281,1086.4078549848944,1049.844410876133,1067.9259818731118,1062.8610271903324,1134.6283987915408,1044.9743202416919,1114.1042296072508,1099.821752265861,1042.8987915407854,1119.2900302114804,1105.0392749244713,984.7960725075528,1138.929003021148,1063.141993957704,1075.4833836858006,995.9788519637463,1117.5151057401813,1075.8141993957704,1062.415407854985,1063.5664652567975,1033.4803625377644,993.1435045317221,1095.987915407855,1056.1858006042296,1083.9939577039274,1078.2447129909365,1124.7537764350452,1007.9969788519637,1106.3247734138972,1026.6223564954682,1075.5891238670695,1089.8534743202417,1163.95166163142,1111.4229607250754,1096.868580060423,1171.9184290030212,1254.8051359516617,1146.977341389728,1199.2885196374623,1149.9924471299094,1276.2371601208458,1164.6374622356495,1201.1495468277947,1154.5438066465256,1013.4577039274925,1089.8504531722053,1194.3157099697885,1157.9969788519638,1184.453172205438,1035.954682779456,1065.844410876133,1044.5876132930514,1244.8187311178249,1286.9123867069486,1244.7552870090635,1113.4622356495468,1036.3293051359517,991.6042296072508,1185.8897280966767,1131.5770392749246,1306.5664652567975,1159.8972809667673,1104.4320241691844,1269.1888217522658,1425.2598187311178,1289.7628398791542,1157.0921450151056,1034.4833836858006,1089.6359516616315,1038.0196374622356,1128.1404833836857,1151.001510574018,1170.52416918429,1101.6691842900302,1083.129909365559,1043.5815709969788,1164.1374622356495,1148.7401812688822,1257.6767371601209,1049.4018126888218,1160.1042296072508,1023.012084592145,1112.4848942598187,1097.8746223564954,1365.2809667673716,1062.132930513595,1041.6525679758308,1000.8897280966768,1134.2779456193352,1152.0543806646526,1275.6042296072508,1048.5045317220545,1041.6842900302115,931.1450151057402,1077.0634441087614,1261.4652567975832,1265.726586102719,1086.4350453172206,1138.7220543806648,1073.867069486405,1232.7900302114804,1166.2462235649548,1156.3791540785498,1106.570996978852,1102.5030211480362,1144.012084592145,1228.069486404834,1075.2311178247735,1019.1858006042296,1075.406344410876,1287.9365558912386,1407.2839879154078,1595.406344410876,1256.930513595166,1213.6963746223564,1109.4471299093655,1108.785498489426,1067.8383685800604,1120.3006042296072,1070.8187311178249,1292.4410876132931,1059.119335347432,1070.0891238670695,961.7960725075528,1012.4184290030212,956.4728096676737,1007.3111782477341,1076.0075528700906,1231.867069486405,1191.1631419939577,1099.1132930513595,1013.0256797583081,1103.6963746223564,1057.1012084592146,1136.1631419939577,1158.4320241691844,1122.119335347432,1022.5845921450151,1031.3111782477342,979.595166163142,1035.5271903323262,995.416918429003,1114.2643504531723,1078.4350453172206,1163.9743202416919,1178.4818731117825,1348.6767371601209,1077.6888217522658,1096.0861027190333,1007.3293051359517,1024.654078549849,972.8519637462235,1102.9818731117825,1030.545317220544,1193.2220543806648,1228.0815709969788,1478.8746223564954,1551.8776435045318,1195.9909365558913,1178.4456193353474,1183.0090634441087,1079.8957703927492,1467.8549848942598,1716.4199395770393,1624.9441087613293,1785.3157099697885,1532.6148036253776,1084.1752265861028,1161.8882175226586,1060.5181268882175,1168.6706948640483,1159.8277945619336,1462.8081570996978,1799.6691842900302,1579.0966767371601,1406.631419939577,1595.143504531722,1467.157099697885,1497.1480362537764,1385.845921450151,1739.6525679758308,2507.0302114803626,3112.487915407855,2452.4788519637464,1915.083081570997,1538.4350453172206,1501.8006042296072,1587.430513595166,2265.0770392749246,2621.723564954683,1600.8232628398791,1387.1873111782477,1329.2628398791542,1322.4441087613293,1345.6767371601209,1165.1495468277947,1306.1842900302115,1205.7598187311178,1553.0302114803626,1684.882175226586,1446.2839879154078,1141.7870090634442,1225.8277945619336,1174.4561933534744,1463.9138972809667,1859.6752265861028,2357.6117824773414,2554.0770392749246,2199.9380664652567,1440.7099697885196,1713.2552870090635,1418.3489425981873,1383.9456193353474,1530.4667673716012,1947.7839879154078,1727.2885196374623,1352.9214501510573,1460.5181268882175,1418.3021148036253,1393.1646525679757,1873.2371601208458,1610.8489425981873,1405.799093655589,1594.2522658610271,1517.939577039275,1215.2688821752265,1339.3383685800604,1536.569486404834,2148.1132930513595,1780.643504531722,1810.250755287009,1565.203927492447,1365.4924471299094,1265.6132930513595,1316.2809667673716,1396.6978851963747,1726.8066465256798,1905.820241691843,1814.6480362537764,2357.6465256797583,3025.6631419939577,3720.2583081570997,2968.861027190332,2417.78247734139,1906.3625377643505,1737.7462235649548,1505.6465256797583,1202.5543806646526,1325.225075528701,1473.5664652567975,1886.4335347432025,2366.558912386707,1763.4697885196374,1335.6737160120847,1312.3262839879153,1453.858006042296,1522.321752265861,1148.8882175226586,1375.1842900302115,1426.536253776435,1904.8081570996978,2763.1268882175227,3497.7915407854985,1801.166163141994,1442.7311178247735,1342.9682779456193,1756.47583081571,2238.3293051359515,2182.73413897281,1489.0558912386707,1439.8051359516617,1359.3972809667673,1636.9335347432025,1512.9259818731118,1815.2296072507552,2464.3157099697887,3437.631419939577,2205.1374622356498,2161.2069486404835,2424.4743202416917,1722.6888217522658,1375.9848942598187,1468.7054380664651,1673.619335347432,2467.5,3148.0891238670697,2425.3262839879153,1708.8595166163143,1781.155589123867,2227.2537764350454,1593.0679758308156,1221.07250755287,1370.2885196374623,1226.6631419939577,1300.714501510574,1264.8187311178249,1522.046827794562,1245.1374622356495,1376.7054380664651,1238.0347432024168,1246.2205438066464,1149.5105740181268,1263.8957703927492,1303.6752265861028,1685.5392749244713,1602.8851963746224,1856.1978851963747,1380.6676737160121,1396.6676737160121,1209.154078549849,1309.1027190332327,1393.833836858006,1606.3625377643505,1621.998489425982,1746.0981873111782,1670.6978851963747,1702.47583081571,1501.3247734138972,1598.368580060423,1819.607250755287,1665.131419939577,1587.2598187311178,2062.4818731117825,1901.1102719033233,1650.190332326284,1490.916918429003,1469.9471299093655,1415.1586102719034,1776.7401812688822,2270.460725075529,2580.939577039275,1800.4425981873112,1377.9607250755287,1428.2658610271903,2004.867069486405,1650.1918429003022,1834.3489425981873,1985.1691842900302,1970.132930513595,1871.0060422960726,1785.4138972809667,1599.228096676737,1722.5075528700906,1358.0996978851963,1437.9894259818732,1389.9003021148037,1518.8368580060423,1402.1873111782477,1511.5317220543807,1383.203927492447,1522.953172205438,1770.5649546827794,1684.382175226586,1454.1012084592146,1567.702416918429,1502.0151057401813,1614.8655589123866,1810.0407854984894,1903.820241691843,1821.749244712991,1837.321752265861,1666.8836858006043,1941.6465256797583,2248.6087613293053,2676.036253776435,2715.1178247734138,2301.963746223565,1890.3897280966767,2176.6978851963745,2232.2885196374623,2070.138972809668,1983.0075528700906,2048.635951661631,1875.274924471299,1895.271903323263,1801.226586102719,1746.367069486405,1782.5332326283988,1903.9184290030212,1773.4380664652567,2872.0649546827794,3013.832326283988,2038.0543806646526,1825.2930513595165,2183.4833836858006,1620.821752265861,1881.7296072507552,1760.7190332326284,1670.714501510574,1807.1631419939577,2213.0755287009065,2784.6510574018125,3108.537764350453,1822.856495468278,2026.3021148036253,2770.628398791541,3979.892749244713,4973.847432024169,3891.034743202417,2526.212990936556,2014.380664652568,2279.0679758308156,2883.960725075529,3141.8534743202417,4207.003021148036,4149.312688821752,3986.8474320241694,4712.960725075529,5134.125377643504,4968.7250755287005,3365.9108761329303,2609.0075528700904,3270.861027190332,2362.229607250755,1724.3655589123866,1715.9864048338368,2083.3912386706947,2178.368580060423,2118.8006042296074,1856.7175226586103,2093.771903323263,2214.012084592145,1825.4244712990937,1931.821752265861,3005.191842900302,3153.364048338369,2512.950151057402,2215.216012084592,2470.202416918429,1913.7311178247735,1965.7915407854985,2158.950151057402,2614.8897280966767,2782.1570996978853,2510.3746223564954,1882.3549848942598,1680.820241691843,1507.4969788519638,1900.8867069486405,2597.8821752265862,2972.6087613293053,2431.154078549849,2222.2492447129907,1903.9214501510573,2619.0181268882175,2988.4305135951663,2408.7809667673714,3115.9214501510573,3397.33081570997,2528.8731117824773,3087.2552870090635,3048.33081570997,3047.043806646526,2414.367069486405,1951.358006042296,2167.6495468277944,2888.3006042296074,3900.045317220544,5122.430513595166,4505.841389728097,4494.238670694864,3612.131419939577,3496.963746223565,3189.3006042296074,3588.8383685800604,4066.808157099698,3859.223564954683,4587.921450151058,4852.768882175226,3244.223564954683,2499.725075528701,1983.0317220543807,2307.1012084592144,2516.9848942598187,3426.5543806646524,3790.320241691843,3457.3897280966767,3578.5332326283988,3909.9667673716012,4714.40332326284,5354.146525679758,3642.8851963746224,4056.725075528701,4023.592145015106,3059.2220543806648,3360.037764350453,4129.3867069486405,3688.856495468278,3545.5211480362536,3052.774924471299,3947.6253776435046,3989.1027190332325,4079.894259818731,4018.2809667673714,4837.285498489426,3853.595166163142,3212.2326283987913,3112.965256797583,3801.401812688822,3889.175226586103,3357.9577039274923,2509.4244712990935,2058.2447129909365,1593.6616314199396,1825.0981873111782,1680.5422960725075,1537.0407854984894,1481.7900302114804,1689.5498489425981,1446.773413897281,1506.891238670695,1511.083081570997,1503.4607250755287,1442.9018126888218,1547.9622356495468,1650.8247734138972,1838.4184290030212,1754.1450151057402,2547.3897280966767,3424.0755287009065,3020.057401812689,2270.311178247734,1568.8836858006043,1331.7809667673716,1626.8066465256798,1866.858006042296,2231.0151057401813,1507.7296072507552,1665.0196374622356,1567.7220543806648,1693.7537764350452,1838.1616314199396,1886.9441087613293,1307.2401812688822,1416.2432024169184,1452.569486404834,1688.1208459214502,1813.5634441087614,2043.1993957703928,2468.7326283987913,3086.592145015106,2388.140483383686,2070.26586102719,2315.996978851964,1665.512084592145,1416.8987915407854,1510.178247734139,1450.6752265861028,1778.2341389728097,2454.4244712990935,3171.5211480362536,1906.8066465256798,1932.2296072507552,2292.5679758308156,2779.2220543806648,3521.9728096676736,2600.081570996979,1755.477341389728,2467.321752265861,2134.308157099698,1711.9350453172206,1335.57250755287,1698.904833836858,2036.1616314199396,2650.783987915408,1918.5558912386707,2241.175226586103,2336.5422960725077,2201.2960725075527,1371.1933534743202,1499.5166163141994,1530.0619335347433,1945.4622356495468,2640.2945619335346,4479.019637462236,5542.974320241692,5887.883685800604,3362.04833836858,1830.1359516616315,1388.6450151057402,1421.8595166163143,1258.501510574018,1491.1404833836857,1506.5075528700906,2089.7416918429003,2382.5558912386705,2935.105740181269,3455.8534743202417,4310.57250755287,2262.4803625377644,1942.703927492447,1850.271903323263,2069.5060422960723,2129.5422960725077,3033.0060422960723,3950.45166163142,3314.8398791540785,2342.3277945619334,3153.178247734139,2451.5543806646524,1641.5755287009063,1459.4622356495468,1738.0800604229607,2079.676737160121,3245.6948640483383,2605.8021148036255,1842.6510574018127,1775.560422960725,2045.6767371601209,2171.9486404833838,2422.463746223565,2073.07250755287,1709.249244712991,2103.42749244713,2171.729607250755,1955.1676737160121,3141.858006042296,3029.129909365559,1930.4818731117825,1803.9350453172206,2728.8746223564954,2937.9441087613295,2351.02416918429,2678.906344410876,3823.4803625377644,5339.370090634441,3891.5287009063445,2015.2175226586103,1623.774924471299,1293.5755287009063,1454.6993957703928,1393.4365558912386,1841.3897280966767,1597.392749244713,1469.0619335347433,1277.271903323263,1353.774924471299,1101.2930513595165,1241.5543806646526,1282.2160120845922,1334.5981873111782,1372.5332326283988,1382.904833836858,1105.2567975830816,1436.771903323263,1475.929003021148,1365.512084592145,1129.5181268882175,1268.214501510574,1126.6586102719034,1258.7069486404835,1199.9743202416919,1347.1283987915408,1108.356495468278,1268.430513595166,1093.9138972809667,1409.356495468278,1215.3021148036253,1258.9380664652567,1113.2432024169184,1228.203927492447,1142.4410876132931,1232.3293051359517,1215.2567975830816,1481.4380664652567,1167.2567975830816,1243.2779456193352,1146.299093655589,1226.657099697885,1076.1691842900302,1168.358006042296,1345.8413897280966,1528.7326283987916,1519.7386706948641,1444.1646525679757,1413.0906344410876,1750.8549848942598,1842.3746223564954,1620.2870090634442,1719.2129909365558,2400.9003021148037,1641.0196374622356,1311.2160120845922,1160.7537764350452,1267.9561933534744,1265.1404833836857,1181.4682779456193,1096.356495468278,1320.8157099697885,1071.4259818731118,1294.273413897281,1109.0030211480362,1268.8051359516617,1187.154078549849,1185.3882175226586,1096.3081570996978,1201.226586102719,1206.9894259818732,1558.2129909365558,1837.143504531722,1701.060422960725,1361.5815709969788,1336.0422960725075,1503.5755287009063,1492.3716012084592,1280.0438066465256,1440.0574018126888,1474.5166163141994,1676.7084592145015,1306.1102719033233,1195.536253776435,1173.3141993957704,1311.391238670695,1279.4380664652567,1708.285498489426,2032.6389728096676,1861.4335347432025,1304.070996978852,1361.2205438066464,1440.2054380664651,1940.9712990936555,1462.1495468277947,1468.4335347432025,1572.939577039275,1948.367069486405,2119.9833836858006,2148.7114803625377,1656.9078549848944,1510.7658610271903,1345.2567975830816,1685.1208459214502,1377.9712990936555,1277.666163141994,1074.0740181268882,1247.0785498489427,1416.0166163141994,1466.9078549848944,1526.2386706948641,1780.391238670695,1434.190332326284,1736.6057401812689,2166.9108761329303,2333.6223564954685,1612.0558912386707,1715.1344410876134,1872.2371601208458,1686.0634441087614,1563.9123867069486,1799.916918429003,1940.416918429003,2290.320241691843,1626.2190332326284,1917.42749244713,2240.3836858006043,3044.965256797583,1976.370090634441,1790.5574018126888,1727.963746223565,1797.8066465256798,2236.8519637462236,3641.465256797583,4674.608761329305,3536.8353474320243,2782.7190332326286,3390.356495468278,2124.2537764350454,1687.9003021148037,2015.4909365558913,2920.5302114803626,2439.865558912387,2752.90332326284,2498.8157099697887,2665.8157099697887,2488.942598187311,3428.0770392749246,2738.135951661631,1970.3021148036253,1559.4803625377644,1736.1132930513595,2262.8746223564954,2099.729607250755,1414.5302114803626,1815.320241691843,2719.28247734139,3881.1586102719034,2633.5075528700904,3143.2552870090635,3305.5302114803626,3108.1842900302113,4272.270392749245,3442.6238670694866,2346.0226586102717,3831.6510574018125,4832.37915407855,2803.735649546828,2175.093655589124,3324.345921450151,5039.283987915408,5581.779456193353,4854.185800604229,3778.7900302114804,2894.6148036253776,3023.5755287009065,4784.271903323262,6831.06495468278,4674.178247734139,3280.987915407855,4971.154078549849,8362.235649546828,5758.809667673716,3547.9214501510573,2149.534743202417,1871.5619335347433,2046.9622356495468,3177.0151057401813,3419.9848942598187,3432.864048338369,4137.312688821752,6365.015105740181,4504.252265861027,2723.3957703927495,2087.202416918429,1534.6238670694863,1337.7537764350452,1667.2175226586103,1644.7386706948641,2031.8489425981873,3155.4697885196374,3498.166163141994,2144.5332326283988,1814.4894259818732,1844.3232628398791,1823.2779456193352,1452.2296072507552,1774.8036253776436,2363.723564954683,3491.129909365559,2702.543806646526,2342.276435045317,2370.675226586103,1795.2839879154078,1503.3006042296072,1723.463746223565,2451.1510574018125,2521.0422960725077,1637.463746223565,1644.963746223565,1531.6374622356495,1883.584592145015,1433.641993957704,1588.119335347432,1582.9894259818732,2219.2099697885196,2625.404833836858,2309.001510574018,1835.2658610271903,1534.501510574018,1420.9138972809667,1623.6586102719034,1520.4924471299094,1563.8006042296072,1895.560422960725,1829.631419939577,1457.7885196374623,1521.129909365559,1331.6163141993957,1615.3972809667673,2135.0694864048337,3397.2567975830816,2454.824773413897,1685.5498489425981,1610.4425981873112,1533.9894259818732,1434.4380664652567,1746.7794561933536,1428.8021148036253,1535.4199395770393,1788.4033232628399,2582.960725075529,3484.996978851964,3622.894259818731,1843.821752265861,1790.3761329305137,2245.409365558912,2543.5196374622356,1632.5861027190333,1501.8021148036253,1428.3413897280966,2088.1223564954685,1885.271903323263,2129.8761329305134,2587.3036253776436,2035.833836858006,1985.7296072507552,2373.119335347432,1645.9788519637461,1698.3398791540785,2081.12084592145,2304.679758308157,1372.9652567975832,1403.617824773414,1179.7703927492448,1315.856495468278,1256.3383685800604,1454.5181268882175,1394.9924471299094,1876.178247734139,2800.6993957703926,2416.845921450151,1285.5045317220545,1288.9864048338368,1238.2099697885196,1521.6525679758308,1223.1148036253776,1468.4652567975832,1172.560422960725,1464.1691842900302,1345.6706948640483,1276.9003021148037,1250.5,1345.3867069486405,1353.2537764350452,1896.0256797583081,2323.0543806646524,1775.821752265861,1586.3277945619336,2609.0740181268884,2660.283987915408,1559.5740181268882,1412.5287009063445,1650.560422960725,1567.9909365558913,1558.4743202416919,1226.593655589124,1533.320241691843,1871.321752265861,2377.40332326284,2782.261329305136,2083.0302114803626,1437.4018126888218,1626.3882175226586,1678.3187311178249,2313.8006042296074,1760.8398791540785,1800.2537764350452,1735.3262839879153,2344.97583081571,1697.7311178247735,1616.309667673716,1911.3413897280966,2178.128398791541,1409.0800604229607,1464.0438066465256,1698.3474320241692,2918.235649546828,3764.4954682779457,2214.5407854984896,1759.1404833836857,1980.5105740181268,1467.1344410876134,1524.6601208459215,1520.8776435045318,1704.9184290030212,1507.0256797583081,1534.6978851963747,1448.273413897281,2139.18580060423,3648.3987915407856,3836.6012084592144,1669.1117824773414,1498.1525679758308,1328.3836858006043,1373.9350453172206,1420.9728096676738,1658.342900302115,1391.2522658610271,1990.4033232628399,1818.54833836858,1754.797583081571,1294.1737160120847,1282.3172205438066,1131.7296072507552,1303.6525679758308,1238.9652567975832,1534.1283987915408,1760.3111782477342,1994.200906344411,1443.2794561933536,1369.477341389728,1241.132930513595,1545.4728096676738,1651.1283987915408,1770.367069486405,1758.570996978852,2326.71752265861,2099.729607250755,1485.5543806646526,1374.6706948640483,1605.5302114803626,1890.3111782477342,2088.0558912386705,1977.4410876132931,2413.364048338369,1923.1102719033233,1776.8716012084592,1422.7658610271903,1661.4471299093655,1803.296072507553,1852.7764350453172,1418.2235649546828,1680.0513595166162,1844.8746223564954,2881.7492447129907,4589.953172205438,5188.448640483383,1938.0921450151056,1575.299093655589,1593.939577039275,1456.750755287009,1131.1737160120847,1388.4471299093655,1245.3036253776436,1349.7839879154078,1508.022658610272,1522.7175226586103,1216.2779456193352,1400.131419939577,1265.2537764350452,1353.5151057401813,1251.3247734138972,1538.4577039274925,1427.8398791540785,1611.0302114803626,1921.1827794561934,2600.456193353474,1875.8383685800604,1330.5981873111782,1171.977341389728,1375.1616314199396,1331.2945619335349,1890.6646525679757,1680.3882175226586,1629.7432024169184,1227.5045317220545,1580.8851963746224,1712.1948640483383,1618.1752265861028,1194.1978851963747,1300.157099697885,1195.0649546827794,1254.0558912386707,1192.867069486405,1391.0528700906345,1301.1374622356495,1544.5332326283988,1483.4259818731118,1554.4380664652567,1404.8383685800604,1429.1404833836857,1358.8957703927492,1649.8640483383685,2334.941087613293,2123.0528700906343,1205.4199395770393,1349.0075528700906,1254.5196374622356,1256.998489425982,1198.179758308157,1431.0060422960726,1541.7870090634442,2489.1706948640485,2431.058912386707,2014.3595166163143,1540.2779456193352,1790.4712990936555,1726.8791540785498,1674.4667673716012,1815.2432024169184,2629.6631419939577,3167.5287009063445,2425.880664652568,1753.2885196374623,2199.8293051359515,2439.68580060423,2732.359516616314,1920.404833836858,2105.8066465256798,3417.62084592145,4114.787009063444,1950.5105740181268,1505.429003021148,1355.5075528700906,1462.3141993957704,1348.9803625377644,1548.2401812688822,1314.1827794561934,1452.4848942598187,1487.3021148036253,2112.3912386706947,3158.811178247734,4814.832326283988,3206.9320241691844,2298.2054380664654,1889.1812688821751,2360.666163141994,1815.4093655589124,2357.4486404833838,2771.512084592145,1827.8882175226586,1465.0589123867069,1862.8897280966767,2227.356495468278,2658.418429003021,1767.415407854985,1820.8006042296072,2272.2311178247733,4021.013595166163,6225.880664652568,4357.8398791540785,3085.3006042296074,2826.558912386707,2633.740181268882,2063.1525679758306,1631.4501510574019,2009.406344410876,2643.738670694864,5075.66163141994,4800.303625377644,2350.71752265861,1613.0634441087614,2038.6873111782477,2748.4259818731116,4109.214501510574,2335.1933534743202,2116.4259818731116,2560.4229607250754,3885.259818731118,2399.226586102719,1670.8187311178249,1370.107250755287,1513.1767371601209,1574.2054380664651,2143.587613293051,2936.0211480362536,4802.996978851964,4424.918429003021,5318.149546827794,6936.827794561934,3631.135951661631,2448.712990936556,3632.1570996978853,5758.62839879154,5701.552870090634,3151.965256797583,2439.598187311178,3258.454682779456,6161.271903323262,7317.238670694864,2968.5196374622356,1677.5921450151056,1743.6012084592146,1832.7296072507552,1863.0528700906345,1412.0030211480362,1473.842900302115,1477.6117824773414,1943.5619335347433,1960.0105740181268,2971.1646525679757,3633.4441087613295,4599.9909365558915,3400.1586102719034,4401.664652567976,6992.891238670695,5448.528700906344,5823.787009063444,4474.429003021148,2897.6722054380666,3275.273413897281,3724.1842900302113,2226.119335347432,1586.522658610272,1679.5891238670695,2244.1616314199396,2617.512084592145,1988.356495468278,2175.9682779456193,1912.2567975830816,2535.4682779456193,4364.291540785499,7269.818731117824,3597.0634441087614,2089.070996978852,1960.4561933534744,1777.0755287009063,1813.0906344410876,2585.9924471299096,4479.1888217522655,7851.477341389728,6405.324773413898,8220.066465256798,4914.534743202417,3873.6374622356498,5307.7416918429,3888.0,2134.90332326284,1896.702416918429,1869.190332326284,2299.8882175226586,3510.6117824773414,6230.770392749245,6521.320241691843,5971.232628398791,5395.906344410876,5795.214501510574,2741.8972809667675,2593.776435045317,2607.4335347432025,1971.7900302114804,1612.8081570996978,1589.093655589124,1600.2416918429003,1889.2371601208458,2458.546827794562,3992.7990936555893,3188.9924471299096,4769.634441087614,4515.516616314199,5918.658610271903,7378.208459214501,10386.45921450151,18244.22658610272,13850.930513595165,4638.141993957704,2675.364048338369,2599.456193353474,4510.247734138973,4631.416918429003,5650.37160120846,9794.484894259818,7610.442598187311,3404.7114803625377,1861.2703927492448,1611.892749244713,2160.92749244713,3042.271903323263,4981.521148036254,5041.821752265861,6364.178247734139,3552.309667673716,1902.107250755287,1607.5045317220545,1640.930513595166,1578.7341389728097,1901.1148036253776,2288.5045317220543,3361.460725075529,6550.652567975831,5265.450151057402,2244.367069486405,2186.3262839879153,2631.3398791540785,4619.696374622356,4594.771903323262,7824.833836858006,6519.90332326284,4322.805135951661,2040.0921450151056,1768.1389728096676,1883.3232628398791,2144.214501510574,2246.764350453172,3795.092145015106,7397.4441087613295,6150.442598187311,2553.832326283988,1894.5800604229607,1468.296072507553,1550.8957703927492,1532.1450151057402,1610.2447129909365,1653.1117824773414,2289.380664652568,2013.0196374622356,2001.4561933534744,2765.1525679758306,2976.490936555891,3134.18580060423,6020.16918429003,9246.058912386707,5720.0664652567975,7192.506042296072,5944.626888217523,2544.4108761329303,2170.8625377643502,1799.368580060423,2126.7447129909365,1508.4622356495468,1565.5891238670695,1513.7598187311178,1503.4199395770393,1629.7824773413897,2442.404833836858,4196.720543806647,8603.099697885196,5785.599697885196,3109.8006042296074,1809.321752265861,1592.9728096676738,1362.4214501510573,1345.7930513595165,1394.1057401812689,1492.2462235649548,1380.7900302114804,1679.084592145015,2101.8912386706947,2896.1842900302113,5433.243202416918,6034.626888217523,2446.2069486404835,2097.4108761329303,2021.3413897280966,2059.8731117824773,1563.8731117824773,1711.0498489425981,1602.2462235649548,1543.679758308157,1572.771903323263,2433.4335347432025,2904.176737160121,5834.880664652568,3458.9954682779457,1787.9607250755287,1407.607250755287,1484.7190332326284,1378.1027190332327,1485.9093655589124,1440.2311178247735,1542.4184290030212,1465.0589123867069,1829.3882175226586,2189.345921450151,4179.2583081571,4224.2069486404835,2406.418429003021,2219.1238670694866,2252.6722054380666,1721.3640483383685,1756.643504531722,1497.725075528701,1578.2054380664651,1600.9441087613293,2023.2114803625377,2700.9214501510573,3983.783987915408,8867.095166163142,15599.657099697884,10832.930513595165,4310.54078549849,2256.7114803625377,2177.046827794562,1529.9682779456193,1458.9848942598187,1225.7613293051359,1347.8519637462236,1173.9667673716012,1272.8761329305137,1132.430513595166,1282.6495468277947,1161.9093655589124,1323.728096676737,1400.8323262839879,1742.1283987915408,1529.4123867069486,1630.867069486405,1666.0815709969788,1451.4350453172206,1343.690332326284,1423.6208459214502,1221.9441087613293,1489.6842900302115,1865.845921450151,2838.832326283988,1680.0166163141994,1470.8595166163143,1395.6993957703928,1973.5392749244713,2120.3776435045315,2324.8036253776436,1794.022658610272,1582.320241691843,1359.0634441087614,1770.8172205438066,1293.6722054380664,1591.4939577039274,2168.6148036253776,4073.605740181269,3349.2522658610274,1989.9864048338368,1333.321752265861,1372.7175226586103,1412.430513595166,1651.3987915407854,1239.0800604229607,1294.9969788519638,1201.0,1499.0045317220545,1956.6676737160121,1893.9003021148037,2118.2552870090635,2385.8836858006043,1698.3353474320243,1754.8126888217523,1562.108761329305,1511.9969788519638,1282.8625377643505,1433.143504531722,1338.6706948640483,1736.3534743202417,1954.0664652567975,1835.842900302115,1548.9244712990937,2029.725075528701,2483.5740181268884,2947.35498489426,2944.2537764350454,2720.820241691843,1880.1691842900302,1547.214501510574,1400.3957703927492,1555.045317220544,1577.5498489425981,1617.678247734139,1429.882175226586,1602.4244712990937,1901.2794561933536,2682.3836858006043,3061.832326283988,2082.358006042296,2260.235649546828,2785.2009063444107,2431.950151057402,2298.1601208459215,1916.2235649546828,2497.4199395770393,3046.7794561933533,3603.0317220543807,3061.0634441087614,2200.4788519637464,1783.131419939577,2223.371601208459,3387.3731117824773,3369.3021148036255,2709.8731117824773,2511.641993957704,1796.3051359516617,1974.2764350453172,1575.6163141993957,1887.6888217522658,2045.1752265861028,2693.453172205438,2374.2900302114804,2079.214501510574,2224.4743202416917,1909.7703927492448,1516.9924471299094,1530.545317220544,1521.5377643504532,1864.1283987915408,1724.1450151057402,1583.1616314199396,1535.320241691843,1941.2416918429003,1688.6948640483383,2424.367069486405,3211.4743202416917,2185.057401812689,1682.5679758308156,2302.3821752265862,2857.557401812689,2409.181268882175,2971.1948640483383,5262.646525679758,4433.368580060423,2745.6102719033233,2461.8851963746224,2167.598187311178,2056.7930513595165,2220.5151057401813,2015.1027190332327,2453.812688821752,1643.953172205438,1785.1858006042296,1907.0498489425981,1855.9818731117825,2191.3066465256798,3162.66918429003,2027.6012084592146,1780.930513595166,2017.0649546827794,2731.723564954683,3327.593655589124,5403.993957703928,7625.374622356496,4778.080060422961,2922.2688821752267,2472.0528700906343,3144.356495468278,5959.105740181269,8542.077039274924,4179.421450151058,2532.821752265861,3049.188821752266,4917.262839879154,5484.092145015105,4762.714501510574,2350.4486404833838,1821.2175226586103,1858.2598187311178,1479.4954682779455,2127.9380664652567,2177.9486404833838,4349.783987915408,3108.309667673716,2035.0075528700906,1810.3157099697885,1950.1963746223564,2556.3534743202417,3376.0619335347433,3905.412386706949,5758.945619335347,7183.712990936556,9603.901812688822,9939.187311178248,5816.558912386707,7634.919939577039,12042.055891238671,6737.7583081571,4640.122356495468,5632.79003021148,3708.5785498489427,3946.2190332326286,3316.8413897280966,2866.8277945619334,5104.303625377644,8440.83081570997,4833.817220543807,4066.8731117824773,7943.850453172206,10470.496978851963,4464.335347432024,2706.66918429003,3121.570996978852,4193.904833836858,10065.643504531721,12397.607250755287,5932.308157099698,6003.92749244713,8577.077039274924,5163.610271903323,3885.4259818731116,4254.33836858006,4462.469788519637,4142.6888217522655,2609.368580060423,2233.6238670694866,3728.2567975830816,3938.1374622356498,4132.125377643504,2666.23413897281,2115.1646525679757,2523.365558912387,2262.990936555891,1637.084592145015,1872.6752265861028,2466.2794561933533,5129.986404833837,4191.6132930513595,2257.3429003021147,1624.7341389728097,1554.0619335347433,1577.129909365559,2214.498489425982,3544.0196374622356,5759.095166163142,2764.1993957703926,2374.6465256797583,2827.3293051359515,4118.250755287009,7695.03172205438,6032.700906344411,3284.364048338369,2284.586102719033,1786.0800604229607,2317.034743202417,2662.9350453172206,2153.5634441087614,1910.5151057401813,2134.9833836858006,2512.57250755287,3266.5075528700904,2084.587613293051,1755.57250755287,1670.119335347432,1798.498489425982,2092.1510574018125,1858.0287009063445,1634.0,1732.4607250755287,1782.657099697885,1689.9818731117825,1528.2915407854985,1759.0302114803626,1584.5181268882175,1543.8141993957704,1519.6117824773414,2552.7190332326286,3081.7688821752267,4498.003021148036,2443.9788519637464,1715.8731117824773,1460.0392749244713,1728.7054380664651,1438.9425981873112,1586.7432024169184,1736.8293051359517,3352.412386706949,3709.098187311178,2183.4954682779457,1701.4954682779455,2293.2432024169184,4898.957703927493,3868.3534743202417,1909.6374622356495,1627.0105740181268,1495.6933534743202,1549.987915407855,1458.560422960725,1432.3731117824773,1458.679758308157,1718.9108761329305,2465.8519637462236,2248.1978851963745,1567.1117824773414,1531.9924471299094,1549.036253776435,1709.0906344410876,1519.5981873111782,2322.212990936556,2078.871601208459,2889.8776435045315,5458.019637462236,7412.570996978852,3323.8731117824773,2184.9486404833838,1748.487915407855,1648.0407854984894,1444.0317220543807,2011.2356495468277,2307.3746223564954,3625.2477341389726,3480.95166163142,2125.8277945619334,1608.2583081570997,1460.1163141993957,1236.0619335347433,1323.4425981873112,1187.5151057401813,1330.7311178247735,1441.641993957704,1951.1767371601209,1338.131419939577,1241.1132930513595,1072.700906344411,1159.3036253776436,1076.2160120845922,1185.070996978852,1113.225075528701,1346.9803625377644,1321.690332326284,2109.412386706949,2982.702416918429,8100.191842900302,10631.679758308157,5572.365558912386,3182.8413897280966,2046.9350453172206,1422.0075528700906,1421.7945619335349,1553.4682779456193,1562.4335347432025,1212.8882175226586,1316.1933534743202,1149.3761329305137,1294.7432024169184,1705.1012084592146,2810.5770392749246,2267.3987915407856,1637.5755287009063,1409.8942598187311,1508.8761329305137,1268.04833836858,1331.9365558912386,1265.1027190332327,1437.108761329305,1309.8051359516617,1528.5966767371601,1347.882175226586,1557.3972809667673,1799.1223564954682,2136.5422960725077,2272.0407854984896,2525.9305135951663,1677.0332326283988,1566.4622356495468,1318.166163141994,1376.821752265861,1358.5815709969788,1859.415407854985,2320.818731117825,1853.583081570997,1416.157099697885,1446.8308157099698,1441.4365558912386,1449.190332326284,1181.7190332326284,1172.8006042296072,1347.7326283987916,1435.4667673716012,1337.7432024169184,1830.108761329305,1550.5438066465256,1625.8141993957704,1813.9577039274925,1680.0135951661632,1541.0317220543807,1649.249244712991,1560.6737160120847,1876.8187311178249,1675.2643504531723,2331.0045317220543,1787.6646525679757,1486.0196374622356,1348.3791540785498,1826.870090634441,1201.0105740181268,1396.1450151057402,1264.9788519637461,1457.1525679758308,1539.7477341389729,1651.1042296072508,1560.4229607250754,1631.678247734139,1324.6268882175227,1400.5574018126888,1491.0876132930514,1565.6722054380664,1267.3746223564954,1400.7567975830816,1683.7870090634442,1822.3006042296072,2222.7522658610274,1947.7326283987916,1709.0815709969788,1591.2416918429003,1348.356495468278,1448.7552870090635,1367.0302114803626,1516.8957703927492,1313.679758308157,1438.5438066465256,1448.5060422960726,1458.2371601208458,1273.3247734138972,1404.797583081571,1283.6616314199396,1797.5,1283.4425981873112,1437.0211480362539,1627.2371601208458,2139.358006042296,1575.166163141994,1689.143504531722,1944.2794561933536,3481.404833836858,3151.1616314199396,4688.785498489426,3045.1706948640485,2296.3504531722056,1794.4712990936555,1596.702416918429,1425.809667673716,1509.867069486405,1234.6858006042296,1349.7628398791542,1233.3610271903324,1426.608761329305,1462.7779456193352,2142.4743202416917,3020.191842900302,2831.262839879154,3237.607250755287,2541.1510574018125,1862.498489425982,1836.0151057401813,1767.4954682779455,2257.154078549849,3612.380664652568,3180.8504531722056,1865.4003021148037,1758.0528700906345,1472.3262839879153,1588.8157099697885,1718.8761329305137,1656.3987915407854,1474.1737160120847,1588.9259818731118,1403.6752265861028,1484.3247734138972,1775.1873111782477,3468.297583081571,6112.178247734139,4344.025679758308,2965.2205438066467,2978.4335347432025,2258.543806646526,1885.1510574018127,1697.2175226586103,2018.4894259818732,1859.7129909365558,1940.0619335347433,2900.7507552870093,5322.067975830816,3076.6148036253776,2351.176737160121,2580.9773413897283,3297.725075528701,3074.7990936555893,2444.2190332326286,3020.6087613293053,5866.54078549849,3352.297583081571,2795.6525679758306,3591.3489425981875,6990.808157099698,11821.9833836858,6734.865558912386,3605.9743202416917,2774.9305135951663,2618.539274924471,2514.9244712990935,2367.7945619335346,2348.1253776435046,2875.370090634441,6482.243202416918,4545.818731117824,3003.407854984894,2745.359516616314,2638.823262839879,2053.83081570997,2259.045317220544,3715.9199395770393,6585.956193353474,5959.477341389728,3516.2794561933533,2431.6238670694866,1967.1933534743202,1675.0981873111782,2237.570996978852,4135.036253776435,4246.530211480363,3474.2900302114804,6086.584592145015,4968.7583081571,4067.9848942598187,5265.950151057402,10450.273413897281,11694.0166163142,7851.5090634441085,5885.028700906344,3599.228096676737,2418.1993957703926,2047.6374622356495,1804.607250755287,2224.641993957704,1840.4471299093655,1793.679758308157,2125.634441087613,1917.8489425981873,1571.845921450151,1647.487915407855,1585.453172205438,2037.477341389728,2239.3836858006043,2534.7930513595165,2475.584592145015,2928.942598187311,5468.416918429003,16330.20996978852,22788.9501510574,12389.208459214502,7816.214501510574,6315.867069486405,7422.841389728097,10391.324773413897,7005.702416918429,7954.463746223565,4756.643504531722,3677.8429003021147,3811.4697885196374,3114.16918429003,2312.5256797583083,2168.225075528701,2161.7492447129907,3593.429003021148,2914.9320241691844,3603.811178247734,5024.759818731118,3769.2900302114804,2727.71752265861,2172.6525679758306,1698.7054380664651,1777.3716012084592,1719.7386706948641,1984.6601208459215,1854.0619335347433,1988.2371601208458,2392.956193353474,2367.770392749245,2819.167673716012,3159.735649546828,2166.2477341389726,2191.7522658610274,2041.797583081571,1974.7371601208458,1718.842900302115,2276.4803625377644,1922.5498489425981,3480.463746223565,9088.49093655589,7459.1706948640485,4037.97583081571,2774.76586102719,2325.560422960725,2879.191842900302,2388.584592145015,2177.1631419939577,2015.1525679758308,3008.6132930513595,2454.8277945619334,2172.188821752266,2160.0151057401813,2349.4682779456193,3077.2930513595165,7189.965256797583,12927.69335347432,10024.135951661632,11239.664652567975,6103.087613293052,3881.5770392749246,2929.5755287009065,2136.45166163142,1894.285498489426,1726.0105740181268,1866.9184290030212,1891.6978851963747,2166.143504531722,2116.6525679758306,2530.6722054380666,2021.8972809667673,2711.808157099698,3219.7673716012087,2503.586102719033,1966.069486404834,1851.1389728096676,1820.953172205438,2235.8353474320243,2786.1978851963745,4742.060422960725,10566.826283987915,8531.938066465256,4451.389728096677,3411.3851963746224,2964.675226586103,2487.3821752265862,2046.0664652567975,2373.046827794562,3101.5271903323264,2661.598187311178,3380.809667673716,6725.23413897281,10023.29758308157,6432.155589123867,3593.276435045317,2665.238670694864,2321.6933534743202,2010.5407854984894,1577.5302114803626,1649.4728096676738,1420.8111782477342,1899.2673716012084,1434.6978851963747,1922.7824773413897,2100.465256797583,2069.7583081570997,2753.4682779456193,2435.6480362537764,1936.7567975830816,2422.598187311178,2228.1963746223564,2102.894259818731,2182.358006042296,2148.1722054380666,1718.856495468278,1946.8232628398791,2279.0302114803626,4266.892749244713,9031.577039274924,5782.980362537764,3643.083081570997,2782.537764350453,2673.6842900302113,2305.1087613293053,1721.131419939577,1740.6993957703928,1839.0679758308156,1908.214501510574,1979.92749244713,3745.9743202416917,9510.439577039275,7139.6706948640485,4663.587613293052,4129.2643504531725,3552.37915407855,4895.208459214501,3955.7990936555893,6972.936555891239,18295.978851963748,15503.404833836858,8978.496978851963,7084.86253776435,4549.027190332326,3993.864048338369,4870.737160120846,4169.554380664653,2854.0619335347433,2766.141993957704,3911.5060422960723,8124.663141993958,7606.493957703928,4538.353474320242,3299.309667673716,3133.356495468278,4760.812688821752,9213.658610271903,6479.635951661631,6072.3972809667675,4280.788519637462,3354.140483383686,3167.1510574018125,5186.219033232628,10911.82326283988,13098.989425981874,14343.317220543806,9461.321752265862,5698.484894259819,4224.125377643504,3082.587613293051,3237.5891238670697,3774.138972809668,2748.323262839879,2398.783987915408,2568.046827794562,2380.6616314199396,2012.1918429003022,1769.3776435045318,1832.3398791540785,1482.083081570997,1636.4486404833838,2000.6918429003022,2818.797583081571,3809.5,7074.134441087614,11335.447129909366,20205.28247734139,12341.57250755287,8865.356495468279,10283.592145015105,7731.140483383686,8443.051359516616,12929.584592145015,7442.318731117824,4917.814199395771,3506.4305135951663,2877.916918429003,2140.8398791540785,2332.235649546828,1733.9018126888218,1891.2552870090635,2620.259818731118,6890.40332326284,17872.267371601207,12419.711480362537,7333.398791540785,5576.049848942598,4270.202416918429,4431.845921450151,6930.314199395771,19321.82175226586,35030.7416918429,20921.921450151058,13119.090634441087,10861.699395770393,7160.643504531722,5884.237160120846,6241.83081570997,4615.04833836858,4999.03172205438,4481.140483383686,3437.4712990936555,3137.285498489426,2529.2084592145015,3003.9728096676736,3471.4773413897283,3227.4365558912386,4750.439577039275,14645.196374622357,29509.478851963748,20063.359516616314,11976.99244712991,8105.477341389728,6500.720543806647,9063.271903323262,16804.38670694864,21717.640483383686,18351.211480362537,17664.907854984893,14856.844410876132,10015.09667673716,8596.108761329306,7886.155589123867,5195.791540785499,3374.776435045317,2699.726586102719,2373.2416918429003,2045.1737160120847,2284.859516616314,2880.18580060423,3487.619335347432,4880.184290030212,3676.1525679758306,2681.1132930513595,2365.1012084592144,2126.4335347432025,2029.1737160120847,1875.344410876133,2484.037764350453,2784.6253776435046,2353.321752265861,1866.6993957703928,2302.087613293051,2625.7054380664654,4358.969788519637,6057.794561933535,4729.474320241692,4046.9214501510573,7511.277945619336,9793.89577039275,10102.833836858006,11094.336858006041,7105.536253776435,8060.158610271903,17611.712990936558,14868.146525679758,14727.641993957704,11428.138972809667,7108.060422960725,5424.107250755287,4518.425981873112,3521.134441087613,3201.1132930513595,3063.691842900302,3172.543806646526,2580.1027190332325,2792.33081570997,3333.5045317220543,5060.197885196375,9262.996978851963,18069.51359516616,18173.53927492447,10839.353474320242,7165.222054380664,7503.610271903323,10744.206948640483,9537.96827794562,6373.027190332326,5966.14501510574,4517.392749244713,3772.584592145015,3634.942598187311,2833.3353474320243,2087.774924471299,1953.8640483383685,1730.2628398791542,1803.4848942598187,1539.9864048338368,1823.2069486404835,2910.401812688822,6397.5090634441085,17831.953172205438,18226.214501510574,11379.012084592145,8076.425981873112,6342.687311178248,6612.563444108761,5436.684290030212,4220.3867069486405,3827.060422960725,3803.176737160121,3426.681268882175,4578.865558912386,4661.791540785499,3313.323262839879,3392.04833836858,6627.918429003021,4404.842900302115,3093.9214501510573,2281.3006042296074,2446.345921450151,2973.7114803625377,2981.3021148036255,2553.513595166163,3086.960725075529,3714.415407854985,3381.4365558912386,5171.16163141994,15075.750755287008,13673.675226586103,9276.433534743202,10720.593655589124,9536.220543806647,7014.03172205438,8467.835347432025,6603.2250755287005,4194.901812688821,2892.33081570997,2574.0211480362536,2018.9123867069486,2257.912386706949,2771.47583081571,2784.8444108761328,2355.058912386707,2196.5271903323264,1920.9501510574019,1920.3549848942598,2226.049848942598,2917.5,1912.5,1779.773413897281,1506.655589123867,1507.2054380664651,1651.0181268882175,1891.617824773414,1802.749244712991,2067.537764350453,1679.1646525679757,1737.4954682779455,1748.069486404834,2256.2220543806648,2328.8625377643502,2229.545317220544,2984.2462235649546,5055.134441087614,4487.823262839879,3271.202416918429,2360.679758308157,1974.4380664652567,1696.5528700906345,1816.7824773413897,1633.5045317220545,1798.0438066465256,1733.774924471299,1762.3640483383685,2435.3867069486405,3091.1132930513595,5757.861027190333,5964.616314199396,4100.151057401813,4586.519637462236,7979.54078549849,7631.196374622356,5734.010574018127,5150.297583081571,7046.984894259819,6580.3867069486405,5531.909365558912,6015.551359516617,4684.93504531722,3856.2552870090635,5596.410876132931,5806.259818731118,7854.755287009063,12182.064954682779,7962.143504531722,6362.336858006042,6929.1706948640485,5401.211480362538,4480.530211480363,3310.7432024169184,2350.5271903323264,2197.380664652568,2429.845921450151,5059.413897280967,6217.351963746223,5526.04078549849,4309.314199395771,3105.9803625377644,2556.0770392749246,3322.1465256797583,2912.8625377643502,2917.3882175226586,2202.3731117824773,2080.2039274924473,2593.188821752266,5880.9441087613295,5478.569486404834,4092.950151057402,3033.6223564954685,3488.070996978852,4250.380664652568,5025.841389728097,6490.877643504532,9986.995468277946,6564.755287009063,6742.536253776435,9440.880664652568,10892.469788519638,9994.67673716012,14349.18429003021,9158.302114803626,5910.632930513595,4621.912386706948,3582.3444108761328,2416.3867069486405,1926.6767371601209,1483.725075528701,1442.987915407855,1322.6525679758308,1712.809667673716,2992.18580060423,4452.175226586102,3200.7054380664654,2982.7507552870093,3035.465256797583,4367.167673716012,13046.70241691843,19579.86102719033,12269.335347432025,9570.058912386707,9367.098187311178,12751.24320241692,8541.137462235649,5924.179758308157,5972.6132930513595,4396.087613293052,3190.309667673716,3077.3413897280966,6042.8398791540785,13217.95166163142,12790.637462235649,7917.093655589124,5052.666163141994,4135.253776435045,4230.762839879154,4036.4229607250754,3514.175226586103,6183.36253776435,8401.70996978852,12438.631419939577,11884.394259818731,25727.341389728095,30402.022658610273,19987.614803625376,15462.09667673716,22650.78247734139,18861.536253776434,13632.300604229607,9050.262839879155,6817.703927492447,5421.700906344411,4256.436555891239,3006.6042296072505,2731.6102719033233,3733.4486404833838,9715.84592145015,14392.835347432025,9982.083081570998,8940.383685800603,19486.705438066467,22445.051359516616,15024.537764350453,10790.364048338368,11943.969788519638,17554.762839879153,21685.012084592145,29122.33836858006,19164.058912386707,11624.53172205438,7733.019637462236,5409.5377643504535,4045.058912386707,3835.7990936555893,4459.533232628399,3166.2084592145015,2545.456193353474,2088.861027190332,2532.1117824773414,3239.5543806646524,5442.891238670695,16159.564954682779,18075.833836858004,11290.796072507554,8944.716012084593,7715.815709969788,5728.63746223565,3993.4788519637464,3213.587613293051,3371.317220543807,9769.667673716012,16105.006042296072,10638.52416918429,10649.50906344411,11559.23413897281,9027.91842900302,15458.826283987915,14626.58157099698,9222.312688821752,5774.7930513595165,4157.900302114804,3617.5664652567975,2994.07250755287,2080.453172205438,1810.1737160120847,1569.5302114803626,1542.2658610271903,1547.6767371601209,1647.8836858006043,1945.8836858006043,2272.1525679758306,1799.842900302115,2350.64501510574,2107.2522658610274,2087.5060422960723,2317.64501510574,2430.5694864048337,2352.4244712990935,2078.2960725075527,1715.1812688821751,1896.608761329305,1786.3293051359517,1898.1978851963747,1527.749244712991,1367.083081570997,1437.6525679758308,1570.3746223564954,2452.3368580060423,4666.54078549849,4857.557401812689,6189.429003021148,12064.560422960725,8934.309667673717,6257.237160120846,6049.728096676738,6507.870090634441,4813.6027190332325,3485.7583081570997,3055.401812688822,2584.4592145015104,2938.8897280966767,3783.037764350453,7422.3293051359515,13408.5166163142,9436.947129909366,6074.7416918429,5161.216012084592,7832.430513595166,9801.498489425981,13441.33836858006,14705.5166163142,14965.019637462236,9384.004531722054,6355.9984894259815,5622.83081570997,4461.750755287009,3205.57250755287,2509.690332326284,2435.450151057402,2799.549848942598,6958.861027190333,6994.13746223565,7397.261329305136,7706.013595166163,6974.084592145015,5179.116314199396,4607.703927492447,3606.1555891238672,2843.47583081571,2518.785498489426,2537.3066465256798,2542.2673716012087,4352.593655589124,11440.907854984895,10096.856495468279,7311.506042296072,7166.684290030212,12571.117824773413,26071.41087613293,19549.15256797583,12476.08006042296,8563.58157099698,6462.143504531722,5143.412386706948,6205.64501510574,17789.648036253777,28796.8081570997,22981.462235649546,15647.817220543806,10281.512084592145,7605.646525679758,7241.2930513595165,14880.60422960725,15593.238670694864,18552.472809667674,27556.078549848942,19964.009063444108,17217.6918429003,26870.64652567976,20983.448640483384,13370.735649546828,8735.963746223564,6104.336858006042,4668.675226586102,3491.812688821752,2754.441087613293,3138.8036253776436,4357.924471299094,9962.123867069486,19765.219033232628,13920.438066465256,8833.752265861027,7169.151057401813,6122.711480362538,4579.2824773413895,3553.818731117825,3594.5271903323264,5418.552870090634,7560.561933534743,17240.67824773414,28523.92749244713,25114.478851963748,15389.478851963746,10552.498489425981,10345.586102719033,7433.151057401813,4927.07250755287,3866.0891238670697,3617.1616314199396,4344.821752265861,7198.078549848942,5588.83836858006,4036.175226586103,3119.154078549849,3559.584592145015,10086.415407854985,13277.965256797583,11432.882175226587,7905.04833836858,5577.212990936556,5475.45921450151,3965.012084592145,3153.0271903323264,2727.3731117824773,2682.78247734139,3938.5256797583083,11776.874622356496,11242.409365558913,7285.302114803625,5071.098187311179,5199.028700906344,9986.20241691843,22354.817220543806,21166.117824773413,13572.93655589124,9142.123867069486,6318.175226586102,4407.421450151058,3471.4818731117825,2983.8021148036255,2985.0166163141994,6485.80664652568,12484.848942598188,8392.749244712992,6720.288519637462,6251.62084592145,4785.930513595166,3325.6042296072505,2985.3444108761328,2804.8776435045315,2632.4743202416917,2352.9848942598187,3838.5800604229607,9426.12990936556,13609.317220543806,9740.167673716012,8333.250755287008,5420.1132930513595,3904.68580060423,3064.358006042296,2706.043806646526,2499.5060422960723,5723.039274924471,17668.48187311178,24273.23413897281,16657.971299093657,10275.947129909366,6694.101208459215,4820.2356495468275,3408.811178247734,2711.345921450151,2529.820241691843,3346.7069486404835,3011.2447129909365,3414.690332326284,3981.486404833837,8150.3111782477345,18580.261329305136,21785.939577039277,17542.51510574018,15593.083081570998,20112.02567975831,14169.637462235649,8657.03172205438,6002.06495468278,4568.042296072507,3832.235649546828,3334.593655589124,3281.093655589124,4824.697885196375,4786.364048338369,3769.3504531722056,5352.803625377644,11414.916918429002,8506.52416918429,5578.802114803625,5832.474320241692,8027.891238670695,6332.087613293052,7811.836858006042,13624.891238670694,9810.052870090634,6610.640483383686,4585.696374622356,4985.421450151058,13844.38670694864,15490.595166163142,10610.407854984895,7169.850453172206,5529.365558912386,6000.075528700906,8073.66163141994,8179.283987915408,5640.012084592145,4968.722054380664,3317.824773413897,2843.010574018127,2902.1253776435046,2502.285498489426,2275.35498489426,2013.225075528701,1642.4078549848944,1540.6374622356495,1753.593655589124,2244.039274924471,1821.7296072507552,1749.939577039275,1482.3534743202417,2075.545317220544,4187.895770392749,4659.654078549849,4345.132930513595,6329.450151057402,5464.518126888218,6641.323262839879,12079.85498489426,8806.036253776436,5869.963746223565,4929.080060422961,10528.086102719033,11927.155589123868,7211.157099697885,4801.978851963746,3764.454682779456,4732.0377643504535,4786.030211480363,3875.3051359516617,5347.252265861027,13883.397280966767,10823.92749244713,7569.268882175226,7317.191842900302,14453.554380664653,11326.690332326283,7239.5,4847.882175226586,4461.1601208459215,3756.8972809667675,3565.140483383686,2478.2960725075527,2094.635951661631,2867.6480362537764,3185.762839879154,2413.1616314199396,2392.4848942598187,1981.3323262839879,1754.1283987915408,1384.093655589124,1422.6722054380664,1406.2537764350452,2337.070996978852,2487.0271903323264,2534.557401812689,3006.996978851964,2687.318731117825,2254.8353474320243,2263.8398791540785,2489.587613293051,2551.9682779456193,1794.9078549848944,2041.8172205438066,2815.4350453172206,3801.868580060423,4888.151057401813,5577.358006042296,4702.664652567976,5049.743202416918,4243.2250755287005,4952.335347432024,3590.6480362537764,3930.9712990936555,3850.4335347432025,3069.965256797583,2428.6087613293053,2222.593655589124,2313.1706948640485,3794.681268882175,9285.66163141994,9152.450151057401,5976.105740181269,4137.006042296072,2971.6570996978853,2324.9456193353476,1838.131419939577,1840.012084592145,1859.702416918429,2211.9350453172206,1979.7537764350452,2538.90332326284,2524.864048338369,2450.456193353474,2139.2190332326286,2228.404833836858,3813.8957703927495,6331.625377643504,6486.377643504532,6422.404833836858,5601.716012084592,8762.383685800603,19653.41238670695,14661.5,9764.29758308157,7456.19335347432,5915.074018126888,3900.773413897281,2705.7084592145015,2308.681268882175,2072.261329305136,1886.5861027190333,1543.0407854984894,1654.0196374622356,1994.6027190332327,2757.4244712990935,3681.1555891238672,4523.108761329305,3044.666163141994,2321.454682779456,1762.5045317220545,1618.2915407854985,1375.036253776435,2111.0996978851963,2311.8262839879153,2049.0256797583083,1707.1163141993957,2993.6178247734138,2892.2416918429003,2392.167673716012,2228.8776435045315,2519.8851963746224,2089.2462235649546,1721.4577039274925,1386.6948640483383,1381.6042296072508,1224.1344410876134,1561.0060422960726,1633.9003021148037,1635.2099697885196,1413.8519637462236,1381.477341389728,1215.8157099697885,1305.5891238670695,1228.632930513595,1545.9425981873112,1305.4259818731118,1551.9712990936555,1880.2371601208458,2242.676737160121,4853.877643504532,7232.057401812689,6099.057401812689,4080.7009063444107,2694.2900302114804,2329.0211480362536,2007.3655589123866,1958.7235649546828,1822.3534743202417,1726.0906344410876,1468.2175226586103,1606.7099697885196,1921.7643504531723,4415.4441087613295,15508.149546827795,13220.888217522659,8536.965256797583,6460.646525679758,4956.827794561934,3394.1268882175227,2350.5181268882175,2521.6706948640485,3832.640483383686,2982.070996978852,2205.012084592145,1909.42749244713,1563.2930513595165,1461.0392749244713,1368.522658610272,2039.382175226586,3707.5558912386705,3493.716012084592,2367.6510574018125,2071.416918429003,2332.9939577039277,2866.761329305136,2304.179758308157,2162.14501510574,1662.3851963746224,1633.690332326284,1341.858006042296,1426.3791540785498,1828.7628398791542,4086.5196374622356,3109.6555891238672,2281.4259818731116,1736.7311178247735,1886.6450151057402,2450.7507552870093,2182.4712990936555,1648.083081570997,1568.8383685800604,1205.1208459214502,1185.344410876133,1227.9728096676738,1313.1993957703928,1542.060422960725,2564.261329305136,6250.632930513595,6678.356495468278,4613.131419939577,4146.92749244713,5261.73413897281,5193.658610271903,3654.8912386706947,4341.574018126888,3147.442598187311,2561.2462235649546,1850.906344410876,1632.3489425981873,1333.5211480362539,1385.2779456193352,1175.963746223565,1351.4259818731118,1269.392749244713,1633.54833836858,2008.9078549848944,2425.8519637462236,1895.8368580060423,1704.0166163141994,1593.6993957703928,2440.0181268882175,3354.1933534743202,5475.76586102719,20738.25981873112,36410.31268882175,22983.561933534744,13463.425981873112,8452.808157099698,5559.028700906344,3414.1178247734138,2406.867069486405,1696.2356495468277,1614.202416918429,1442.391238670695,1587.6812688821751,1708.7673716012084,1837.7567975830816,1660.454682779456,1696.7552870090635,2012.131419939577,2541.764350453172,2026.5664652567975,1914.1208459214502,1578.1102719033233,1712.202416918429,1899.2477341389729,2116.8776435045315,1819.6238670694863,1898.4018126888218,1609.5377643504532,1679.1616314199396,1703.8398791540785,2904.590634441088,5063.941087613293,16159.583081570998,30136.58761329305,18896.019637462236,10815.078549848942,7229.271903323262,4671.809667673716,3954.7069486404835,4614.800604229607,5152.711480362538,4480.563444108761,3192.808157099698,2269.7930513595165,2276.6631419939577,3430.413897280967,9334.577039274924,27738.787009063442,19936.546827794562,11061.339879154079,7496.202416918429,5338.135951661631,4329.883685800604,3048.105740181269,2621.9456193353476,3675.4320241691844,4555.211480362538,2989.812688821752,2593.8625377643502,2337.0891238670697,2166.4471299093657,2351.2326283987913,2439.409365558912,1906.545317220544,1639.3066465256798,1455.0785498489427,1436.2900302114804,1570.4939577039274,1953.370090634441,2785.634441087613,4108.438066465257,3876.929003021148,2824.5996978851963,2144.725075528701,1932.108761329305,1465.4501510574019,1401.858006042296,1279.5151057401813,1385.250755287009,1213.4320241691844,1268.8474320241692,1247.0377643504532,1311.6767371601209,1303.5392749244713,1423.060422960725,1108.2613293051359,1170.1767371601209,1075.107250755287,1302.2643504531723,1589.1510574018127,2030.1163141993957,1601.5287009063445,1538.3640483383685,1940.9486404833838,2059.5664652567975,1531.6404833836857,1394.0105740181268,1418.358006042296,1636.1873111782477,1719.8262839879153,1570.0815709969788,1207.9909365558913,1229.9335347432025,1211.2160120845922,1598.0271903323262,1387.4108761329305,1299.2160120845922,1225.0377643504532,1504.1812688821751,2069.6933534743202,3639.223564954683,2429.418429003021,1985.8126888217523,2036.1223564954682,3065.273413897281,2060.013595166163,1654.799093655589,1344.5574018126888,1362.1012084592146,1477.6223564954682,1704.1389728096676,1471.6465256797583,2131.7990936555893,1820.477341389728,1530.3761329305137,1242.5211480362539,1239.3987915407854,1198.6706948640483,1795.8247734138972,6025.684290030212,6276.12084592145,3824.4743202416917,3107.71752265861,2274.512084592145,1808.4909365558913,1967.8262839879153,2111.14501510574,1671.3308157099698,1639.429003021148,1450.3021148036253,1345.9607250755287,1282.844410876133,1941.9441087613293,2093.8262839879153,1823.584592145015,2708.558912386707,2904.584592145015,1850.7129909365558,1626.6495468277947,1275.8746223564954,1282.1374622356495,1366.9803625377644,2981.1631419939577,13730.552870090634,12937.126888217523,7986.593655589124,5316.345921450151,4729.030211480363,6299.554380664653,3794.187311178248,2449.953172205438,2159.0,3063.9954682779457,2334.2552870090635,1737.8746223564954,1305.3489425981873,1275.4561933534744,1187.9410876132931,1261.2658610271903,1146.7688821752265,1260.5891238670695,1462.7583081570997,2180.5151057401813,8281.657099697884,21287.86555891239,15349.771903323262,8137.932024169184,4760.333836858006,3037.81419939577,1928.3323262839879,2008.2870090634442,2581.0528700906343,2077.415407854985,1776.7447129909365,2257.228096676737,1938.1691842900302,1733.0800604229607,1393.7190332326284,1571.0377643504532,1693.9003021148037,1687.0800604229607,2158.5785498489427,4838.370090634441,7539.972809667674,6440.915407854985,4060.632930513595,3247.880664652568,4874.465256797583,4227.2416918429,4015.628398791541,3583.271903323263,3053.9380664652567,2332.907854984894,1753.6374622356495,1554.9410876132931,1336.8232628398791,1305.2658610271903,1080.487915407855,1110.809667673716,1075.953172205438,1157.0619335347433,1058.6359516616315,1244.6389728096676,1059.5256797583081,1123.8141993957704,961.7870090634441,1115.8534743202417,1160.3021148036253,1385.52416918429,1252.2900302114804,1286.3549848942598,1307.7809667673716,2175.3353474320243,2232.42749244713,2869.18580060423,2876.92749244713,2583.628398791541,2220.97583081571,1891.9033232628399,1900.9667673716012,2999.2220543806648,4175.294561933535,3784.31419939577,2980.5422960725077,2589.6223564954685,2018.6631419939577,1751.6978851963747,1460.3323262839879,1396.3368580060423,1272.2613293051359,1655.679758308157,4885.66918429003,8010.086102719033,5178.703927492447,3454.712990936556,2211.833836858006,1994.7552870090635,3313.833836858006,3036.8897280966767,2192.956193353474,3147.6706948640485,9184.7250755287,12611.844410876132,11121.074018126888,6218.924471299094,3659.7583081570997,2586.817220543807,1916.1012084592146,2875.6631419939577,7102.954682779457,5342.262839879154,2961.956193353474,2032.498489425982,1474.3172205438066,1365.7915407854985,1707.6344410876134,3425.40332326284,3400.2673716012087,3193.7432024169184,2298.818731117825,2776.0528700906343,8609.711480362537,13730.646525679758,14843.962235649547,8060.95166163142,4416.563444108761,3574.5770392749246,5996.388217522659,16710.090634441087,10634.738670694864,5432.270392749245,4321.79003021148,3612.496978851964,2090.090634441088,1763.5438066465256,1357.1148036253776,1501.6993957703928,1732.084592145015,1560.54833836858,1453.880664652568,1745.7432024169184,1586.3731117824773,2304.07250755287,4617.880664652568,3404.3051359516617,1883.2356495468277,1514.0196374622356,1171.2401812688822,1341.463746223565,1679.4607250755287,1452.119335347432,1154.1827794561934,1432.2205438066464,2093.941087613293,2254.9003021148037,1988.095166163142,2948.4305135951663,2206.54833836858,2292.297583081571,5302.045317220543,4506.780966767372,2811.0,2023.4652567975832,1669.7885196374623,3921.9833836858006,3737.629909365559,2442.2522658610274,2514.4441087613295,3758.486404833837,3125.512084592145,3839.666163141994,3596.7432024169184,3447.0181268882175,6856.036253776435,11894.720543806647,7390.353474320242,4069.6027190332325,2399.4848942598187,1918.2326283987916,1396.6691842900302,1333.6465256797583,1176.9803625377644,1271.8731117824773,1411.8051359516617,3714.187311178248,7813.711480362538,5337.708459214501,3053.7416918429003,4396.255287009063,12740.826283987915,10116.802114803626,4944.37160120846,3239.66918429003,3021.175226586103,4560.45166163142,4435.460725075529,3662.3157099697887,2480.308157099698,1811.2522658610271,1256.1752265861028,1120.8368580060423,1120.1752265861028,1288.47583081571,1130.3036253776436,1102.4335347432025,1323.0498489425981,2152.6148036253776,1945.771903323263,1764.0,2379.7809667673714,4649.803625377644,3856.906344410876,2661.2567975830816,2028.7870090634442,6049.2416918429,15063.916918429002,20863.75075528701,12221.906344410876,5403.947129909366,2602.143504531722,1742.8036253776436,1286.5090634441087,1852.2114803625377,1711.391238670695,1435.0528700906345,1169.8474320241692,1198.916918429003,1071.4803625377644,1158.3595166163143,1134.92749244713,1450.9652567975832,1630.9093655589124,3170.3066465256798,15017.68580060423,23965.312688821752,12721.808157099698,5536.359516616314,2894.42749244713,1906.02416918429,1381.157099697885,1440.2296072507552,1352.8640483383685,1326.7915407854985,1203.3595166163143,1207.7688821752265,1320.8987915407854,1619.8791540785498,1860.273413897281,1804.5589123867069,1497.5966767371601,1573.439577039275,1734.1767371601209,4709.025679758308,17045.129909365558,31033.54833836858,22321.33987915408,9539.916918429002,4270.401812688821,2546.776435045317,1959.1450151057402,2042.8987915407854,1478.416918429003,1313.001510574018,1176.6374622356495,1163.3081570996978,1048.3746223564954,1206.6148036253776,1010.5755287009064,1051.5407854984894,1191.1631419939577,1211.7114803625377,1120.2160120845922,1572.1510574018127,4691.762839879154,6899.453172205438,3711.681268882175,1996.6132930513595,1309.2598187311178,1280.953172205438,1516.7930513595165,1524.463746223565,1212.5755287009063,1294.0347432024168,1141.4954682779455,1270.880664652568,1126.8957703927492,1334.1148036253776,1512.2432024169184,1639.3187311178249,1386.8293051359517,1442.570996978852,1245.52416918429,1277.6283987915408,1277.6873111782477,3662.9788519637464,8991.767371601209,7660.641993957704,3339.6601208459215,1884.3368580060423,1262.6767371601209,1133.8791540785498,1209.8172205438066,1755.880664652568,2587.287009063444,7643.7643504531725,9923.82326283988,5601.259818731118,2726.8761329305134,1801.3262839879153,1350.749244712991,1423.987915407855,1204.2341389728097,1193.9410876132931,1082.8489425981873,1256.47583081571,1419.9199395770393,1839.070996978852,1676.0271903323262,2028.939577039275,5660.780966767372,19162.07401812689,23007.348942598186,12119.092145015105,5783.19335347432,3400.7084592145015,1924.7824773413897,1475.7688821752265,1050.3746223564954,1138.132930513595,978.4743202416919,1039.4939577039274,1010.8006042296073,1424.9003021148037,3555.962235649547,5218.40332326284,3230.818731117825,1804.728096676737,1256.1148036253776,1160.203927492447,1006.9592145015106,1082.0166163141994,954.5528700906344,1077.7175226586103,935.3277945619335,1126.4138972809667,1069.107250755287,1137.129909365559,1135.2945619335349,1145.880664652568,1020.2945619335347,1331.320241691843,1916.454682779456,7530.62084592145,19301.57401812689,23625.398791540785,12457.897280966767,5691.7930513595165,2898.9244712990935,1905.0287009063445,1224.9259818731118,1189.3006042296072,1023.6661631419939,1102.2522658610271,915.8776435045318,1015.1027190332326,1066.2839879154078,1106.5287009063445,1010.1238670694864,1074.5906344410876,972.2462235649547,1080.3232628398791,964.4425981873112,1122.6238670694863,1799.8398791540785,3063.92749244713,3381.16918429003,2199.2945619335346,1340.5755287009063,1174.774924471299,985.7673716012084,1088.8232628398791,949.3323262839879,1055.0407854984894,965.5166163141994,1040.3836858006043,1050.5135951661632,1220.5332326283988,1191.5785498489427,1215.8141993957704,1062.4652567975832,1165.406344410876,1039.5332326283988,1200.2416918429003,1120.7643504531723,1162.5075528700906,969.1027190332326,1049.0981873111782,1097.439577039275,1037.6238670694863,1000.1706948640483,1152.3549848942598,1253.629909365559,1996.2870090634442,2506.8444108761328,3053.690332326284,1990.1978851963747,1389.4320241691844,1028.9864048338368,1045.774924471299,967.9984894259819,1056.904833836858,892.3821752265861,1039.1601208459215,1049.9335347432025,1329.6888217522658,1282.358006042296,1189.3157099697885,1028.7613293051359,1099.406344410876,1036.0075528700906,1108.7809667673716,959.0906344410876,1098.9486404833838,967.1510574018126,1103.5966767371601,1019.4864048338369,1067.9244712990937,940.3580060422961,1083.2583081570997,1199.8549848942598,1501.8126888217523,1509.4848942598187,1760.7703927492448,1465.3081570996978,1755.5211480362539,1960.3187311178249,2164.738670694864,1516.3308157099698,1248.0287009063445,1038.1842900302115,1121.7613293051359,1124.3474320241692,1291.3851963746224,1200.584592145015,1323.0105740181268,1661.8987915407854,2310.5664652567975,2783.380664652568,2623.8368580060423,1626.7371601208458,1261.5634441087614,1091.7129909365558,1130.8867069486405,1030.95166163142,1198.344410876133,1111.5740181268882,1343.6283987915408,1452.8081570996978,2673.690332326284,8329.73413897281,17358.012084592145,24554.989425981872,25878.66012084592,13981.327794561934,5966.708459214501,2690.702416918429,1884.1767371601209,1454.725075528701,1576.8791540785498,1781.9864048338368,2120.6933534743202,2019.4335347432025,1786.7779456193352,1400.0966767371601,1445.3549848942598,1397.0135951661632,1449.95166163142,1249.155589123867,1210.0392749244713,1018.5332326283988,1125.5151057401813,926.2114803625377,1146.4728096676738,991.2054380664653,1098.5332326283988,960.5181268882175,989.1752265861027,861.6555891238671,945.2658610271903,924.9501510574019,1035.5211480362539,895.226586102719,1043.1858006042296,1312.536253776435,1447.9909365558913,1369.3549848942598,1498.2537764350452,1439.1510574018127,3112.229607250755,7981.676737160121,12487.56344410876,16532.11329305136,16737.35347432024,9244.350453172205,3990.4954682779457,2192.6117824773414,1997.8232628398791,1952.7703927492448
577.8140350877193,501.4280701754386,528.219298245614,464.10877192982457,587.801754385965,430.54035087719296,539.6719298245614,523.1035087719298,553.4614035087719,524.2228070175439,581.4701754385965,506.30877192982456,613.8122807017544,474.12631578947367,593.1736842105263,612.6105263157895,652.4140350877193,610.3912280701754,590.9929824561403,565.6771929824562,604.9192982456141,567.1526315789474,674.5877192982456,598.5684210526316,693.2298245614035,674.9333333333333,646.7456140350877,590.7456140350877,639.7736842105263,579.9052631578948,688.4859649122807,608.1228070175439,704.0017543859649,633.3280701754386,706.659649122807,607.4456140350877,726.6087719298246,588.5842105263158,707.859649122807,595.9403508771929,708.7263157894737,639.5473684210526,625.198245614035,714.6929824561404,666.2754385964912,533.3087719298246,645.9228070175438,725.4122807017544,746.6543859649123,626.9649122807018,719.3350877192983,689.159649122807,713.2,687.9666666666667,742.8824561403509,596.2280701754386,721.4701754385965,651.8228070175438,686.8947368421053,630.9912280701755,697.1894736842105,639.019298245614,685.0964912280701,622.0175438596491,734.5596491228071,652.1526315789474,726.4157894736842,667.9842105263158,618.6473684210526,726.9263157894737,678.6719298245614,666.7473684210527,724.6456140350878,640.6631578947369,710.0035087719298,676.1859649122807,739.7017543859649,677.1157894736842,688.9491228070175,819.6666666666666,769.1368421052632,671.3877192982457,729.8929824561403,714.7912280701754,738.7614035087719,693.0280701754386,778.7157894736843,647.280701754386,706.2052631578947,709.1754385964912,743.8315789473684,658.6964912280702,775.6736842105263,759.5807017543859,722.6315789473684,744.759649122807,748.3122807017544,721.9087719298245,787.9964912280702,699.0631578947368,787.5,713.719298245614,746.9684210526316,703.0421052631579,678.078947368421,690.7561403508772,805.4052631578948,666.0473684210526,764.2438596491228,696.9508771929825,642.4578947368421,834.0771929824562,828.8456140350877,740.9438596491228,774.0035087719298,732.0017543859649,838.3456140350877,713.7035087719298,796.0649122807017,767.7754385964912,766.9245614035087,774.5543859649123,820.0333333333333,735.0771929824562,793.3543859649122,705.1280701754386,765.1771929824562,718.9350877192983,840.3736842105263,793.7333333333333,814.7578947368421,758.4192982456141,837.6842105263158,735.5070175438597,749.9649122807018,736.4894736842106,815.2491228070176,776.3210526315789,818.359649122807,666.2368421052631,769.3649122807018,688.0578947368421,673.4842105263158,820.2298245614035,854.8263157894737,754.0368421052632,775.1578947368421,772.3333333333334,782.6122807017543,797.8052631578947,784.3052631578947,725.6929824561404,763.801754385965,745.4035087719299,844.1157894736842,799.3421052631579,783.938596491228,781.0929824561404,764.3421052631579,686.0859649122807,828.5859649122807,796.2157894736843,764.3,776.4,830.0333333333333,770.8438596491228,795.4561403508771,792.4298245614035,845.1385964912281,715.6789473684211,863.8175438596492,796.9842105263158,840.7052631578947,769.340350877193,737.8140350877193,867.5719298245614,884.8614035087719,773.2140350877193,848.8473684210526,754.959649122807,891.6842105263158,786.161403508772,796.3070175438596,798.1368421052632,767.0631578947368,753.3333333333334,831.2526315789473,811.4140350877193,791.859649122807,820.4105263157895,822.8105263157895,806.3771929824561,840.759649122807,773.3719298245614,856.7280701754386,765.280701754386,858.5035087719298,816.9508771929825,823.4157894736842,882.1368421052632,802.4754385964912,830.9263157894737,871.5754385964913,821.7947368421053,847.3824561403509,770.7122807017544,730.2210526315789,907.7771929824561,813.7929824561404,831.6421052631579,869.9192982456141,800.2982456140351,857.719298245614,790.6263157894737,853.478947368421,811.7333333333333,861.9017543859649,779.2017543859649,817.3315789473684,790.4754385964912,841.2508771929824,838.219298245614,875.9666666666667,810.5807017543859,872.578947368421,862.6456140350878,829.7929824561404,783.2877192982456,816.0087719298245,866.0578947368421,874.7754385964912,840.7228070175439,863.9070175438596,872.8947368421053,861.2105263157895,868.7280701754386,799.6438596491228,776.8842105263158,779.1561403508772,910.9684210526316,864.6789473684211,823.7736842105263,787.3298245614035,811.7719298245614,820.3684210526316,804.8245614035088,846.6228070175439,751.240350877193,807.819298245614,832.7263157894737,781.9140350877193,826.5982456140351,768.838596491228,771.1315789473684,837.0070175438597,794.3543859649122,793.6035087719298,805.6561403508772,838.1,831.9649122807018,830.519298245614,854.240350877193,868.8438596491228,763.2350877192982,887.9649122807018,806.3701754385964,837.938596491228,880.0666666666667,830.8228070175438,810.219298245614,879.9912280701755,946.0859649122807,895.4526315789474,810.8456140350877,940.561403508772,855.4982456140351,862.5385964912281,864.5368421052632,848.5701754385965,842.2666666666667,878.5421052631579,776.8035087719298,810.5438596491229,845.8877192982457,844.2052631578947,879.1228070175439,856.040350877193,873.7368421052631,852.9842105263158,778.1929824561404,876.1684210526316,805.6175438596491,835.4649122807018,840.161403508772,870.5526315789474,842.2789473684211,882.7736842105263,796.9368421052632,861.2052631578947,815.3929824561403,859.7140350877193,811.1315789473684,783.9526315789474,972.3421052631579,894.4491228070175,888.7912280701754,830.4754385964912,809.3473684210526,860.619298245614,836.938596491228,850.4649122807018,881.1105263157895,826.9649122807018,832.8684210526316,890.4578947368421,826.8070175438596,906.9736842105264,811.8982456140351,843.6789473684211,865.2789473684211,894.1017543859649,855.4754385964912,895.359649122807,896.459649122807,886.240350877193,839.2245614035088,875.3947368421053,889.8701754385964,836.2,913.1052631578947,911.6736842105263,854.2140350877193,897.6543859649123,810.3824561403509,777.1070175438597,1013.0140350877193,1037.4350877192983,921.4526315789474,910.4526315789474,903.3701754385964,947.3070175438596,842.3578947368421,916.161403508772,834.1754385964912,878.021052631579,934.2315789473685,820.5964912280701,914.0473684210526,970.0578947368421,914.7947368421053,956.0736842105263,903.4017543859649,910.5543859649123,891.2491228070176,933.2368421052631,934.7122807017544,925.2894736842105,887.7526315789473,897.2456140350877,888.4473684210526,871.0807017543859,877.5982456140351,925.6298245614036,923.6842105263158,928.8333333333334,850.2543859649123,820.119298245614,957.3368421052631,954.0491228070175,916.4403508771929,939.9842105263158,994.7280701754386,1088.1421052631579,1023.2070175438596,953.0508771929825,905.8666666666667,909.2842105263157,916.2982456140351,966.3070175438596,911.3368421052631,928.5684210526316,966.9719298245614,971.3421052631579,959.1771929824562,980.8631578947368,906.301754385965,996.7929824561404,923.2210526315789,972.1789473684211,942.040350877193,1003.9,973.6263157894737,941.1350877192982,923.7140350877193,954.6491228070175,902.0964912280701,951.3087719298246,920.2438596491228,847.7824561403509,1055.3315789473684,945.8473684210526,962.8736842105263,993.3298245614035,939.4649122807018,1020.4824561403509,958.5385964912281,970.1438596491228,1032.8087719298246,1014.6649122807017,939.6105263157895,994.6912280701754,927.9350877192983,940.4298245614035,992.0087719298245,1058.2315789473685,1029.3333333333333,1068.2508771929824,999.4140350877193,1020.8438596491228,978.3912280701754,983.2052631578947,1035.9035087719299,989.1543859649123,994.021052631579,1053.8578947368421,1027.1052631578948,1039.9245614035087,1013.9280701754386,1050.261403508772,911.480701754386,963.301754385965,1188.6421052631579,1018.4087719298245,1099.361403508772,1059.8719298245614,1014.9140350877193,1116.419298245614,1169.2859649122806,1216.6561403508772,1053.8807017543859,1052.1631578947367,976.7789473684211,968.3070175438596,1021.2666666666667,1045.3245614035088,1001.1105263157895,1053.1333333333334,998.6140350877193,1051.3350877192981,1029.2245614035087,1001.4333333333333,977.4719298245614,1071.959649122807,993.3877192982457,1046.7631578947369,1075.4877192982456,1042.6122807017543,975.8315789473684,938.8052631578947,954.2877192982456,987.5070175438597,913.2087719298246,945.5859649122807,1074.1122807017543,1086.7140350877194,953.9,995.6719298245614,1035.4491228070176,1177.9052631578948,1137.5912280701755,1135.2035087719298,968.4561403508771,1015.7280701754386,1003.5508771929825,1039.8298245614035,1146.6947368421052,1153.017543859649,1103.622807017544,993.1789473684211,984.5140350877193,1008.0122807017544,1018.9350877192983,1117.6473684210525,1085.898245614035,1073.0070175438595,1020.9175438596491,1037.5298245614035,1028.019298245614,1158.8263157894737,1140.180701754386,1243.8719298245614,1101.5578947368422,1082.1929824561403,987.5438596491229,977.7894736842105,1114.498245614035,1057.0508771929824,974.6789473684211,1083.2,1088.821052631579,1092.2947368421053,1123.678947368421,1087.0912280701755,1033.219298245614,1080.9649122807018,1118.678947368421,1245.278947368421,1055.9964912280702,1103.4666666666667,1091.542105263158,1139.4912280701753,1116.640350877193,1087.7368421052631,1039.6473684210525,1235.756140350877,1169.580701754386,1105.7859649122806,1083.0842105263157,1120.8578947368421,1108.342105263158,1152.4245614035087,1102.3561403508772,1089.3315789473684,1023.5245614035088,1104.778947368421,1035.0228070175438,948.5140350877193,1150.3035087719297,1086.5543859649122,1050.8350877192981,1067.6543859649123,1058.7649122807018,1132.098245614035,1039.8087719298246,1110.0684210526315,1096.657894736842,1039.6315789473683,1115.2578947368422,1101.5701754385964,981.9456140350877,1136.0491228070175,1059.3385964912281,1071.8947368421052,993.2912280701754,1115.4666666666667,1073.963157894737,1057.5526315789473,1061.9087719298245,1032.2421052631578,990.1315789473684,1092.5877192982457,1052.4263157894736,1081.1333333333334,1074.4421052631578,1121.101754385965,1006.0631578947368,1105.3666666666666,1023.4508771929825,1073.3245614035088,1084.1333333333334,1158.8456140350877,1106.8087719298246,1092.938596491228,1166.6175438596492,1243.8438596491228,1133.4947368421053,1191.8157894736842,1137.1315789473683,1264.8263157894737,1155.3929824561403,1194.89649122807,1145.9228070175438,1008.9877192982456,1085.89649122807,1189.0228070175438,1146.219298245614,1179.6614035087719,1035.0315789473684,1061.6754385964912,1040.7350877192982,1233.8263157894737,1266.7280701754387,1228.0473684210526,1104.0631578947368,1032.8157894736842,985.9754385964912,1178.6070175438597,1124.1456140350876,1295.6859649122807,1148.8526315789475,1095.6754385964912,1259.6543859649123,1404.6140350877192,1266.3666666666666,1147.4719298245614,1029.5298245614035,1086.7666666666667,1037.536842105263,1123.463157894737,1140.756140350877,1158.378947368421,1093.5438596491229,1075.9561403508771,1037.7368421052631,1157.3052631578948,1138.542105263158,1240.0456140350877,1040.0929824561404,1153.8666666666666,1018.1789473684211,1107.9561403508771,1089.7649122807018,1347.2105263157894,1054.378947368421,1038.982456140351,998.6561403508772,1127.0280701754386,1142.6315789473683,1259.6070175438597,1038.6543859649123,1038.157894736842,927.1333333333333,1071.1649122807019,1247.3368421052633,1251.5157894736842,1078.6701754385965,1130.7859649122806,1072.0456140350877,1223.3578947368421,1152.0754385964913,1146.6368421052632,1098.059649122807,1093.2245614035087,1135.5894736842106,1213.6666666666667,1067.5140350877193,1015.3649122807018,1071.0491228070175,1275.5122807017544,1382.298245614035,1553.1157894736841,1234.1175438596492,1196.7473684210527,1094.9649122807018,1100.9701754385965,1059.4912280701753,1112.3719298245614,1066.2526315789473,1277.8701754385966,1048.1929824561403,1062.9754385964911,957.9491228070175,1009.9771929824561,950.6561403508772,1004.0508771929825,1068.7140350877194,1220.1052631578948,1179.7175438596491,1098.9649122807018,1025.7894736842106,1116.342105263158,1060.3087719298246,1137.9368421052632,1149.682456140351,1130.5333333333333,1026.2842105263157,1031.778947368421,983.8701754385964,1040.9929824561405,999.9736842105264,1111.7122807017545,1072.4175438596492,1163.3052631578948,1188.3912280701754,1351.9701754385965,1079.0245614035089,1104.761403508772,1004.6245614035088,1022.6350877192982,971.7298245614035,1101.1842105263158,1029.5684210526315,1195.659649122807,1225.740350877193,1459.3263157894737,1514.1087719298246,1179.701754385965,1172.1964912280703,1178.2052631578947,1072.5859649122808,1443.1087719298246,1669.4719298245614,1587.7368421052631,1734.4140350877192,1491.878947368421,1075.2333333333333,1153.7666666666667,1053.817543859649,1161.0122807017544,1148.4368421052632,1440.3929824561403,1755.0140350877193,1542.1877192982456,1385.6631578947367,1566.2842105263157,1435.2684210526315,1472.1719298245614,1356.9649122807018,1697.9684210526316,2434.8701754385966,2990.2473684210527,2354.561403508772,1870.9789473684211,1515.6105263157895,1475.9298245614036,1555.0701754385964,2205.919298245614,2516.5070175438595,1553.0824561403508,1368.6508771929825,1313.259649122807,1302.2175438596491,1324.6140350877192,1152.5035087719298,1293.6912280701754,1192.5087719298247,1527.017543859649,1643.5894736842106,1415.8807017543859,1129.842105263158,1213.9912280701753,1160.3578947368421,1445.2298245614036,1812.8701754385966,2280.014035087719,2461.4929824561405,2127.7157894736843,1413.0877192982457,1675.7964912280702,1388.9421052631578,1367.1526315789474,1495.7105263157894,1900.1070175438597,1673.8298245614035,1330.9105263157894,1434.542105263158,1393.6421052631579,1371.519298245614,1825.6649122807019,1567.101754385965,1379.4456140350878,1560.9473684210527,1491.240350877193,1195.2280701754387,1322.798245614035,1500.3807017543859,2079.259649122807,1724.4280701754385,1767.6140350877192,1521.322807017544,1343.1526315789474,1247.938596491228,1301.3385964912281,1375.7350877192982,1689.0666666666666,1846.7298245614036,1770.2280701754387,2278.0070175438595,2915.7842105263157,3554.1070175438595,2844.3719298245614,2321.656140350877,1852.940350877193,1688.6263157894737,1475.759649122807,1189.6631578947367,1310.6649122807019,1447.319298245614,1842.5929824561404,2279.1877192982456,1708.4859649122807,1308.7754385964913,1290.8298245614035,1435.0649122807017,1495.5140350877193,1136.7157894736843,1360.1456140350876,1406.0824561403508,1864.8438596491228,2669.7859649122806,3338.801754385965,1738.9245614035087,1417.319298245614,1321.7912280701755,1722.1456140350876,2166.5526315789475,2102.0298245614035,1458.0561403508773,1418.3263157894737,1340.0929824561404,1608.1543859649123,1481.940350877193,1775.219298245614,2381.9122807017543,3293.3719298245614,2120.922807017544,2103.1035087719297,2333.7736842105264,1677.438596491228,1350.361403508772,1443.2473684210527,1639.9561403508771,2399.266666666667,3016.1473684210528,2330.3824561403508,1672.298245614035,1740.5298245614035,2157.8087719298246,1552.322807017544,1205.2649122807018,1353.6964912280703,1215.5824561403508,1286.3578947368421,1249.8912280701754,1497.8,1226.438596491228,1361.6982456140352,1224.4859649122807,1233.3666666666666,1139.9877192982456,1252.9122807017543,1286.9912280701753,1657.8631578947368,1572.780701754386,1810.0526315789473,1353.89649122807,1379.5912280701755,1196.0701754385964,1294.519298245614,1374.2649122807018,1577.8280701754386,1583.0964912280701,1705.101754385965,1627.6526315789474,1667.9877192982456,1467.0894736842106,1564.7368421052631,1775.2842105263157,1633.4070175438596,1553.963157894737,2015.1070175438597,1847.5280701754386,1619.2298245614036,1459.4175438596492,1446.5070175438595,1391.019298245614,1738.2368421052631,2198.861403508772,2480.40350877193,1739.3263157894737,1354.9421052631578,1402.5228070175438,1951.4491228070176,1600.89649122807,1796.2649122807018,1926.122807017544,1917.298245614035,1815.9561403508771,1744.2421052631578,1562.2473684210527,1680.019298245614,1330.461403508772,1418.1280701754386,1363.9491228070176,1491.8385964912281,1377.5140350877193,1482.9052631578948,1352.9157894736843,1490.10350877193,1728.361403508772,1646.2859649122806,1425.6649122807019,1540.638596491228,1468.8807017543859,1581.042105263158,1752.9228070175438,1847.1666666666667,1768.042105263158,1789.7736842105264,1630.340350877193,1886.298245614035,2172.2157894736843,2568.856140350877,2587.356140350877,2211.1403508771928,1824.5228070175438,2110.380701754386,2147.077192982456,2007.9140350877192,1916.2666666666667,1981.6561403508772,1814.6421052631579,1832.0298245614035,1739.7052631578947,1699.0456140350877,1726.3947368421052,1840.980701754386,1712.8561403508772,2755.584210526316,2853.4666666666667,1951.5315789473684,1774.0929824561404,2106.863157894737,1567.4315789473685,1831.5543859649122,1704.5947368421052,1626.7035087719298,1752.4842105263158,2138.7614035087718,2663.7649122807015,2961.636842105263,1757.019298245614,1962.7087719298245,2658.1666666666665,3788.9456140350876,4682.371929824561,3683.1684210526314,2409.561403508772,1953.8157894736842,2196.540350877193,2763.2912280701753,2994.440350877193,3991.4122807017543,3922.3368421052633,3806.856140350877,4467.871929824561,4860.91403508772,4678.6438596491225,3216.6473684210528,2517.2877192982455,3148.538596491228,2267.0789473684213,1672.9736842105262,1677.6192982456141,2030.9508771929825,2102.077192982456,2051.6877192982456,1803.5087719298247,2039.0894736842106,2137.2649122807015,1772.8578947368421,1875.6315789473683,2898.5157894736844,3023.1894736842105,2430.356140350877,2144.3929824561405,2391.521052631579,1851.982456140351,1921.7070175438596,2098.875438596491,2532.705263157895,2679.461403508772,2419.2140350877194,1824.2666666666667,1645.6508771929825,1474.1298245614034,1849.2122807017545,2496.524561403509,2856.222807017544,2339.680701754386,2155.0719298245613,1849.3561403508772,2542.4052631578948,2874.398245614035,2329.2684210526318,3003.622807017544,3255.914035087719,2437.1052631578946,2962.243859649123,2914.69649122807,2934.240350877193,2325.635087719298,1900.3087719298246,2095.8070175438597,2786.8228070175437,3726.014035087719,4854.943859649123,4278.912280701755,4278.349122807018,3454.1859649122807,3356.90350877193,3061.426315789474,3436.0175438596493,3862.743859649123,3700.573684210526,4382.231578947369,4608.698245614035,3091.1508771929825,2410.014035087719,1918.8824561403508,2237.915789473684,2431.561403508772,3300.363157894737,3632.2017543859647,3316.0719298245613,3429.022807017544,3739.1877192982456,4520.989473684211,5119.038596491228,3487.342105263158,3891.1701754385963,3836.0280701754386,2938.5947368421052,3223.877192982456,3937.024561403509,3521.777192982456,3390.863157894737,2934.7508771929824,3783.821052631579,3812.657894736842,3907.424561403509,3837.0543859649124,4611.6736842105265,3679.6877192982456,3099.2140350877194,2997.2649122807015,3639.5526315789475,3706.375438596491,3216.8526315789472,2418.840350877193,1989.9350877192983,1556.9859649122807,1780.8122807017544,1634.7719298245613,1505.621052631579,1448.998245614035,1650.982456140351,1413.4035087719299,1478.701754385965,1480.1649122807019,1478.7315789473685,1420.5035087719298,1518.821052631579,1611.342105263158,1791.759649122807,1711.961403508772,2468.524561403509,3288.29298245614,2894.6473684210528,2177.0877192982457,1536.0298245614035,1309.2315789473685,1596.377192982456,1817.5649122807017,2162.178947368421,1472.8122807017544,1634.9052631578948,1534.361403508772,1659.3929824561403,1784.7719298245613,1830.0824561403508,1285.0631578947368,1396.3842105263159,1426.3912280701754,1659.6982456140352,1766.2701754385964,1986.3333333333333,2403.014035087719,2980.1122807017546,2296.3824561403508,2006.321052631579,2241.840350877193,1629.2631578947369,1391.6298245614034,1482.3315789473684,1422.8894736842105,1741.319298245614,2383.2912280701753,3048.705263157895,1835.957894736842,1882.9175438596492,2213.9543859649125,2677.0087719298244,3370.5508771929826,2494.622807017544,1715.2035087719298,2400.354385964912,2056.963157894737,1678.840350877193,1313.4561403508771,1669.8070175438597,1982.8701754385966,2560.745614035088,1858.7947368421053,2178.8,2262.540350877193,2134.754385964912,1338.9771929824562,1474.1315789473683,1499.7315789473685,1894.4228070175438,2550.8947368421054,4281.026315789473,5273.154385964912,5590.959649122807,3192.29298245614,1777.861403508772,1359.440350877193,1404.2526315789473,1242.2315789473685,1468.9736842105262,1478.3473684210526,2044.5140350877193,2310.29298245614,2841.524561403509,3313.815789473684,4103.989473684211,2178.3701754385966,1896.4684210526316,1799.0298245614035,2019.9456140350878,2066.342105263158,2924.6280701754386,3765.584210526316,3163.5649122807017,2260.7245614035087,3026.8964912280703,2352.5789473684213,1606.0894736842106,1426.6175438596492,1703.3245614035088,2021.1526315789474,3114.557894736842,2494.9473684210525,1791.2754385964913,1733.919298245614,1998.2859649122806,2105.2982456140353,2343.7385964912282,1997.8245614035088,1674.340350877193,2037.3842105263159,2102.582456140351,1902.9052631578948,3026.5280701754386,2892.522807017544,1875.0508771929824,1755.482456140351,2635.8842105263157,2813.733333333333,2270.8140350877193,2584.794736842105,3686.3491228070175,5083.778947368421,3706.354385964912,1948.3842105263159,1588.298245614035,1268.7719298245613,1436.798245614035,1365.7245614035087,1793.5561403508773,1550.3350877192981,1446.6,1255.39649122807,1339.4,1089.480701754386,1225.2912280701755,1267.821052631579,1318.401754385965,1348.6736842105263,1360.1333333333334,1092.4228070175438,1414.0964912280701,1435.317543859649,1343.7456140350878,1117.9754385964911,1258.240350877193,1115.2842105263157,1241.5228070175438,1182.3859649122808,1332.6912280701754,1094.2052631578947,1255.440350877193,1080.7649122807018,1396.6157894736841,1199.780701754386,1244.938596491228,1100.080701754386,1217.4140350877192,1127.677192982456,1218.8017543859648,1196.3087719298246,1456.7543859649122,1150.6561403508772,1229.2754385964913,1132.517543859649,1215.60350877193,1064.6894736842105,1155.7754385964913,1326.4368421052632,1505.256140350877,1492.6368421052632,1422.463157894737,1386.4157894736843,1710.1666666666667,1786.9228070175438,1584.042105263158,1677.0666666666666,2322.938596491228,1589.036842105263,1293.938596491228,1146.3105263157895,1252.0859649122808,1248.059649122807,1172.1333333333334,1084.5456140350877,1309.4087719298245,1062.0649122807017,1282.7929824561404,1098.0,1255.243859649123,1175.461403508772,1173.1561403508772,1082.4122807017543,1187.1561403508772,1189.9315789473685,1525.9157894736843,1777.898245614035,1655.9912280701753,1334.1561403508772,1310.7701754385964,1481.0508771929824,1469.3035087719297,1259.0070175438595,1416.2280701754387,1444.4543859649123,1637.538596491228,1280.3649122807017,1181.7456140350878,1157.7736842105264,1289.959649122807,1256.3807017543859,1670.7087719298245,1966.938596491228,1810.559649122807,1276.8,1338.2842105263157,1411.817543859649,1898.0578947368422,1425.8894736842105,1443.378947368421,1541.0228070175438,1901.9070175438596,2062.6701754385963,2090.9894736842107,1614.5,1483.8122807017544,1321.3333333333333,1651.8719298245614,1346.8877192982457,1264.0070175438595,1063.6631578947367,1230.0052631578947,1394.0561403508773,1443.9877192982456,1497.4035087719299,1738.0771929824562,1404.5052631578947,1702.678947368421,2103.282456140351,2256.356140350877,1572.359649122807,1682.7578947368422,1820.6561403508772,1648.3298245614035,1534.8456140350877,1763.0543859649122,1890.5543859649122,2218.8333333333335,1584.4771929824562,1880.9473684210527,2172.3842105263157,2924.357894736842,1916.6719298245614,1752.7912280701755,1680.9368421052632,1755.9070175438596,2163.7736842105264,3492.20701754386,4434.128070175439,3369.8473684210526,2672.377192982456,3229.2894736842104,2038.7087719298245,1645.321052631579,1959.3,2806.3315789473686,2346.2,2663.3070175438597,2412.2842105263157,2577.1701754385963,2402.2614035087718,3295.5087719298244,2629.014035087719,1914.898245614035,1520.2649122807018,1695.7228070175438,2187.343859649123,2030.238596491228,1376.536842105263,1761.9052631578948,2601.4947368421053,3702.8140350877193,2520.6894736842105,3018.1684210526314,3143.1666666666665,2982.2350877192985,4069.357894736842,3277.29649122807,2252.636842105263,3673.698245614035,4578.8859649122805,2676.9210526315787,2096.1543859649123,3186.922807017544,4784.078947368421,5297.30701754386,4613.791228070176,3599.9929824561405,2764.866666666667,2909.6122807017546,4572.259649122807,6476.989473684211,4436.60350877193,3147.9929824561405,4763.580701754386,7943.954385964912,5440.773684210526,3383.2087719298247,2068.4105263157894,1817.536842105263,1982.036842105263,3056.642105263158,3279.133333333333,3301.2245614035087,3958.9578947368423,6041.850877192983,4259.403508771929,2616.8508771929824,2012.7877192982455,1500.6157894736841,1313.9315789473685,1630.361403508772,1602.1964912280703,1976.4175438596492,3034.461403508772,3352.1929824561403,2072.959649122807,1766.0035087719298,1805.7105263157894,1783.1052631578948,1424.4350877192983,1735.3491228070175,2288.5087719298244,3350.7122807017545,2592.2912280701753,2273.864912280702,2285.6070175438595,1748.1701754385965,1472.322807017544,1685.8052631578948,2367.4666666666667,2428.5526315789475,1595.842105263158,1615.738596491228,1499.3385964912281,1852.4684210526316,1407.7771929824562,1561.438596491228,1551.6614035087719,2162.7385964912282,2532.0719298245613,2239.0719298245613,1788.8561403508772,1519.4912280701753,1397.7157894736843,1604.059649122807,1491.8087719298246,1540.5245614035089,1842.940350877193,1779.5070175438595,1435.3912280701754,1498.7175438596491,1309.8333333333333,1579.8754385964912,2070.1070175438595,3246.3350877192984,2347.985964912281,1650.9315789473685,1574.8385964912281,1511.6543859649123,1411.6315789473683,1709.2491228070176,1407.317543859649,1517.038596491228,1767.1421052631579,2548.521052631579,3469.3245614035086,3655.0491228070177,1833.759649122807,1766.243859649123,2189.4842105263156,2470.4350877192983,1597.038596491228,1478.819298245614,1410.0035087719298,2062.8877192982454,1872.4666666666667,2179.8526315789472,2665.942105263158,2029.2140350877194,1934.542105263158,2294.840350877193,1607.461403508772,1664.6877192982456,2015.3578947368421,2225.975438596491,1349.682456140351,1386.8877192982457,1166.243859649123,1300.8263157894737,1238.957894736842,1433.4070175438596,1364.4421052631578,1829.5491228070175,2693.8087719298246,2322.019298245614,1264.536842105263,1273.8631578947368,1226.5140350877193,1509.340350877193,1208.3947368421052,1449.0035087719298,1158.0157894736842,1445.677192982456,1322.5877192982457,1262.5561403508773,1237.6122807017543,1334.4649122807018,1332.517543859649,1851.9263157894736,2235.1912280701754,1730.6982456140352,1549.6526315789474,2520.3245614035086,2557.7912280701753,1530.6438596491228,1389.4789473684211,1617.3245614035088,1532.601754385965,1527.3105263157895,1209.5228070175438,1508.0035087719298,1818.5947368421052,2294.1491228070176,2667.6298245614034,2015.1105263157895,1406.7,1594.438596491228,1638.7912280701755,2246.540350877193,1711.821052631579,1769.1631578947367,1695.6105263157895,2273.90350877193,1652.1473684210525,1583.3578947368421,1858.4964912280702,2110.0263157894738,1378.9368421052632,1439.7719298245613,1658.9122807017543,2818.4491228070174,3586.9105263157894,2137.69649122807,1714.8701754385966,1924.180701754386,1444.8087719298246,1501.5157894736842,1489.5578947368422,1668.622807017544,1477.7368421052631,1514.4157894736843,1429.459649122807,2110.4210526315787,3570.20350877193,3770.475438596491,1652.3070175438597,1477.8736842105263,1307.3087719298246,1358.3,1395.1614035087719,1628.159649122807,1365.4438596491227,1958.4842105263158,1771.7701754385964,1714.622807017544,1276.898245614035,1271.1649122807019,1119.1859649122807,1291.4280701754385,1223.542105263158,1511.961403508772,1727.4,1939.1912280701754,1421.1070175438597,1354.6631578947367,1228.278947368421,1517.482456140351,1618.8157894736842,1738.9157894736843,1720.180701754386,2260.8456140350877,2034.6666666666667,1463.6087719298246,1353.740350877193,1580.1298245614034,1844.2771929824562,2034.4035087719299,1921.221052631579,2337.657894736842,1872.682456140351,1739.459649122807,1401.3736842105263,1636.101754385965,1761.5543859649122,1828.0245614035089,1393.4543859649123,1649.178947368421,1807.1368421052632,2798.922807017544,4420.959649122807,4959.5526315789475,1880.2912280701755,1550.3,1559.1087719298246,1439.8701754385966,1119.0912280701755,1375.6526315789474,1225.7315789473685,1331.9298245614036,1483.5543859649122,1500.7491228070176,1204.959649122807,1387.1122807017543,1247.9508771929825,1338.2859649122806,1232.2035087719298,1519.7140350877194,1402.457894736842,1588.0631578947368,1873.859649122807,2519.4052631578948,1825.1350877192983,1312.5526315789473,1160.3684210526317,1358.4701754385965,1313.2719298245613,1867.9894736842105,1645.3385964912281,1594.638596491228,1210.9842105263158,1556.3578947368421,1674.9298245614036,1584.6491228070176,1179.2157894736843,1291.7052631578947,1184.3385964912281,1241.378947368421,1179.080701754386,1374.040350877193,1280.4701754385965,1514.898245614035,1462.7280701754387,1533.378947368421,1378.517543859649,1404.7771929824562,1336.6298245614034,1616.7491228070176,2255.964912280702,2055.498245614035,1187.6614035087719,1335.5631578947368,1237.756140350877,1247.121052631579,1186.2877192982455,1410.5561403508773,1508.2508771929824,2410.512280701754,2341.2087719298247,1976.8684210526317,1510.6175438596492,1752.7333333333333,1682.6561403508772,1639.9964912280702,1768.6280701754386,2546.645614035088,3042.622807017544,2340.1649122807016,1706.342105263158,2134.0315789473684,2358.580701754386,2634.7140350877194,1863.9473684210527,2039.5280701754386,3287.794736842105,3935.6105263157897,1885.9526315789474,1477.3263157894737,1334.6280701754386,1440.4280701754385,1328.9894736842105,1523.2736842105264,1294.9508771929825,1429.0122807017544,1457.4929824561405,2053.3859649122805,3031.2526315789473,4580.242105263158,3071.875438596491,2229.7894736842104,1841.8824561403508,2305.9491228070174,1766.3315789473684,2286.7684210526318,2660.8596491228072,1780.3719298245614,1438.140350877193,1825.6140350877192,2166.9894736842107,2565.2859649122806,1716.3649122807017,1773.1105263157895,2196.480701754386,3851.866666666667,5889.578947368421,4146.184210526316,2973.0052631578947,2739.8280701754384,2544.30350877193,2004.261403508772,1582.6929824561403,1955.3298245614035,2544.0543859649124,4842.021052631579,4552.384210526316,2265.415789473684,1569.2929824561404,1982.8894736842105,2646.442105263158,3911.8280701754384,2246.0421052631577,2064.09649122807,2482.077192982456,3751.2649122807015,2317.70701754386,1632.480701754386,1344.6157894736841,1489.780701754386,1541.7877192982455,2083.438596491228,2825.9333333333334,4579.021052631579,4208.742105263158,5064.861403508772,6548.343859649123,3464.1491228070176,2360.4473684210525,3498.375438596491,5494.829824561403,5407.8,3013.917543859649,2360.4684210526316,3123.514035087719,5850.082456140351,6883.491228070176,2842.422807017544,1632.6315789473683,1706.5298245614035,1784.8947368421052,1821.8631578947368,1388.1140350877192,1449.440350877193,1447.159649122807,1896.7491228070176,1902.7035087719298,2884.998245614035,3485.038596491228,4391.933333333333,3263.9929824561405,4203.0,6619.933333333333,5201.549122807018,5548.903508771929,4277.694736842105,2789.3736842105263,3163.080701754386,3578.70701754386,2165.4210526315787,1549.4228070175438,1644.7087719298245,2182.742105263158,2538.4561403508774,1937.0894736842106,2119.9070175438596,1869.3491228070175,2457.8245614035086,4175.526315789473,6878.494736842105,3426.514035087719,2031.9280701754385,1903.2754385964913,1735.0315789473684,1766.817543859649,2498.6403508771928,4280.633333333333,7441.61052631579,6081.5368421052635,7812.082456140351,4693.973684210527,3825.6403508771928,5199.731578947369,3804.6298245614034,2121.29298245614,1858.7035087719298,1815.8157894736842,2232.9298245614036,3375.2298245614033,5930.594736842106,6181.591228070175,5673.773684210526,5140.226315789474,5497.331578947368,2647.857894736842,2533.622807017544,2583.419298245614,1988.8807017543859,1588.5912280701755,1562.9298245614036,1566.240350877193,1844.322807017544,2385.0649122807017,3838.2719298245615,3064.79298245614,4559.291228070176,4301.529824561403,5653.045614035088,7003.912280701755,9819.689473684211,17138.873684210525,13026.571929824562,4399.661403508772,2574.7087719298247,2503.5684210526315,4300.905263157894,4403.571929824561,5398.761403508772,9274.38245614035,7204.015789473684,3250.4701754385965,1808.5701754385964,1572.822807017544,2100.3280701754384,2930.121052631579,4760.726315789474,4833.733333333334,6090.071929824561,3406.577192982456,1853.3122807017544,1571.0,1607.3,1543.438596491228,1855.8631578947368,2213.7754385964913,3237.4561403508774,6227.091228070175,5047.928070175439,2194.582456140351,2133.0070175438595,2549.898245614035,4433.90701754386,4405.557894736842,7501.675438596491,6220.4315789473685,4139.215789473684,1980.1649122807019,1733.6964912280703,1839.3842105263159,2085.3298245614037,2170.756140350877,3636.6,7014.271929824561,5825.571929824561,2464.659649122807,1860.2736842105264,1475.959649122807,1647.340350877193,1608.2842105263157,1604.9491228070176,1621.5122807017544,2233.8456140350877,1987.121052631579,1997.8087719298246,2686.0105263157893,2880.3701754385966,3012.3491228070175,5752.566666666667,8784.977192982456,5461.359649122807,6809.845614035088,5625.687719298246,2449.442105263158,2105.780701754386,1752.7140350877194,2089.4684210526316,1478.5859649122808,1537.8087719298246,1488.682456140351,1490.0280701754386,1595.2421052631578,2364.59649122807,4016.2982456140353,8154.442105263158,5486.228070175439,2986.6508771929825,1759.042105263158,1559.9754385964911,1335.5929824561404,1323.7035087719298,1371.6561403508772,1468.540350877193,1352.682456140351,1643.4438596491227,2039.6964912280703,2789.573684210526,5175.057894736842,5732.236842105263,2350.1701754385963,2036.6736842105263,1964.2666666666667,2002.8070175438597,1529.4508771929825,1678.1526315789474,1574.0526315789473,1526.3754385964912,1551.9754385964911,2390.7140350877194,2801.305263157895,5569.540350877193,3300.2684210526318,1743.7245614035087,1379.6736842105263,1465.0350877192982,1357.7122807017545,1463.398245614035,1412.7877192982455,1516.6421052631579,1438.421052631579,1788.4736842105262,2125.961403508772,4019.801754385965,4055.69649122807,2357.138596491228,2174.5105263157893,2197.317543859649,1679.101754385965,1718.6508771929825,1469.1631578947367,1553.538596491228,1583.7228070175438,1985.4105263157894,2613.1052631578946,3845.478947368421,8458.887719298245,14809.90701754386,10307.71754385965,4294.008771929824,2312.7140350877194,2154.9684210526316,1501.89649122807,1433.89649122807,1205.4912280701753,1331.1245614035088,1157.8263157894737,1257.061403508772,1114.578947368421,1263.2421052631578,1142.398245614035,1303.0456140350877,1371.3263157894737,1701.1070175438597,1487.721052631579,1589.482456140351,1628.959649122807,1430.4929824561405,1320.8807017543859,1407.4859649122807,1202.7684210526315,1464.9035087719299,1816.459649122807,2746.3491228070175,1638.5508771929824,1448.9929824561405,1369.898245614035,1923.1614035087719,2058.536842105263,2258.4298245614036,1746.2298245614036,1551.4333333333334,1333.701754385965,1749.3333333333333,1272.9894736842105,1559.3508771929824,2104.759649122807,3916.7631578947367,3216.5438596491226,1937.4140350877192,1304.0157894736842,1351.1333333333334,1387.7175438596491,1615.1421052631579,1215.4122807017543,1276.4859649122807,1184.2578947368422,1470.6175438596492,1914.3491228070175,1868.9473684210527,2117.217543859649,2376.6684210526314,1667.8052631578948,1718.0333333333333,1529.419298245614,1486.9701754385965,1265.938596491228,1414.7684210526315,1315.3842105263159,1700.2578947368422,1899.501754385965,1794.9912280701753,1517.8350877192981,1980.5894736842106,2406.3245614035086,2869.4491228070174,2841.777192982456,2632.1087719298243,1828.719298245614,1519.8824561403508,1376.7087719298245,1530.7421052631578,1546.9298245614036,1588.2526315789473,1406.2228070175438,1574.657894736842,1846.5824561403508,2600.077192982456,2957.838596491228,2024.3385964912281,2198.480701754386,2696.694736842105,2349.7508771929824,2233.5719298245613,1860.0052631578947,2423.1403508771928,2941.961403508772,3473.79298245614,2953.942105263158,2138.2649122807015,1737.7157894736843,2161.8877192982454,3258.4491228070174,3251.3070175438597,2617.022807017544,2432.5157894736844,1747.0070175438595,1946.4228070175438,1542.459649122807,1848.601754385965,1987.657894736842,2609.4508771929823,2294.9438596491227,2028.0666666666666,2157.3877192982454,1862.280701754386,1487.6087719298246,1505.6631578947367,1491.4561403508771,1824.4754385964911,1676.9245614035087,1553.1491228070176,1509.6701754385965,1895.7456140350878,1645.6684210526316,2352.8473684210526,3093.022807017544,2121.354385964912,1628.3315789473684,2227.1754385964914,2750.294736842105,2328.7245614035087,2860.477192982456,5038.633333333333,4247.756140350877,2651.1771929824563,2376.8736842105263,2103.2526315789473,1988.9491228070176,2175.573684210526,1960.1157894736841,2379.035087719298,1609.3842105263159,1742.3947368421052,1846.998245614035,1809.3157894736842,2122.098245614035,3048.805263157895,1966.4140350877192,1736.6333333333334,1958.0315789473684,2644.8894736842103,3207.8736842105263,5184.631578947368,7286.371929824561,4579.324561403509,2812.4280701754387,2393.805263157895,3025.8894736842103,5706.3561403508775,8157.361403508772,4009.8333333333335,2441.7614035087718,2940.563157894737,4717.561403508772,5252.170175438597,4562.587719298245,2274.756140350877,1772.622807017544,1814.438596491228,1448.0912280701755,2094.3912280701757,2111.6122807017546,4184.050877192983,2994.49649122807,1983.1052631578948,1762.5877192982457,1902.0157894736842,2470.6315789473683,3257.121052631579,3747.9087719298245,5505.9,6853.843859649123,9157.757894736842,9455.935087719297,5536.015789473684,7279.9,11484.956140350878,6420.670175438597,4447.131578947368,5387.0982456140355,3563.4122807017543,3792.342105263158,3192.7298245614033,2762.257894736842,4894.1140350877195,8047.891228070175,4620.991228070176,3887.20350877193,7576.564912280702,9963.60701754386,4269.761403508772,2603.2122807017545,3024.09649122807,4014.866666666667,9569.063157894738,11780.60701754386,5661.670175438597,5735.924561403509,8189.58947368421,4937.49649122807,3731.4491228070174,4080.1280701754386,4290.4473684210525,3985.582456140351,2525.133333333333,2170.585964912281,3609.2245614035087,3796.7122807017545,3984.5929824561404,2584.8298245614037,2063.7017543859647,2447.580701754386,2208.2842105263157,1604.9491228070176,1826.7175438596491,2386.7649122807015,4918.994736842105,4025.3456140350877,2194.5157894736844,1589.798245614035,1527.5719298245615,1548.938596491228,2170.7526315789473,3416.075438596491,5545.8,2669.19649122807,2308.0508771929826,2737.4719298245614,3967.077192982456,7339.905263157894,5769.691228070175,3164.142105263158,2221.7122807017545,1741.1280701754386,2250.2894736842104,2578.240350877193,2095.3087719298246,1859.5684210526315,2078.898245614035,2434.3894736842103,3146.0526315789475,2017.1719298245614,1718.4859649122807,1632.1736842105263,1758.2842105263157,2030.5842105263157,1816.5035087719298,1594.9421052631578,1694.578947368421,1740.7947368421053,1657.7263157894736,1497.1736842105263,1720.2368421052631,1551.5140350877193,1514.9473684210527,1486.6543859649123,2494.6666666666665,2979.7877192982455,4322.573684210526,2365.1035087719297,1679.0964912280701,1433.1087719298246,1696.0456140350877,1412.8561403508772,1559.7280701754387,1696.7842105263157,3235.315789473684,3563.7649122807015,2123.1157894736843,1659.89649122807,2225.478947368421,4707.912280701755,3725.4298245614036,1852.3385964912281,1594.9543859649123,1462.1,1516.8438596491228,1426.7719298245613,1407.6157894736841,1428.3315789473684,1680.9754385964911,2377.082456140351,2181.5438596491226,1528.6649122807019,1504.6298245614034,1513.9140350877192,1671.0929824561404,1487.040350877193,2268.635087719298,2014.6122807017543,2793.682456140351,5214.633333333333,7068.5842105263155,3189.7719298245615,2118.0526315789475,1702.8035087719297,1613.7157894736843,1413.0526315789473,1957.4,2230.305263157895,3487.733333333333,3343.2526315789473,2063.0666666666666,1574.5964912280701,1433.6298245614034,1213.2929824561404,1304.2736842105264,1167.7280701754387,1306.5543859649122,1404.2877192982455,1899.6473684210525,1310.7228070175438,1223.6105263157895,1059.7701754385964,1143.9087719298245,1063.401754385965,1171.8122807017544,1098.9491228070176,1325.7719298245613,1294.2947368421053,2072.217543859649,2867.0315789473684,7721.859649122807,10121.340350877193,5328.698245614035,3055.4491228070174,1988.121052631579,1387.759649122807,1398.7684210526315,1519.2315789473685,1531.457894736842,1197.3157894736842,1304.540350877193,1134.0210526315789,1277.821052631579,1670.2526315789473,2720.866666666667,2204.156140350877,1624.3298245614035,1395.342105263158,1487.4473684210527,1251.9421052631578,1319.6052631578948,1247.519298245614,1424.0035087719298,1302.7052631578947,1512.9789473684211,1328.6105263157895,1539.7421052631578,1760.5701754385964,2080.19649122807,2203.436842105263,2473.2280701754385,1639.859649122807,1539.8315789473684,1301.601754385965,1362.0140350877193,1338.3754385964912,1816.6842105263158,2243.7385964912282,1809.5087719298247,1390.6052631578948,1427.957894736842,1416.5210526315789,1426.8807017543859,1167.4649122807018,1159.4263157894736,1331.278947368421,1418.561403508772,1315.2736842105264,1792.9526315789474,1523.5736842105264,1600.3754385964912,1771.940350877193,1652.401754385965,1513.4666666666667,1619.1842105263158,1530.9947368421053,1835.1438596491228,1637.3929824561403,2272.801754385965,1743.461403508772,1465.4701754385965,1329.4789473684211,1813.5280701754386,1186.9912280701753,1384.5140350877193,1249.2473684210527,1439.3754385964912,1511.5280701754386,1622.963157894737,1534.8122807017544,1606.238596491228,1307.9526315789474,1386.7684210526315,1466.3526315789475,1541.5684210526315,1249.6350877192983,1380.7070175438596,1656.8807017543859,1785.7473684210527,2157.3140350877193,1901.2701754385964,1671.7771929824562,1565.8631578947368,1329.0842105263157,1430.961403508772,1351.0508771929824,1500.0456140350877,1296.7859649122806,1423.8859649122808,1439.480701754386,1449.3017543859648,1261.2368421052631,1391.756140350877,1270.940350877193,1787.8894736842105,1276.9070175438596,1437.6614035087719,1610.7929824561404,2098.2315789473682,1550.7578947368422,1666.9508771929825,1915.5298245614035,3428.79649122807,3085.619298245614,4514.082456140351,2954.301754385965,2258.082456140351,1758.7280701754387,1575.1684210526316,1414.5719298245615,1506.5859649122808,1228.2035087719298,1339.1929824561403,1220.0912280701755,1409.7245614035087,1441.7228070175438,2093.133333333333,2918.680701754386,2761.219298245614,3196.2754385964913,2618.7315789473682,1879.3315789473684,1825.677192982456,1739.0842105263157,2204.361403508772,3486.8333333333335,3102.682456140351,1820.680701754386,1724.4035087719299,1449.4736842105262,1560.821052631579,1685.5561403508773,1632.2368421052631,1450.7333333333333,1566.3157894736842,1387.6350877192983,1493.8649122807017,1777.1052631578948,3373.9543859649125,5930.2052631578945,4309.707017543859,2917.6087719298243,2905.1771929824563,2204.2385964912282,1847.9315789473685,1664.7140350877194,1972.6754385964912,1821.5315789473684,1898.1456140350876,2797.9929824561405,5110.177192982456,2972.1280701754386,2287.705263157895,2497.9456140350876,3188.0263157894738,2969.782456140351,2369.861403508772,2913.7385964912282,5650.166666666667,3233.624561403509,2711.2385964912282,3449.1754385964914,6676.131578947368,11253.521052631579,6438.58596491228,3463.3526315789472,2685.540350877193,2529.3859649122805,2438.4052631578948,2294.99649122807,2281.277192982456,2769.061403508772,6219.768421052631,4432.417543859649,3128.0666666666666,3075.0175438596493,2722.1403508771928,2069.8,2235.3508771929824,3592.9508771929823,6308.184210526316,5709.994736842105,3389.485964912281,2355.9315789473685,1919.7631578947369,1635.3105263157895,2178.1649122807016,3976.19649122807,4098.047368421053,3412.463157894737,5890.042105263158,4781.680701754386,3917.919298245614,5043.182456140351,9960.722807017544,11144.82807017544,7501.685964912281,5635.087719298245,3464.821052631579,2338.6491228070176,1990.9929824561405,1756.1929824561403,2157.6754385964914,1791.1666666666667,1778.8333333333333,2174.8701754385966,1934.3719298245614,1559.4912280701753,1628.89649122807,1551.759649122807,1997.8280701754386,2209.1929824561403,2471.6,2400.6263157894737,2820.4105263157894,5200.5684210526315,15408.533333333333,21511.392982456142,11727.50350877193,7427.056140350877,6012.715789473684,7034.324561403509,9883.322807017545,6670.038596491228,7615.282456140351,4669.984210526316,3695.6403508771928,3716.7385964912282,3028.70701754386,2247.4052631578948,2112.5315789473684,2095.573684210526,3463.2280701754385,2814.619298245614,3473.3315789473686,4835.187719298246,3686.080701754386,2685.2526315789473,2133.5,1664.259649122807,1737.1736842105263,1673.1192982456141,1935.4947368421053,1811.6877192982456,1976.2526315789473,2507.3824561403508,2444.059649122807,2774.3877192982454,3088.1035087719297,2145.1859649122807,2311.964912280702,2172.9894736842107,1996.536842105263,1707.4666666666667,2247.857894736842,1870.638596491228,3334.842105263158,8591.566666666668,7098.370175438597,3867.377192982456,2676.5263157894738,2246.856140350877,2778.9280701754387,2318.924561403509,2119.098245614035,1956.9456140350878,2909.2736842105264,2401.1157894736843,2182.9052631578948,2142.2263157894736,2298.419298245614,2961.7157894736843,6817.878947368421,12242.959649122808,9504.242105263158,10670.691228070176,5820.784210526316,3717.5929824561404,2825.035087719298,2072.936842105263,1845.559649122807,1683.0087719298247,1823.4228070175438,1835.5491228070175,2106.59649122807,2058.9210526315787,2503.680701754386,1980.140350877193,2625.914035087719,3102.9508771929823,2432.2017543859647,1914.738596491228,1805.0473684210526,1772.0280701754386,2170.3298245614037,2676.842105263158,4521.487719298246,9979.142105263158,8104.133333333333,4249.628070175439,3332.8456140350877,3092.0298245614035,2557.3245614035086,2049.745614035088,2331.4824561403507,3004.6912280701754,2586.9280701754387,3249.7614035087718,6423.394736842105,9523.347368421053,6154.449122807017,3448.7298245614033,2575.9736842105262,2256.6631578947367,1983.0754385964913,1555.980701754386,1629.3315789473684,1398.5912280701755,1880.1719298245614,1408.3666666666666,1878.4736842105262,2041.3859649122808,2013.9105263157894,2662.356140350877,2363.8473684210526,1884.0754385964913,2347.8877192982454,2163.257894736842,2064.2385964912282,2194.380701754386,2159.5105263157893,1702.0122807017544,1914.421052631579,2218.9350877192983,4097.752631578947,8626.39298245614,5630.1736842105265,3779.1087719298243,2839.1070175438595,2651.621052631579,2278.2859649122806,1698.3298245614035,1717.201754385965,1798.7859649122806,1878.2491228070176,1941.3105263157895,3597.5175438596493,9047.59298245614,6828.808771929825,4473.628070175439,4002.8894736842103,3471.514035087719,5059.375438596491,4176.047368421053,6791.10350877193,17475.294736842105,14845.61052631579,8590.287719298245,6791.38947368421,4362.11052631579,3835.6894736842105,4669.380701754386,4015.5070175438595,2753.156140350877,2666.861403508772,3754.1701754385963,7754.070175438596,7288.680701754386,4361.1140350877195,3170.498245614035,3012.9684210526316,4536.050877192983,8793.780701754386,6199.550877192983,5813.964912280701,4104.035087719299,3228.8912280701757,3037.280701754386,4946.626315789474,10387.980701754386,12475.529824561403,13663.67894736842,9053.538596491228,5443.131578947368,4051.0701754385964,2964.866666666667,3112.5684210526315,3638.133333333333,2659.7491228070176,2324.019298245614,2492.9122807017543,2321.6526315789474,1967.5263157894738,1726.8736842105263,1790.9070175438596,1450.0350877192982,1600.6649122807019,1944.980701754386,2720.842105263158,3648.4736842105262,6731.156140350877,10738.240350877193,19243.277192982456,11744.294736842105,8425.571929824562,9798.029824561403,7382.0228070175435,8006.3105263157895,12292.801754385964,7091.287719298246,4709.608771929825,3362.7140350877194,2775.143859649123,2074.2684210526318,2286.0543859649124,1686.842105263158,1842.0087719298247,2519.4842105263156,6516.29649122807,16911.280701754386,11891.122807017544,7106.6578947368425,5388.1894736842105,4112.191228070175,4242.347368421053,6573.331578947368,18224.440350877194,33336.278947368424,19885.745614035088,12477.878947368421,10370.915789473684,6837.938596491228,5618.010526315789,5966.312280701754,4415.333333333333,4779.747368421053,4303.687719298246,3303.4315789473685,3026.2877192982455,2442.661403508772,2898.3912280701757,3351.514035087719,3101.119298245614,4517.768421052631,13791.60701754386,27917.040350877192,19041.27192982456,11360.826315789474,7702.361403508772,6190.328070175438,8614.038596491228,15938.905263157894,20631.163157894738,17442.519298245614,16760.657894736843,14125.126315789474,9547.001754385965,8193.515789473684,7534.743859649123,4980.091228070175,3247.705263157895,2607.1631578947367,2305.5877192982457,1986.1947368421052,2218.5877192982457,2786.2087719298247,3349.9210526315787,4690.815789473684,3543.8228070175437,2594.3842105263157,2296.6263157894737,2073.6315789473683,2008.482456140351,1833.7543859649122,2414.2877192982455,2691.3824561403508,2283.9842105263156,1816.0508771929824,2251.3491228070175,2529.580701754386,4181.571929824561,5799.524561403508,4545.231578947369,3878.3105263157895,7150.805263157895,9371.412280701754,9612.719298245614,10582.77543859649,6782.736842105263,7643.849122807018,16652.698245614036,14102.77543859649,13988.677192982455,10930.777192982456,6805.747368421053,5192.09298245614,4344.982456140351,3392.036842105263,3088.759649122807,2945.3350877192984,3061.7842105263157,2488.7368421052633,2693.001754385965,3203.7614035087718,4821.443859649123,8795.250877192982,17108.333333333332,17416.08947368421,10504.5,6913.731578947369,7201.482456140351,10247.438596491229,9118.347368421053,6089.249122807018,5706.775438596491,4333.138596491228,3623.487719298246,3499.1140350877195,2741.7350877192985,2021.7701754385964,1903.3859649122808,1687.8894736842105,1763.6175438596492,1499.5491228070175,1771.0035087719298,2796.3842105263157,6061.029824561403,16862.491228070176,17315.76140350877,10812.547368421052,7686.185964912281,6041.370175438597,6315.58596491228,5205.8263157894735,4052.987719298246,3665.6859649122807,3645.5263157894738,3291.036842105263,4377.487719298246,4467.6894736842105,3191.645614035088,3249.9,6355.935087719298,4227.161403508772,2986.6859649122807,2206.124561403509,2369.7350877192985,2868.2157894736843,2883.487719298246,2462.5157894736844,2975.914035087719,3560.5526315789475,3247.4350877192983,4912.201754385965,14240.4,12979.854385964913,8810.136842105263,10195.840350877193,9106.759649122807,6692.224561403509,8073.429824561404,6329.570175438596,4039.563157894737,2788.9070175438596,2494.080701754386,1951.9157894736843,2187.656140350877,2675.7614035087718,2701.4298245614036,2282.2350877192985,2133.2894736842104,1864.840350877193,1874.5543859649122,2149.980701754386,2840.6140350877195,1860.743859649123,1740.1666666666667,1473.2122807017545,1477.10350877193,1610.678947368421,1845.2070175438596,1755.042105263158,2016.4175438596492,1637.5543859649122,1697.019298245614,1700.4456140350878,2194.801754385965,2256.924561403509,2156.4508771929823,2872.621052631579,4842.998245614035,4306.112280701755,3159.205263157895,2285.7614035087718,1919.6350877192983,1654.0,1774.721052631579,1597.5087719298247,1756.378947368421,1690.0894736842106,1717.1140350877192,2351.863157894737,2978.057894736842,5489.461403508772,5724.980701754386,3927.2140350877194,4402.819298245614,7562.547368421053,7280.524561403508,5476.238596491228,4912.156140350877,6719.0228070175435,6291.073684210526,5303.015789473684,5754.236842105263,4496.457894736842,3699.277192982456,5343.128070175439,5561.535087719299,7436.4,11586.326315789474,7592.456140350877,6062.973684210527,6614.010526315789,5173.519298245614,4288.028070175438,3184.156140350877,2271.6403508771928,2127.101754385965,2331.6263157894737,4814.271929824561,5951.759649122807,5283.0368421052635,4135.459649122807,2995.0315789473684,2461.2631578947367,3200.417543859649,2808.0438596491226,2830.6508771929825,2133.9578947368423,2018.7087719298245,2491.6666666666665,5617.917543859649,5250.991228070176,3931.321052631579,2921.073684210526,3352.014035087719,4074.573684210526,4819.170175438597,6143.654385964912,9481.284210526315,6244.305263157895,6418.108771929825,8973.201754385966,10421.747368421053,9484.942105263159,13643.008771929824,8727.261403508772,5651.038596491228,4415.49649122807,3445.3070175438597,2334.6877192982456,1875.9105263157894,1449.9105263157894,1417.8929824561403,1297.3912280701754,1667.1175438596492,2874.0929824561404,4282.10701754386,3083.122807017544,2887.159649122807,2918.8894736842103,4160.875438596491,12259.064912280703,18558.31403508772,11642.212280701755,9088.322807017545,8878.657894736842,12089.750877192982,8122.664912280702,5652.3105263157895,5705.943859649123,4225.115789473684,3066.242105263158,2948.778947368421,5749.364912280702,12519.966666666667,12189.82456140351,7549.852631578948,4822.115789473684,3955.305263157895,4045.9701754385965,3866.6631578947367,3363.922807017544,5885.8859649122805,7972.19298245614,11801.143859649123,11232.8,24259.563157894736,28849.091228070174,18980.033333333333,14629.963157894737,21381.55789473684,17896.44912280702,12922.594736842106,8603.229824561404,6493.501754385965,5173.60350877193,4072.1771929824563,2883.733333333333,2624.245614035088,3553.7877192982455,9184.631578947368,13687.928070175438,9510.080701754387,8462.564912280703,18347.101754385963,21272.677192982457,14252.045614035087,10232.777192982456,11274.1,16598.705263157895,20455.05438596491,27615.37192982456,18199.97192982456,11035.166666666666,7352.164912280702,5158.30701754386,3870.512280701754,3668.282456140351,4288.550877192983,3052.7263157894736,2467.0105263157893,2020.9508771929825,2453.038596491228,3096.30350877193,5156.935087719298,15228.17543859649,17174.1,10736.631578947368,8509.045614035087,7357.9631578947365,5483.005263157895,3832.856140350877,3090.101754385965,3216.2719298245615,9197.77894736842,15283.305263157894,10108.764912280702,10095.331578947369,11010.773684210526,8578.345614035088,14610.005263157895,13898.133333333333,8775.538596491228,5510.41403508772,3977.477192982456,3461.4543859649125,2887.2508771929824,2012.0280701754386,1763.3684210526317,1531.538596491228,1508.1719298245614,1504.4561403508771,1605.1456140350876,1889.7964912280702,2230.69649122807,1757.4526315789474,2285.073684210526,2046.6175438596492,2032.2228070175438,2240.184210526316,2350.801754385965,2274.3,2017.6070175438597,1665.8333333333333,1846.5859649122808,1736.921052631579,1845.438596491228,1497.638596491228,1348.0508771929824,1416.322807017544,1539.5947368421052,2357.7122807017545,4477.550877192983,4664.0,5887.1894736842105,11481.547368421052,8542.191228070176,5977.191228070175,5783.733333333334,6240.678947368421,4627.6894736842105,3355.222807017544,2954.194736842105,2497.3368421052633,2832.914035087719,3623.740350877193,7049.142105263158,12745.398245614035,9007.612280701755,5803.961403508772,4927.684210526316,7450.357894736842,9307.749122807018,12801.938596491229,13947.571929824562,14261.419298245613,8954.028070175438,6070.38947368421,5371.836842105263,4274.878947368421,3086.161403508772,2428.7894736842104,2359.5719298245613,2681.959649122807,6624.817543859649,6690.49649122807,7055.905263157894,7377.254385964912,6694.573684210526,4972.228070175439,4424.815789473684,3470.366666666667,2746.7701754385967,2426.485964912281,2455.461403508772,2445.380701754386,4144.768421052631,10876.17543859649,9664.124561403509,6983.270175438596,6837.971929824562,11843.026315789473,24715.80701754386,18586.68596491228,11859.556140350876,8153.047368421053,6166.898245614035,4898.450877192982,5876.026315789473,16707.885964912282,27322.161403508773,21823.845614035086,14877.192982456141,9785.961403508772,7250.517543859649,6868.964912280701,14050.810526315789,14802.873684210526,17484.219298245614,26108.952631578948,18958.97192982456,16260.687719298247,25449.536842105263,19945.501754385965,12733.60701754386,8347.433333333332,5849.838596491228,4479.517543859649,3379.2754385964913,2723.1649122807016,3136.2245614035087,4220.935087719298,9418.9,18777.166666666668,13260.67192982456,8409.554385964911,6835.271929824561,5847.715789473684,4404.908771929825,3503.8473684210526,3612.8859649122805,5267.759649122807,7246.031578947369,16279.443859649124,27031.69298245614,23904.79649122807,14652.859649122807,10033.008771929824,9840.291228070175,7096.573684210526,4725.424561403509,3707.0701754385964,3472.1912280701754,4142.38947368421,6868.328070175438,5347.591228070175,3878.2385964912282,3001.6473684210528,3401.866666666667,9532.008771929824,12655.424561403508,10931.694736842106,7601.335087719298,5341.8263157894735,5260.50350877193,3816.635087719298,3050.536842105263,2638.7649122807015,2592.9315789473685,3739.459649122807,11106.192982456141,10687.166666666666,6948.29649122807,4865.943859649123,4990.782456140351,9465.350877192983,21101.1,20106.35789473684,12907.771929824561,8700.150877192982,6029.405263157894,4214.191228070175,3331.759649122807,2868.19649122807,2879.7719298245615,6131.405263157894,11915.89649122807,8028.566666666667,6420.682456140351,5983.30350877193,4600.987719298246,3198.20701754386,2877.2315789473682,2711.0701754385964,2559.478947368421,2280.8245614035086,3683.3842105263157,8913.784210526315,12986.11754385965,9299.719298245614,7982.60350877193,5192.69298245614,3756.977192982456,2952.805263157895,2621.440350877193,2407.9070175438596,5405.854385964913,16694.929824561405,23065.384210526317,15874.261403508772,9810.140350877193,6395.435087719298,4615.529824561403,3277.440350877193,2622.9491228070174,2439.4298245614036,3230.2473684210527,2899.4491228070174,3285.6543859649123,3804.985964912281,7681.647368421052,17549.3,20668.036842105263,16713.480701754386,14779.777192982456,19154.966666666667,13548.115789473684,8270.771929824561,5750.785964912281,4384.815789473684,3679.4561403508774,3203.1157894736843,3148.266666666667,4606.89298245614,4587.69649122807,3619.145614035088,5063.440350877193,10835.135087719298,8121.20350877193,5319.033333333334,5548.617543859649,7680.801754385965,6070.436842105263,7387.747368421053,12943.791228070175,9339.471929824562,6319.035087719299,4380.638596491228,4733.435087719298,13081.342105263158,14788.735087719298,10125.180701754385,6854.649122807017,5296.645614035087,5768.026315789473,7712.50350877193,7855.370175438597,5415.4157894736845,4790.19649122807,3195.59649122807,2743.085964912281,2793.9473684210525,2417.5491228070177,2202.7982456140353,1957.3894736842105,1601.2771929824562,1503.8035087719297,1697.7929824561404,2180.414035087719,1769.4438596491227,1707.1842105263158,1443.9105263157894,1998.2824561403509,4008.7877192982455,4490.285964912281,4154.843859649123,6047.108771929825,5230.917543859649,6295.380701754386,11479.698245614036,8413.078947368422,5614.482456140351,4690.968421052631,9924.073684210527,11352.531578947368,6873.635087719298,4590.470175438597,3601.342105263158,4510.075438596491,4589.287719298246,3731.522807017544,5033.854385964913,13131.222807017544,10303.808771929824,7216.00701754386,6915.564912280702,13668.343859649123,10778.79298245614,6901.805263157895,4625.954385964912,4272.1438596491225,3649.364912280702,3569.073684210526,2479.6070175438595,2075.080701754386,2787.4508771929823,3094.0421052631577,2342.512280701754,2316.133333333333,1923.1719298245614,1711.819298245614,1349.5157894736842,1393.3035087719297,1372.1543859649123,2261.7701754385967,2412.2614035087718,2450.1771929824563,2891.180701754386,2599.5666666666666,2194.157894736842,2220.6719298245616,2413.7508771929824,2490.4842105263156,1748.2298245614036,1980.221052631579,2708.354385964912,3649.6035087719297,4661.131578947368,5338.214035087719,4497.266666666666,4852.612280701755,4065.940350877193,4745.471929824562,3446.452631578947,3764.5947368421052,3693.2754385964913,2953.843859649123,2347.2280701754385,2154.963157894737,2227.778947368421,3615.4456140350876,8817.082456140351,8757.192982456141,5726.208771929824,3975.4070175438596,2856.1543859649123,2247.561403508772,1783.5087719298247,1790.9456140350878,1820.6894736842105,2194.8526315789472,1945.8456140350877,2466.2385964912282,2448.0175438596493,2378.156140350877,2068.2473684210527,2150.959649122807,3629.842105263158,6047.047368421053,6208.331578947368,6141.382456140351,5393.321052631579,8324.024561403508,18704.79298245614,14021.249122807018,9327.89649122807,7124.11052631579,5671.9473684210525,3746.3736842105263,2610.0947368421052,2234.4508771929823,2005.2333333333333,1835.7122807017545,1500.7666666666667,1614.4964912280702,1920.7368421052631,2657.9210526315787,3517.2614035087718,4352.236842105263,2937.633333333333,2248.9438596491227,1712.9754385964911,1580.3754385964912,1337.8631578947368,2039.9105263157894,2237.077192982456,1997.963157894737,1655.359649122807,2871.5,2786.7719298245615,2312.733333333333,2148.1035087719297,2433.4473684210525,2023.2912280701755,1674.621052631579,1353.1543859649123,1353.961403508772,1195.7929824561404,1518.901754385965,1582.8070175438597,1589.5666666666666,1384.182456140351,1352.6333333333334,1190.398245614035,1278.3701754385966,1195.519298245614,1509.7947368421053,1266.5052631578947,1513.678947368421,1817.536842105263,2165.1771929824563,4604.345614035088,6911.163157894737,5842.698245614035,3929.805263157895,2599.4210526315787,2257.7315789473682,1946.5701754385964,1906.8491228070175,1761.1122807017543,1680.0877192982457,1429.4491228070176,1562.4333333333334,1854.8070175438597,4171.549122807018,14707.017543859649,12668.71052631579,8161.787719298246,6185.266666666666,4752.040350877193,3269.4122807017543,2267.8719298245614,2420.2894736842104,3684.5684210526315,2881.7912280701753,2133.243859649123,1852.221052631579,1523.5,1429.0649122807017,1329.1929824561403,1968.1684210526316,3538.756140350877,3366.559649122807,2284.1157894736843,2002.261403508772,2248.3122807017544,2761.5070175438595,2224.0649122807017,2100.573684210526,1614.4070175438596,1597.0456140350877,1307.8350877192981,1394.8,1754.1315789473683,3911.5508771929826,3006.3105263157895,2212.6035087719297,1686.8631578947368,1826.677192982456,2360.3508771929824,2116.6736842105265,1598.8385964912281,1533.7736842105264,1179.6421052631579,1162.0122807017544,1207.2105263157894,1288.8491228070175,1495.998245614035,2466.9666666666667,5979.631578947368,6478.317543859649,4458.468421052631,4004.987719298246,5074.240350877193,5059.171929824562,3548.9,4227.266666666666,3073.019298245614,2502.415789473684,1810.1438596491228,1601.6964912280703,1310.6105263157895,1361.2842105263157,1152.5438596491229,1322.1701754385965,1239.5122807017544,1585.180701754386,1942.219298245614,2359.498245614035,1847.1473684210525,1664.8508771929824,1544.5929824561404,2346.3964912280703,3201.4280701754387,5182.91403508772,19381.540350877192,34635.05087719298,21893.22456140351,12819.033333333333,8050.040350877193,5313.164912280702,3276.656140350877,2323.7087719298247,1644.5526315789473,1575.3543859649124,1408.1982456140352,1545.1982456140352,1657.7859649122806,1788.4684210526316,1614.1192982456141,1649.4561403508771,1934.4894736842105,2456.0421052631577,1966.1263157894737,1869.1122807017543,1537.7666666666667,1669.5526315789473,1842.6070175438597,2052.6298245614034,1765.3491228070175,1843.580701754386,1566.6070175438597,1634.3052631578948,1646.2333333333333,2768.0052631578947,4808.840350877193,15099.00701754386,28659.233333333334,18016.926315789475,10306.357894736842,6901.898245614035,4456.478947368421,3773.561403508772,4398.41403508772,4915.508771929824,4293.417543859649,3072.9,2181.4473684210525,2188.584210526316,3257.3824561403508,8717.364912280702,26283.842105263157,19031.450877192983,10545.370175438597,7141.640350877193,5101.147368421052,4143.019298245614,2918.980701754386,2513.878947368421,3497.656140350877,4370.756140350877,2874.7122807017545,2498.2614035087718,2253.5070175438595,2096.6666666666665,2260.635087719298,2359.6894736842105,1849.4947368421053,1597.1842105263158,1414.3105263157895,1399.4719298245614,1530.682456140351,1894.8473684210526,2668.678947368421,3936.601754385965,3724.422807017544,2727.377192982456,2075.485964912281,1879.0280701754386,1432.5543859649122,1371.6649122807019,1250.3315789473684,1361.8280701754386,1188.517543859649,1247.878947368421,1224.7543859649122,1285.519298245614,1276.1561403508772,1398.7578947368422,1086.7859649122806,1150.7315789473685,1057.1368421052632,1281.7140350877194,1537.9368421052632,1973.8912280701754,1559.9543859649123,1497.1929824561403,1872.2491228070176,2001.4491228070176,1493.4701754385965,1365.8017543859648,1383.8157894736842,1591.7754385964913,1679.6438596491228,1539.4350877192983,1184.340350877193,1213.7964912280702,1184.621052631579,1557.938596491228,1359.7964912280702,1278.298245614035,1201.5087719298247,1472.9719298245614,1979.2105263157894,3503.047368421053,2350.657894736842,1928.9228070175438,1958.6192982456141,2954.8456140350877,2003.8350877192981,1618.5087719298247,1317.7578947368422,1333.359649122807,1438.177192982456,1662.2,1431.3684210526317,2064.9736842105262,1771.3052631578948,1497.9561403508771,1216.8561403508772,1215.6263157894737,1176.3087719298246,1734.6842105263158,5702.096491228071,6021.249122807018,3684.79649122807,2993.5070175438595,2203.657894736842,1758.421052631579,1902.256140350877,2046.3947368421052,1625.6666666666667,1601.7140350877194,1415.1894736842105,1321.3736842105263,1248.9771929824562,1875.0947368421052,2028.5035087719298,1773.2491228070176,2591.9543859649125,2809.082456140351,1799.040350877193,1591.0263157894738,1244.1701754385965,1255.498245614035,1328.9543859649123,2820.9684210526316,13011.961403508772,12410.550877192982,7659.208771929824,5111.101754385965,4504.601754385965,6035.554385964912,3656.40350877193,2370.1701754385963,2073.742105263158,2942.0649122807017,2262.0666666666666,1692.8280701754386,1274.5052631578947,1249.7947368421053,1161.378947368421,1235.122807017544,1121.3736842105263,1231.9175438596492,1420.7684210526315,2092.3245614035086,7778.285964912281,20194.987719298246,14704.533333333333,7813.045614035088,4571.69298245614,2931.4105263157894,1866.9070175438596,1942.9526315789474,2494.305263157895,2020.7929824561404,1720.019298245614,2185.5877192982457,1881.0473684210526,1687.9701754385965,1354.1105263157895,1527.461403508772,1645.3368421052633,1639.8035087719297,2063.3122807017544,4605.08947368421,7175.852631578948,6180.168421052632,3908.975438596491,3110.047368421053,4643.678947368421,4055.7245614035087,3851.136842105263,3438.6070175438595,2937.057894736842,2255.8350877192984,1695.3298245614035,1512.1912280701754,1299.042105263158,1278.7736842105264,1058.5,1088.2140350877194,1052.859649122807,1137.0315789473684,1038.7280701754387,1221.6684210526316,1039.5070175438595,1105.2578947368422,946.6350877192982,1094.361403508772,1130.3631578947368,1352.542105263158,1220.819298245614,1258.3456140350877,1273.721052631579,2092.0894736842106,2155.0561403508773,2752.7649122807015,2764.80350877193,2490.0877192982457,2150.084210526316,1836.2087719298245,1834.498245614035,2863.2350877192985,4005.6929824561403,3634.878947368421,2873.2508771929824,2503.0684210526315,1955.4684210526316,1704.743859649123,1423.8929824561403,1366.7,1240.4035087719299,1606.8157894736842,4605.394736842105,7662.424561403509,4976.024561403508,3341.5298245614035,2143.5105263157893,1927.1140350877192,3170.3736842105263,2935.6491228070176,2122.256140350877,2996.9842105263156,8721.82105263158,12008.99298245614,10663.073684210527,5988.6578947368425,3525.7982456140353,2504.143859649123,1855.1719298245614,2734.1631578947367,6779.38947368421,5150.382456140351,2857.6631578947367,1972.621052631579,1435.0280701754386,1331.0526315789473,1638.001754385965,3280.036842105263,3255.843859649123,3073.377192982456,2209.2894736842104,2645.9105263157894,8154.1140350877195,13017.192982456141,14190.522807017544,7734.091228070175,4231.471929824562,3428.5666666666666,5617.054385964912,15904.249122807018,10221.338596491229,5225.4315789473685,4129.41052631579,3478.7122807017545,2022.2368421052631,1714.2140350877194,1320.2877192982455,1462.8526315789475,1678.4228070175438,1523.9070175438596,1409.3561403508772,1693.4315789473685,1548.0070175438595,2207.821052631579,4419.287719298246,3293.987719298246,1826.8649122807017,1481.5912280701755,1150.0508771929824,1307.1701754385965,1628.5035087719298,1420.0894736842106,1129.5228070175438,1396.7140350877194,2022.6280701754386,2199.756140350877,1917.177192982456,2845.0912280701755,2136.073684210526,2195.321052631579,5035.314035087719,4333.275438596491,2706.9912280701756,1967.9771929824562,1616.9491228070176,3741.861403508772,3607.343859649123,2368.061403508772,2401.0298245614035,3606.914035087719,3003.4947368421053,3679.133333333333,3450.557894736842,3328.8596491228072,6512.0228070175435,11366.961403508772,7093.6438596491225,3908.6929824561403,2304.5298245614035,1862.1754385964912,1361.0052631578947,1306.4280701754385,1154.8824561403508,1247.3526315789475,1373.9508771929825,3525.2315789473682,7466.035087719299,5146.470175438597,2940.2157894736843,4154.922807017544,12101.694736842106,9721.11052631579,4749.457894736842,3119.9105263157894,2896.777192982456,4353.670175438597,4246.864912280702,3514.9508771929823,2387.815789473684,1756.0456140350877,1226.1298245614034,1096.980701754386,1092.2701754385964,1257.0561403508773,1099.6473684210525,1077.9122807017543,1281.578947368421,2074.061403508772,1881.7350877192982,1712.2,2266.0333333333333,4448.263157894737,3699.79649122807,2563.5438596491226,1948.040350877193,5704.524561403508,14251.810526315789,19906.50701754386,11754.094736842106,5207.998245614035,2519.317543859649,1698.738596491228,1254.5508771929824,1799.4315789473685,1670.3859649122808,1408.361403508772,1147.1894736842105,1178.9719298245614,1054.1298245614034,1137.778947368421,1108.5771929824562,1414.498245614035,1579.9859649122807,3006.3456140350877,14114.512280701754,22866.678947368422,12207.149122807017,5312.30350877193,2792.635087719298,1854.7228070175438,1345.1982456140352,1409.517543859649,1322.7719298245613,1303.1456140350876,1178.5842105263157,1189.5315789473684,1285.938596491228,1573.9859649122807,1797.4035087719299,1752.0350877192982,1453.6315789473683,1535.7684210526315,1675.4438596491227,4444.550877192983,16064.00701754386,29445.519298245614,21362.02105263158,9164.71403508772,4106.908771929825,2466.721052631579,1898.6649122807019,1995.5771929824562,1450.9333333333334,1289.5140350877193,1154.8105263157895,1145.361403508772,1029.761403508772,1187.7105263157894,991.9122807017544,1031.8438596491228,1171.6929824561403,1192.9526315789474,1102.877192982456,1523.0666666666666,4441.707017543859,6634.38947368421,3601.0105263157893,1953.2228070175438,1285.9719298245614,1254.6859649122807,1475.421052631579,1490.959649122807,1188.5719298245615,1270.7491228070176,1121.6192982456141,1252.1894736842105,1109.2859649122806,1309.5508771929824,1479.8263157894737,1605.4333333333334,1358.6280701754386,1413.0087719298247,1224.1087719298246,1254.7350877192982,1250.0087719298247,3478.254385964912,8565.315789473685,7401.8105263157895,3245.9684210526316,1844.5052631578947,1240.3052631578948,1116.682456140351,1186.8754385964912,1708.4543859649123,2470.5666666666666,7245.836842105263,9489.915789473684,5411.217543859649,2640.098245614035,1756.6157894736841,1316.89649122807,1394.2315789473685,1183.2526315789473,1175.743859649123,1066.0719298245615,1232.5210526315789,1380.659649122807,1782.2157894736843,1630.3,1958.2052631578947,5303.345614035088,18015.098245614034,21915.887719298247,11635.471929824562,5553.777192982456,3287.535087719298,1866.421052631579,1442.7859649122806,1030.3280701754386,1122.7947368421053,962.1350877192982,1026.201754385965,994.4649122807018,1377.519298245614,3394.156140350877,5016.331578947368,3137.8122807017544,1766.1175438596492,1233.3508771929824,1144.3649122807017,993.5964912280701,1068.9421052631578,938.9859649122807,1065.5035087719298,921.159649122807,1108.6842105263158,1051.7842105263157,1115.517543859649,1117.9035087719299,1126.7526315789473,999.8210526315789,1300.9701754385965,1834.6192982456141,7064.028070175438,18172.480701754386,22501.110526315788,11962.915789473684,5476.873684210526,2802.756140350877,1855.3649122807017,1197.138596491228,1168.938596491228,1006.6298245614036,1088.9526315789474,900.9052631578948,999.6649122807017,1053.0736842105264,1092.2666666666667,993.6245614035088,1061.2771929824562,963.2754385964912,1070.1192982456141,952.5,1106.6456140350876,1735.6736842105263,2942.547368421053,3268.878947368421,2151.245614035088,1315.3719298245614,1157.7333333333333,972.5017543859649,1078.6,936.6789473684211,1044.8385964912281,953.3315789473684,1028.0140350877193,1035.840350877193,1195.6280701754386,1167.7105263157894,1195.842105263158,1046.0824561403508,1149.7824561403509,1021.6473684210526,1179.6070175438597,1104.3,1145.5350877192982,953.9964912280702,1034.6859649122807,1084.7315789473685,1023.2105263157895,986.8842105263158,1131.2859649122806,1217.3719298245614,1928.761403508772,2411.156140350877,2949.0491228070177,1941.159649122807,1364.4508771929825,1017.3105263157895,1035.0543859649122,955.3491228070176,1044.6614035087719,879.2964912280702,1026.4122807017543,1031.8052631578948,1305.7315789473685,1262.401754385965,1172.7964912280702,1013.9754385964912,1085.3298245614035,1021.3298245614035,1095.8631578947368,946.5070175438597,1086.7298245614036,955.5859649122807,1091.6982456140352,1007.8280701754386,1053.361403508772,925.8228070175438,1068.0105263157895,1180.1701754385965,1467.378947368421,1463.8491228070175,1710.2666666666667,1429.6140350877192,1704.0561403508773,1890.7649122807018,2096.7649122807015,1481.638596491228,1229.9105263157894,1023.6157894736842,1105.3491228070175,1104.2140350877194,1267.4771929824562,1177.9771929824562,1296.8456140350877,1613.3017543859648,2236.4298245614036,2684.8105263157895,2554.5263157894738,1593.4859649122807,1240.140350877193,1073.7701754385964,1112.5,1012.1473684210526,1177.3,1092.7894736842106,1314.9508771929825,1406.438596491228,2546.6736842105265,7826.9473684210525,16361.668421052631,23189.398245614037,24638.30350877193,13410.310526315789,5753.2052631578945,2605.722807017544,1834.761403508772,1417.7894736842106,1531.5719298245615,1720.1157894736841,2049.1684210526314,1954.5578947368422,1743.8105263157895,1363.4859649122807,1410.0842105263157,1363.157894736842,1419.859649122807,1224.5947368421052,1190.1438596491228,1004.1842105263158,1109.5684210526315,911.8947368421053,1130.6473684210525,977.3842105263158,1083.6052631578948,949.9017543859649,979.1508771929824,848.6754385964912,934.4403508771929,915.6157894736842,1025.0631578947368,883.2877192982456,1026.7543859649122,1287.536842105263,1414.5894736842106,1334.7245614035087,1467.1368421052632,1400.7719298245613,2957.377192982456,7532.591228070175,11824.056140350876,15650.09298245614,15969.352631578948,8896.112280701755,3865.5684210526315,2129.036842105263,1942.419298245614,1889.0754385964913
579.3724394785847,503.3445065176909,529.8472998137803,466.0782122905028,589.5139664804469,432.268156424581,541.6685288640596,525.2476722532589,556.022346368715,526.8230912476722,581.7150837988827,507.72067039106145,615.4003724394786,477.1992551210428,594.0633147113595,615.3091247672253,654.586592178771,614.6964618249534,592.0986964618249,567.8156424581006,608.3240223463687,568.4841713221601,676.3612662942272,599.5027932960894,694.5642458100559,678.5027932960894,650.5474860335196,593.0633147113595,641.8752327746741,581.6238361266294,692.024208566108,609.3985102420856,705.4674115456238,635.4804469273743,707.2793296089385,609.1620111731844,729.2942271880819,590.9162011173185,710.6629422718809,597.316573556797,709.5735567970205,641.4990689013035,625.4208566108008,716.7113594040968,668.659217877095,533.7653631284916,647.7839851024208,726.6722532588454,750.0633147113595,629.3798882681564,721.4301675977654,690.1247672253259,714.1322160148976,689.5884543761639,743.3016759776536,599.2718808193669,724.2178770949721,651.4729981378026,688.9627560521416,633.6499068901304,700.7579143389199,640.1061452513967,685.828677839851,625.0689013035382,737.6890130353818,655.1061452513967,726.0484171322161,669.8324022346369,620.0837988826815,728.852886405959,679.4804469273743,670.2048417132216,725.1545623836126,642.6182495344507,713.1378026070763,677.0689013035382,740.7579143389199,679.8864059590317,690.5232774674115,821.2793296089385,771.3389199255121,674.2495344506518,730.6871508379888,716.657355679702,741.5027932960894,694.584729981378,781.2011173184358,651.4245810055866,708.3705772811918,712.6108007448789,745.7616387337058,662.9143389199255,778.1899441340782,760.4432029795158,724.5083798882681,746.8752327746741,749.1396648044692,724.5567970204842,789.0949720670391,701.8379888268156,789.5232774674115,716.7057728119181,749.096834264432,704.7709497206704,681.7635009310987,694.2849162011173,809.2774674115457,667.8733705772812,765.4655493482309,701.1489757914339,645.4599627560522,837.657355679702,830.4655493482309,743.4692737430167,775.2718808193669,734.7765363128492,840.7057728119181,715.3575418994413,797.7858472998138,769.5251396648044,770.243947858473,776.4767225325885,822.830540037244,738.8379888268156,796.5195530726257,707.3575418994413,766.1769087523278,720.6499068901304,843.2905027932961,796.4655493482309,817.1489757914339,760.8826815642458,839.7001862197393,736.2942271880819,751.7877094972067,738.7932960893854,817.8919925512105,777.8584729981378,820.2960893854748,667.5921787709498,772.4785847299813,689.9981378026071,675.4767225325885,822.6368715083798,856.8156424581006,755.6499068901304,775.8919925512105,775.5567970204842,785.512104283054,798.4301675977654,786.754189944134,728.2346368715084,767.1787709497206,746.659217877095,845.8808193668528,802.8007448789572,785.5288640595903,782.6778398510243,766.5791433891992,689.6368715083798,830.7039106145252,798.1973929236499,766.7262569832402,779.3389199255121,831.3500931098696,773.8845437616387,799.7765363128492,795.7243947858473,847.1080074487895,718.2960893854748,865.8901303538175,799.9478584729982,843.7839851024208,773.1191806331472,740.6163873370577,868.6778398510243,886.3109869646182,776.3761638733706,851.7243947858473,757.9720670391062,894.8975791433892,788.5381750465549,798.7877094972067,801.977653631285,768.3128491620112,754.3128491620112,832.975791433892,812.8100558659218,793.8919925512105,822.2607076350093,825.0949720670391,809.1806331471136,842.3687150837989,775.4487895716946,858.8156424581006,768.0204841713222,860.4357541899441,818.5046554934823,828.4785847299813,884.8156424581006,802.7094972067039,834.0130353817505,873.364990689013,823.1433891992551,851.2271880819367,770.635009310987,733.0986964618249,911.8882681564246,815.9124767225326,833.6499068901304,870.6722532588454,802.6759776536313,859.2327746741155,794.6499068901304,853.2756052141527,813.4432029795158,863.0782122905028,782.5474860335196,819.0819366852886,793.4189944134079,843.2979515828678,841.1675977653631,879.4469273743017,812.4338919925513,873.7728119180633,863.5791433891992,833.0595903165736,787.1824953445065,815.9683426443203,868.4729981378026,877.096834264432,843.8901303538175,867.683426443203,877.171322160149,864.1433891992551,871.0670391061452,802.7653631284916,778.7374301675977,781.6070763500932,914.4581005586592,867.7299813780261,827.6759776536313,789.8621973929237,815.8640595903166,824.7411545623836,807.5251396648044,848.9832402234637,754.5176908752328,810.6163873370577,834.6964618249534,784.536312849162,830.7299813780261,768.8659217877095,772.7094972067039,839.756052141527,795.2793296089385,797.9497206703911,807.7467411545624,839.6741154562384,834.7486033519554,831.9199255121043,856.7821229050279,871.5381750465549,765.5828677839851,890.340782122905,808.3594040968343,840.5642458100559,882.4320297951583,834.8603351955308,812.7765363128492,882.4003724394786,949.562383612663,898.5493482309125,815.1620111731844,942.2309124767226,856.5772811918064,864.830540037244,865.8379888268156,851.1824953445065,844.342644320298,880.3854748603352,779.2737430167598,813.8659217877095,848.3240223463687,845.2569832402235,882.0148975791434,856.9832402234637,876.6108007448789,854.9497206703911,782.1489757914339,878.1973929236499,809.7635009310987,837.2364990689013,843.9664804469273,873.5474860335196,845.7579143389199,885.3631284916202,799.3817504655493,864.0018621973929,817.8137802607076,862.2085661080074,814.9329608938548,786.8659217877095,975.8398510242085,896.7728119180633,892.2160148975792,833.5083798882681,811.5735567970205,863.5474860335196,838.7113594040968,854.5642458100559,885.3128491620112,828.9441340782123,834.4655493482309,893.3947858472998,830.8361266294227,910.3109869646182,816.9106145251396,846.8212290502794,868.3612662942272,898.3240223463687,856.489757914339,899.3500931098696,899.0037243947859,889.1806331471136,843.8230912476722,878.9441340782123,892.7374301675977,838.2737430167598,916.3333333333334,915.0093109869646,855.5437616387337,899.5772811918064,812.4562383612663,778.8938547486033,1017.2998137802607,1039.68156424581,927.536312849162,915.243947858473,907.5065176908753,949.391061452514,845.8957169459962,918.2793296089385,838.9590316573557,881.437616387337,938.852886405959,823.7392923649907,916.1582867783985,974.4525139664804,917.316573556797,961.4320297951583,905.8081936685288,914.8957169459962,896.6275605214153,935.6890130353818,940.0148975791434,928.6666666666666,889.683426443203,900.6759776536313,891.2290502793296,874.8249534450651,880.5456238361267,928.8510242085661,927.8938547486033,930.1899441340782,853.0335195530727,823.7113594040968,961.6108007448789,957.780260707635,919.7504655493482,944.8454376163874,1001.0204841713222,1097.6182495344506,1030.6499068901303,955.7374301675977,908.635009310987,911.1154562383613,918.9832402234637,969.1433891992551,914.0372439478584,932.1229050279329,970.1322160148976,977.3668528864059,964.2067039106146,984.4767225325885,910.3929236499068,999.8696461824953,927.6741154562384,974.2625698324023,943.2290502793296,1009.2960893854748,976.9459962756052,945.0465549348231,927.4171322160149,957.9143389199255,906.7262569832402,956.4059590316574,924.415270018622,851.9087523277467,1059.4785847299813,949.5567970204842,966.3836126629423,995.413407821229,941.3668528864059,1023.2122905027933,963.2886405959032,974.4245810055866,1037.0055865921788,1018.0931098696461,942.1191806331472,999.2271880819367,933.3798882681564,945.1806331471136,998.2011173184358,1064.3705772811918,1033.001862197393,1072.534450651769,1004.7988826815642,1024.1601489757913,983.2141527001862,986.022346368715,1040.1992551210428,991.8919925512105,999.6312849162011,1059.4711359404098,1034.7467411545624,1044.9199255121043,1020.7299813780261,1055.5698324022346,915.7914338919926,968.9962756052141,1196.173184357542,1024.7783985102421,1104.8975791433893,1066.9478584729982,1020.9795158286778,1127.6629422718809,1183.491620111732,1236.2234636871508,1062.2216014897579,1056.9813780260708,979.9962756052141,972.2644320297951,1025.9813780260708,1052.0689013035383,1007.804469273743,1057.8994413407822,1003.8733705772812,1056.5456238361267,1033.8417132216016,1007.6033519553073,984.3668528864059,1079.705772811918,999.1601489757915,1054.2104283054005,1089.5754189944134,1052.389199255121,979.1266294227188,943.903165735568,958.5940409683426,990.9106145251396,917.3351955307263,948.7914338919926,1078.020484171322,1091.5716945996276,959.2588454376164,1000.6331471135941,1043.7765363128492,1192.2737430167597,1153.0428305400374,1142.2067039106146,972.5214152700187,1020.3054003724395,1010.1024208566108,1044.1824953445066,1155.953445065177,1166.5903165735567,1115.0074487895718,998.2290502793296,988.2998137802607,1011.2830540037244,1025.979515828678,1127.9571694599626,1096.3538175046556,1077.1862197392923,1024.9366852886405,1040.7932960893854,1033.4562383612663,1166.6182495344506,1153.193668528864,1259.7579143389198,1108.467411545624,1085.0279329608938,990.1229050279329,980.7467411545624,1116.832402234637,1060.0689013035383,980.0148975791434,1086.8137802607077,1093.877094972067,1097.0521415270018,1128.9143389199255,1093.8007448789572,1037.6666666666667,1085.2793296089385,1128.5288640595902,1252.6536312849162,1064.1582867783984,1109.2905027932961,1099.635009310987,1147.5232774674116,1121.0093109869647,1093.8007448789572,1046.3016759776535,1245.001862197393,1177.048417132216,1110.4525139664804,1091.5307262569831,1126.6517690875232,1115.2998137802608,1164.0502793296089,1110.0148975791433,1095.2849162011173,1027.1080074487895,1107.8100558659219,1040.8175046554934,952.8584729981378,1152.148975791434,1089.2234636871508,1054.9962756052141,1072.4767225325884,1064.7188081936686,1135.8994413407822,1045.4487895716945,1113.1322160148975,1100.9217877094973,1044.366852886406,1121.43947858473,1105.7132216014897,984.6908752327747,1144.0707635009312,1066.9683426443203,1076.8454376163872,997.6294227188082,1118.7765363128492,1077.0148975791433,1063.1191806331472,1065.0875232774674,1036.389199255121,994.0130353817505,1097.68156424581,1056.8212290502793,1084.0502793296089,1079.2067039106146,1125.6238361266294,1009.0372439478584,1109.2048417132216,1029.8994413407822,1078.826815642458,1091.2513966480446,1165.3035381750465,1114.2476722532588,1099.7988826815642,1175.320297951583,1258.9646182495344,1145.6014897579144,1200.3128491620112,1150.7635009310986,1276.1322160148975,1165.7616387337057,1204.8472998137802,1157.5437616387337,1015.6983240223464,1095.1005586592178,1198.6908752327747,1158.87895716946,1186.0037243947859,1041.0931098696462,1068.532588454376,1048.0502793296089,1249.3594040968342,1286.3277467411547,1241.4320297951583,1111.2774674115456,1038.2662942271882,994.9534450651769,1187.1061452513966,1130.9404096834264,1306.294227188082,1156.612662942272,1104.5921787709497,1271.3314711359403,1420.655493482309,1282.8696461824954,1156.0316573556797,1035.7932960893854,1091.7374301675977,1044.5530726256984,1129.9664804469273,1148.6238361266294,1166.098696461825,1099.9329608938547,1082.6256983240223,1043.830540037244,1165.0819366852886,1149.5549348230913,1254.0186219739292,1047.657355679702,1158.6275605214153,1023.8566108007449,1116.6722532588453,1103.046554934823,1362.2718808193667,1060.2793296089385,1042.3463687150838,1003.4525139664804,1133.6666666666667,1153.5195530726257,1273.5400372439478,1048.0540037243948,1042.5661080074487,931.3277467411546,1079.830540037244,1261.7635009310986,1260.3314711359403,1084.9329608938547,1137.5977653631285,1079.8249534450651,1233.389199255121,1159.1396648044692,1154.0837988826815,1109.9404096834264,1104.387337057728,1145.6722532588453,1224.2234636871508,1075.6648044692738,1020.9441340782123,1081.9236499068902,1293.2662942271882,1411.4729981378025,1586.0931098696462,1251.6443202979515,1210.7243947858474,1107.1005586592178,1109.2383612662943,1069.4711359404098,1119.7020484171321,1079.026070763501,1293.512104283054,1056.292364990689,1070.3798882681565,962.3258845437616,1015.0912476722533,956.3631284916202,1008.4823091247672,1077.0912476722533,1233.126629422719,1190.4115456238362,1105.1135940409683,1031.0577281191806,1124.95530726257,1069.8640595903166,1151.783985102421,1167.4003724394786,1137.2905027932961,1030.4729981378025,1037.9310986964617,991.0614525139665,1046.8901303538175,1008.2849162011173,1120.4711359404098,1080.5847299813781,1172.461824953445,1199.9217877094973,1371.2737430167597,1089.344506517691,1111.707635009311,1011.5512104283054,1028.4078212290503,975.3575418994413,1107.391061452514,1037.5567970204843,1207.5437616387337,1242.3687150837989,1489.0,1553.124767225326,1192.973929236499,1181.2718808193667,1190.2867783985103,1089.4227188081936,1480.3705772811918,1725.0744878957169,1632.1527001862198,1792.0875232774674,1522.9497206703911,1085.001862197393,1162.5418994413408,1060.8621973929237,1172.1340782122904,1165.3258845437617,1470.9087523277467,1806.731843575419,1572.7728119180633,1402.8975791433893,1585.3985102420856,1458.826815642458,1493.3109869646182,1385.243947858473,1746.6517690875232,2532.512104283054,3116.486033519553,2440.9422718808196,1912.8472998137802,1543.7616387337057,1498.7951582867784,1593.5400372439478,2283.068901303538,2624.8137802607075,1587.8566108007449,1384.6890130353818,1329.2458100558658,1326.0968342644321,1345.0837988826815,1165.9329608938547,1308.4543761638733,1211.7337057728118,1561.998137802607,1690.610800744879,1443.0558659217877,1142.9720670391062,1227.1899441340781,1179.489757914339,1473.977653631285,1880.4264432029795,2369.934823091248,2567.7169459962756,2191.8472998137804,1444.4450651769087,1719.6182495344506,1417.268156424581,1391.830540037244,1538.8919925512105,1960.2588454376164,1725.8026070763501,1355.0633147113595,1463.3519553072626,1417.5847299813781,1398.145251396648,1881.3296089385474,1606.0093109869647,1408.296089385475,1594.6703910614526,1513.1359404096834,1212.3836126629424,1343.8901303538175,1544.4376163873371,2154.934823091248,1775.048417132216,1817.977653631285,1562.4338919925513,1366.3500931098697,1266.0931098696462,1317.6703910614526,1398.7765363128492,1736.8472998137802,1907.8398510242087,1824.4227188081936,2373.024208566108,3049.5977653631285,3730.2085661080073,2959.249534450652,2411.536312849162,1909.5456238361267,1732.243947858473,1500.2867783985103,1203.1657355679702,1331.9962756052141,1481.1508379888269,1903.8491620111731,2374.195530726257,1752.826815642458,1333.2141527001863,1310.804469273743,1458.489757914339,1518.4338919925513,1148.9162011173185,1379.9888268156424,1438.8640595903166,1925.3761638733706,2793.0353817504656,3494.0837988826815,1789.2811918063314,1443.3854748603353,1347.6648044692738,1767.953445065177,2255.070763500931,2176.223463687151,1489.707635009311,1439.8175046554934,1360.4934823091248,1639.1061452513966,1514.6294227188082,1825.4841713221601,2481.664804469274,3443.024208566108,2195.3854748603353,2175.463687150838,2426.2998137802606,1713.4040968342645,1374.707635009311,1471.828677839851,1685.3836126629424,2495.2551210428305,3154.435754189944,2413.72625698324,1706.3054003724394,1787.5270018621975,2231.9925512104282,1583.4320297951583,1220.0428305400374,1368.6033519553073,1228.0633147113595,1304.9720670391062,1269.7597765363128,1524.024208566108,1245.361266294227,1377.8566108007449,1236.0037243947859,1243.1527001862198,1151.292364990689,1268.7579143389198,1311.3500931098697,1691.4562383612663,1615.3556797020485,1861.3128491620112,1378.9627560521415,1397.0819366852886,1209.2718808193667,1311.0335195530727,1398.5474860335196,1615.877094972067,1626.1154562383613,1751.1042830540036,1672.852886405959,1695.2662942271882,1498.5884543761638,1604.6703910614526,1824.8379888268157,1669.979515828678,1594.3761638733706,2069.119180633147,1883.1359404096834,1642.6666666666667,1483.2420856610802,1470.661080074488,1414.2830540037244,1781.7932960893854,2275.314711359404,2556.3128491620114,1774.3743016759777,1374.9590316573556,1423.508379888268,1992.4245810055866,1633.705772811918,1836.87895716946,1991.0670391061453,1973.0037243947859,1874.6964618249535,1789.729981378026,1600.7467411545624,1720.43947858473,1348.7243947858474,1434.513966480447,1388.979515828678,1516.0800744878957,1398.0614525139665,1500.7523277467412,1374.4748603351954,1518.1880819366852,1761.2811918063314,1676.6424581005588,1447.461824953445,1560.4171322160148,1491.9832402234638,1610.8007448789572,1802.219739292365,1894.8026070763501,1824.9720670391062,1831.851024208566,1669.5437616387337,1943.8007448789572,2251.7411545623836,2667.026070763501,2688.199255121043,2280.558659217877,1880.8882681564246,2179.8230912476724,2228.04469273743,2065.6443202979517,1976.4264432029795,2029.4096834264433,1856.486033519553,1881.8417132216016,1790.5307262569831,1744.5418994413408,1786.4487895716945,1892.1899441340781,1771.875232774674,2868.188081936685,2978.918063314711,2008.7467411545624,1821.9385474860335,2165.8845437616387,1605.2253258845437,1865.756052141527,1740.9888268156424,1664.0409683426444,1804.2402234636872,2209.432029795158,2769.43947858473,3068.925512104283,1809.9348230912476,2028.782122905028,2777.4916201117317,3971.6443202979517,4925.931098696462,3829.5437616387335,2485.2309124767226,1996.9608938547485,2267.3724394785845,2858.445065176909,3111.3854748603353,4169.405959031657,4086.8510242085663,3961.1396648044692,4680.402234636871,5095.905027932961,4902.368715083799,3317.87895716946,2600.6052141527002,3278.631284916201,2342.1601489757913,1704.9106145251396,1705.782122905028,2070.268156424581,2154.188081936685,2101.677839851024,1856.5027932960893,2097.0074487895718,2208.463687150838,1816.216014897579,1924.6945996275606,2985.435754189944,3108.217877094972,2489.9199255121043,2203.3575418994415,2461.9981378026073,1900.2458100558658,1955.1564245810057,2143.7411545623836,2596.0335195530724,2758.8919925512105,2480.7374301675977,1861.2029795158287,1669.9310986964617,1500.8845437616387,1900.977653631285,2588.0428305400374,2950.586592178771,2417.934823091248,2199.0111731843576,1892.5791433891993,2609.048417132216,2954.199255121043,2390.3556797020483,3101.530726256983,3355.1936685288642,2509.417132216015,3057.3314711359403,3011.2104283054005,3020.9441340782123,2377.5512104283052,1942.4040968342645,2159.6703910614524,2873.8957169459964,3867.513966480447,5065.037243947859,4438.517690875233,4434.364990689013,3579.707635009311,3485.9199255121043,3186.780260707635,3569.458100558659,4025.8752327746743,3823.413407821229,4559.443202979516,4805.15270018622,3198.774674115456,2468.310986964618,1959.1154562383613,2287.4748603351954,2495.3407821229052,3406.9776536312847,3751.040968342644,3427.6461824953444,3545.5512104283052,3868.540037243948,4676.851024208566,5276.51582867784,3604.2290502793294,4047.996275605214,3987.6517690875235,3027.5195530726255,3345.8137802607075,4086.854748603352,3654.947858472998,3502.07635009311,3033.949720670391,3915.1527001862196,3931.6797020484173,4018.493482309125,3973.1340782122907,4764.009310986965,3779.3817504655494,3173.975791433892,3098.8603351955308,3789.5214152700187,3868.2625698324023,3328.7374301675977,2485.4711359404096,2029.167597765363,1581.4376163873371,1810.8454376163872,1662.3556797020485,1526.5623836126629,1477.7932960893854,1681.294227188082,1435.467411545624,1498.0111731843576,1501.9683426443203,1495.5847299813781,1438.268156424581,1547.875232774674,1653.7970204841713,1836.465549348231,1756.9832402234638,2560.4525139664806,3435.7281191806333,3011.3258845437617,2259.2867783985103,1562.783985102421,1329.7988826815642,1632.635009310987,1875.1601489757913,2224.653631284916,1500.7728119180633,1660.4152700186219,1559.8808193668528,1686.024208566108,1828.8175046554934,1868.8715083798882,1303.7597765363128,1414.6890130353818,1449.5176908752328,1692.9478584729982,1817.3277467411547,2031.2607076350093,2450.905027932961,3045.4841713221604,2359.1824953445066,2066.9366852886405,2301.413407821229,1656.4171322160148,1414.1322160148975,1500.8249534450651,1443.7188081936686,1775.1992551210428,2444.1322160148975,3136.7243947858474,1885.36312849162,1937.0744878957169,2287.7448789571695,2787.3202979515827,3521.1042830540036,2574.707635009311,1751.3966480446927,2449.4990689013034,2092.59217877095,1704.0651769087524,1336.219739292365,1704.1508379888269,2047.703910614525,2646.6703910614524,1911.122905027933,2243.631284916201,2317.0670391061453,2171.707635009311,1361.6461824953444,1496.4432029795157,1530.8957169459964,1949.6033519553073,2660.1694599627563,4495.700186219739,5540.925512104283,5859.1918063314715,3317.04469273743,1816.145251396648,1382.7523277467412,1418.832402234637,1257.8864059590317,1489.8584729981378,1502.8603351955308,2088.8379888268155,2376.4562383612665,2926.2067039106146,3462.0875232774674,4279.903165735568,2240.04469273743,1930.12104283054,1838.0912476722533,2064.294227188082,2130.9888268156424,3040.759776536313,3948.2569832402237,3290.4525139664806,2347.6443202979517,3152.8715083798884,2431.4804469273745,1631.8808193668528,1454.783985102421,1739.804469273743,2090.163873370577,3239.5772811918064,2573.6499068901303,1832.2644320297952,1771.877094972067,2049.6945996275604,2172.2271880819367,2420.979515828678,2059.3817504655494,1709.87895716946,2092.245810055866,2154.903165735568,1964.6536312849162,3160.469273743017,3013.8268156424583,1926.2513966480446,1806.5959031657355,2743.8901303538173,2929.59217877095,2353.903165735568,2684.3947858472998,3854.9776536312847,5329.163873370578,3845.0595903165736,1989.5642458100558,1609.7858472998137,1289.783985102421,1450.3817504655494,1389.04469273743,1828.7094972067039,1576.0651769087524,1464.5474860335196,1275.703910614525,1352.6294227188082,1100.9031657355679,1239.558659217877,1278.6871508379888,1330.5977653631285,1364.024208566108,1374.3072625698323,1103.1378026070763,1432.1173184357542,1463.612662942272,1358.3854748603353,1127.538175046555,1265.3705772811918,1126.659217877095,1252.1620111731843,1193.6238361266294,1342.0148975791433,1105.0372439478585,1266.927374301676,1091.4469273743016,1408.3500931098697,1211.2122905027934,1254.8230912476722,1110.2085661080075,1224.6871508379888,1137.169459962756,1229.9869646182494,1210.7132216014897,1473.122905027933,1161.9906890130353,1242.8175046554934,1144.703910614525,1226.7206703910615,1075.1992551210428,1165.148975791434,1339.6201117318435,1519.5530726256984,1507.6741154562383,1436.4934823091248,1409.4096834264433,1748.2551210428305,1838.4320297951583,1618.7337057728118,1718.7337057728118,2384.316573556797,1620.8398510242087,1307.3277467411547,1157.633147113594,1262.3836126629424,1257.4096834264433,1180.6145251396647,1094.4599627560522,1318.56052141527,1070.5214152700187,1289.5512104283055,1104.148975791434,1264.5400372439478,1184.342644320298,1179.3016759776535,1093.7858472998137,1198.6964618249535,1202.8975791433893,1550.4078212290503,1819.635009310987,1682.3314711359403,1351.0912476722533,1324.344506517691,1494.5474860335196,1482.145251396648,1273.6014897579144,1436.2085661080075,1470.7243947858474,1673.5716945996276,1300.5921787709497,1191.5772811918064,1169.7486033519554,1302.296089385475,1271.95530726257,1699.9348230912476,2011.5977653631285,1833.7355679702048,1294.685288640596,1358.1098696461825,1441.4376163873371,1942.3072625698323,1456.3743016759777,1460.243947858473,1559.6461824953444,1922.6629422718809,2086.787709497207,2112.147113594041,1637.2141527001863,1500.512104283054,1337.7132216014897,1672.534450651769,1362.6163873370576,1274.2886405959032,1072.022346368715,1244.9720670391062,1410.4283054003724,1464.0689013035383,1530.6480446927374,1777.6033519553073,1427.95530726257,1730.5474860335196,2148.1806331471134,2305.0391061452515,1598.8621973929237,1708.361266294227,1856.3016759776535,1673.3035381750465,1554.5418994413408,1787.3780260707636,1932.9441340782123,2277.3128491620114,1621.2625698324023,1922.026070763501,2248.0577281191804,3028.2793296089385,1963.6312849162011,1788.1527001862198,1722.361266294227,1792.2011173184358,2222.1582867783986,3613.828677839851,4609.843575418994,3471.3761638733704,2751.733705772812,3342.7951582867786,2090.934823091248,1682.3798882681565,2010.0763500931098,2895.754189944134,2411.0875232774674,2726.3407821229052,2470.7523277467412,2640.832402234637,2479.8379888268155,3426.72625698324,2708.8919925512105,1948.389199255121,1548.5865921787708,1735.4823091247672,2258.40782122905,2081.0186219739294,1406.9087523277467,1807.8342644320298,2699.5959031657358,3817.245810055866,2585.370577281192,3114.8193668528866,3250.3947858472998,3094.4543761638733,4240.3184357541895,3395.1862197392925,2342.6461824953444,3856.731843575419,4810.392923649907,2778.7039106145253,2164.3407821229052,3311.5810055865923,4989.3091247672255,5535.621973929236,4808.562383612663,3728.070763500931,2868.2327746741153,3036.2625698324023,4816.694599627561,6811.964618249534,4638.36312849162,3283.40782122905,5014.26070763501,8342.689013035382,5687.716945996275,3491.9646182495344,2119.731843575419,1863.4599627560522,2047.195530726257,3171.0595903165736,3378.925512104283,3409.7243947858474,4155.3091247672255,6344.057728119181,4443.929236499069,2688.5270018621973,2053.9925512104282,1520.2458100558658,1333.145251396648,1653.8026070763501,1629.1657355679702,2022.441340782123,3131.9981378026073,3438.2793296089385,2105.7690875232774,1789.4189944134077,1823.5288640595902,1804.8417132216016,1447.3016759776535,1772.024208566108,2357.191806331471,3473.0018621973927,2673.661080074488,2329.517690875233,2348.2290502793294,1781.2122905027934,1495.1005586592178,1718.56052141527,2428.268156424581,2479.070763500931,1615.0968342644321,1633.4841713221601,1520.344506517691,1868.5828677839852,1423.7243947858474,1581.0521415270018,1577.292364990689,2211.7243947858474,2594.6964618249535,2297.6443202979517,1828.901303538175,1534.389199255121,1411.8826815642458,1619.873370577281,1513.0353817504656,1568.487895716946,1900.9608938547485,1826.2234636871508,1457.659217877095,1518.705772811918,1329.1992551210428,1609.5772811918064,2128.5716945996273,3353.8137802607075,2406.1843575418993,1671.2644320297952,1591.2513966480446,1525.4283054003724,1424.3687150837989,1728.780260707635,1421.7169459962756,1535.5046554934822,1797.7523277467412,2589.873370577281,3521.2309124767226,3683.9646182495344,1849.4785847299813,1786.3575418994412,2227.4804469273745,2503.610800744879,1619.657355679702,1495.5418994413408,1424.12104283054,2079.0558659217877,1885.8938547486034,2189.513966480447,2668.243947858473,2045.7448789571695,1970.5567970204843,2338.9404096834264,1628.808193668529,1691.1098696461825,2063.8994413407822,2269.424581005587,1361.6517690875232,1395.9124767225326,1177.5046554934822,1311.998137802607,1250.6238361266294,1449.5679702048417,1389.513966480447,1873.4748603351954,2780.575418994413,2381.396648044693,1278.5009310986964,1284.1042830540036,1233.8696461824954,1518.5009310986964,1215.7635009310986,1457.6517690875232,1166.0912476722533,1456.7541899441342,1334.5698324022346,1271.8472998137802,1246.4543761638733,1345.4450651769087,1350.0521415270018,1887.8696461824954,2290.6592178770948,1756.6722532588453,1577.7635009310986,2581.4953445065175,2609.342644320298,1547.4189944134077,1407.9106145251396,1637.8249534450651,1553.046554934823,1546.2234636871508,1226.0651769087524,1533.3277467411547,1869.4748603351954,2368.465549348231,2749.081936685289,2055.9199255121043,1427.0540037243948,1615.7281191806333,1665.4450651769087,2292.6201117318437,1744.4078212290503,1789.659217877095,1725.7709497206704,2316.2048417132214,1680.0819366852886,1617.4301675977654,1908.270018621974,2162.9981378026073,1399.7430167597765,1458.6033519553073,1694.2662942271882,2892.824953445065,3697.1731843575417,2182.3314711359403,1745.1750465549349,1951.5232774674116,1461.756052141527,1520.3836126629424,1521.4134078212292,1696.6256983240223,1499.124767225326,1537.217877094972,1454.510242085661,2148.7448789571695,3657.711359404097,3838.9534450651768,1666.8193668528863,1493.1284916201118,1321.783985102421,1374.4823091247672,1421.7523277467412,1657.2774674115456,1391.8212290502793,1987.5791433891993,1813.0893854748604,1747.5530726256984,1288.4376163873371,1279.979515828678,1127.1396648044692,1299.9143389199255,1232.5549348230913,1525.467411545624,1744.8882681564246,1962.7858472998137,1434.2588454376164,1366.340782122905,1239.3333333333333,1532.4748603351954,1633.8193668528863,1755.270018621974,1742.5307262569831,2301.832402234637,2068.4059590316574,1480.6945996275606,1370.9869646182494,1603.4487895716945,1877.3370577281191,2073.245810055866,1965.3854748603353,2383.342644320298,1902.6499068901303,1763.8845437616387,1418.1787709497207,1654.5940409683426,1779.1806331471137,1841.1340782122904,1409.3258845437617,1674.467411545624,1841.6629422718809,2874.5903165735567,4561.778398510242,5102.418994413408,1917.6778398510241,1574.2569832402235,1589.7113594040968,1454.4040968342645,1131.3761638733706,1388.191806331471,1239.3817504655494,1344.7448789571695,1501.7858472998137,1516.4804469273743,1212.9329608938547,1396.635009310987,1257.243947858473,1348.7504655493483,1243.126629422719,1532.7597765363128,1417.9590316573556,1603.3556797020485,1903.5251396648046,2564.856610800745,1849.5810055865923,1325.6964618249535,1172.0055865921788,1375.1024208566107,1327.8491620111731,1882.806331471136,1663.8249534450651,1610.072625698324,1222.4022346368715,1569.0167597765362,1692.7877094972066,1600.169459962756,1190.875232774674,1298.5940409683426,1193.4283054003724,1248.6163873370576,1188.6648044692738,1387.7709497206704,1295.2886405959032,1530.7150837988827,1474.1191806331472,1545.5996275605214,1390.536312849162,1420.2774674115456,1356.901303538175,1642.7113594040968,2315.927374301676,2094.493482309125,1198.3221601489759,1345.1862197392923,1246.6256983240223,1254.612662942272,1196.3109869646182,1425.0055865921788,1530.9329608938547,2454.0577281191804,2382.1284916201116,1993.173184357542,1524.046554934823,1771.3985102420856,1699.1769087523278,1658.3463687150838,1794.8975791433893,2585.612662942272,3097.6592178770948,2375.7690875232774,1730.4208566108007,2175.4804469273745,2414.6275605214155,2702.893854748603,1902.3947858472998,2081.72625698324,3372.3985102420856,4029.4283054003727,1916.3258845437617,1496.9217877094973,1347.9869646182494,1453.655493482309,1340.8119180633148,1537.7020484171321,1308.169459962756,1445.729981378026,1480.1657355679702,2100.5661080074487,3131.054003724395,4740.2104283054005,3141.322160148976,2257.629422718808,1865.0707635009312,2331.3612662942273,1794.8603351955308,2331.0633147113595,2721.0428305400374,1808.2402234636872,1459.610800744879,1864.0521415270018,2232.2476722532588,2644.5996275605216,1751.4245810055866,1809.3724394785847,2262.811918063315,3990.536312849162,6132.9851024208565,4272.234636871508,3034.6629422718806,2779.2625698324023,2573.459962756052,2028.5530726256984,1614.705772811918,1997.0391061452515,2628.2849162011175,5014.811918063315,4713.009310986965,2314.3333333333335,1597.8472998137802,2023.9478584729982,2722.661080074488,4042.459962756052,2296.6983240223462,2097.050279329609,2529.150837988827,3813.5996275605216,2352.9441340782123,1654.461824953445,1361.3687150837989,1506.024208566108,1565.1824953445066,2134.9646182495344,2918.616387337058,4749.82122905028,4354.629422718808,5252.7504655493485,6798.988826815643,3557.3817504655494,2415.7523277467412,3584.4338919925513,5655.6815642458105,5610.489757914339,3107.6554934823093,2421.828677839851,3232.2830540037244,6114.644320297952,7185.36312849162,2921.513966480447,1661.486033519553,1728.3072625698323,1809.122905027933,1842.4152700186219,1402.2979515828679,1467.7020484171321,1471.2234636871508,1934.0521415270018,1943.126629422719,2942.217877094972,3598.849162011173,4533.417132216015,3360.8100558659216,4362.64990689013,6893.173184357542,5400.530726256983,5782.7206703910615,4436.540037243948,2862.0372439478583,3228.7150837988825,3643.8677839851025,2193.2104283054005,1566.7243947858474,1666.5959031657355,2215.119180633147,2574.119180633147,1963.6908752327747,2146.804469273743,1904.3296089385474,2522.7430167597763,4333.035381750466,7145.331471135941,3527.9385474860337,2067.8864059590314,1933.1601489757913,1759.9813780260708,1799.4972067039107,2564.3519553072624,4425.454376163873,7711.290502793296,6286.506517690876,8089.500931098696,4854.327746741154,3941.19739292365,5350.104283054004,3881.9925512104282,2150.0670391061453,1884.8007448789572,1845.0633147113595,2276.811918063315,3466.070763500931,6112.428305400373,6412.430167597765,5854.445065176908,5299.115456238361,5661.430167597765,2700.2960893854747,2578.882681564246,2620.119180633147,2008.780260707635,1606.1117318435754,1580.5996275605214,1585.9627560521415,1870.804469273743,2422.5027932960893,3904.2048417132214,3135.461824953445,4698.329608938548,4430.402234636871,5833.949720670391,7265.683426443203,10289.402234636871,18010.325884543763,13570.610800744878,4537.098696461825,2638.756052141527,2571.2513966480446,4447.862197392924,4557.875232774674,5580.52886405959,9610.303538175047,7429.849162011174,3325.4283054003727,1836.977653631285,1595.486033519553,2134.4189944134077,2999.4953445065175,4869.6033519553075,4943.527001862198,6216.331471135941,3462.8398510242087,1873.707635009311,1590.4729981378025,1627.0279329608938,1563.145251396648,1884.608938547486,2266.4506517690875,3337.8398510242087,6473.37616387337,5213.402234636871,2238.3202979515827,2167.8454376163872,2591.243947858473,4511.245810055866,4487.575418994414,7637.521415270018,6328.10800744879,4201.316573556797,2004.705772811918,1750.7486033519554,1857.7281191806333,2115.824953445065,2225.882681564246,3755.586592178771,7286.113594040969,6021.430167597765,2512.40782122905,1883.9441340782123,1494.2551210428305,1664.0968342644321,1625.316573556797,1620.3463687150838,1642.9702048417132,2258.903165735568,2006.5512104283055,2021.1657355679702,2728.6592178770948,2929.929236499069,3101.240223463687,5968.327746741154,9108.754189944135,5650.150837988826,7078.871508379888,5826.171322160149,2503.1620111731845,2136.534450651769,1780.0037243947859,2117.396648044693,1501.4525139664804,1556.1303538175046,1506.0148975791433,1507.9329608938547,1623.8472998137802,2418.893854748603,4135.150837988826,8424.86592178771,5639.312849162011,3038.5996275605216,1784.6443202979515,1576.0689013035383,1350.0428305400374,1338.705772811918,1384.8119180633148,1483.3854748603353,1368.7020484171321,1664.0409683426444,2075.541899441341,2858.7486033519554,5347.35009310987,5911.156424581006,2411.91061452514,2079.253258845438,1993.4469273743016,2035.0633147113595,1548.4525139664804,1697.655493482309,1592.832402234637,1541.5418994413408,1566.0856610800745,2415.8715083798884,2868.167597765363,5715.610800744879,3380.2830540037244,1766.2495344506517,1395.191806331471,1476.3947858472998,1370.0540037243948,1475.7001862197392,1424.6014897579144,1532.9348230912476,1453.3929236499068,1809.2402234636872,2161.6703910614524,4102.292364990689,4128.754189944134,2377.9366852886405,2193.171322160149,2218.3482309124765,1697.342644320298,1736.5400372439478,1486.43947858473,1567.4953445065178,1596.2029795158287,2008.3314711359403,2662.554934823091,3936.959031657356,8719.82867783985,15248.82122905028,10612.201117318436,4384.491620111732,2354.540037243948,2179.951582867784,1520.5847299813781,1451.020484171322,1218.7970204841713,1346.148975791434,1171.7467411545624,1269.020484171322,1125.998137802607,1275.0931098696462,1154.2420856610802,1316.1564245810057,1384.9087523277467,1720.1322160148975,1505.3594040968342,1610.3109869646182,1646.6443202979515,1441.703910614525,1334.6275605214153,1422.122905027933,1218.9906890130353,1482.1061452513966,1838.4506517690875,2778.880819366853,1657.6443202979515,1461.901303538175,1383.998137802607,1947.6890130353818,2084.6871508379886,2282.880819366853,1764.633147113594,1566.461824953445,1345.5735567970205,1759.9590316573556,1284.0,1576.659217877095,2137.7150837988825,3980.074487895717,3261.9702048417134,1958.320297951583,1320.1098696461825,1366.2216014897579,1402.5810055865923,1629.126629422719,1230.4003724394786,1289.2588454376164,1195.2607076350093,1488.1750465549349,1933.1117318435754,1886.9888268156424,2140.0837988826815,2397.6480446927376,1691.7430167597765,1742.5549348230913,1546.6759776536312,1498.832402234637,1277.7672253258845,1425.9180633147114,1329.6499068901303,1720.4264432029795,1923.0372439478585,1814.9087523277467,1534.8193668528863,2005.3519553072626,2435.9124767225326,2904.3817504655494,2884.776536312849,2667.2756052141526,1854.2327746741155,1536.5251396648046,1392.2532588454376,1545.4953445065178,1562.5884543761638,1605.1378026070763,1421.3221601489759,1589.508379888268,1872.8882681564246,2639.709497206704,2991.1806331471134,2049.575418994413,2228.9199255121043,2733.6145251396647,2405.959031657356,2270.9813780260706,1889.2476722532588,2456.0335195530724,2983.5493482309125,3518.584729981378,2989.236499068901,2159.7932960893854,1761.68156424581,2190.882681564246,3305.9813780260706,3293.607076350093,2649.774674115456,2463.1359404096834,1774.3054003724394,1964.3743016759777,1560.6275605214153,1865.1303538175046,2017.0297951582868,2640.72625698324,2325.122905027933,2060.093109869646,2195.078212290503,1886.268156424581,1503.6014897579144,1521.7672253258845,1508.2383612662943,1845.9944134078212,1697.167597765363,1568.0782122905027,1523.1620111731843,1914.7355679702048,1667.0279329608938,2383.3538175046556,3128.212290502793,2144.538175046555,1657.95530726257,2269.763500931099,2794.7970204841713,2368.882681564246,2917.677839851024,5125.843575418994,4305.368715083799,2684.3612662942273,2405.6983240223462,2132.7448789571695,2022.6536312849162,2198.75791433892,1982.9143389199255,2403.199255121043,1626.3109869646182,1772.0353817504656,1890.4245810055866,1837.5623836126629,2152.8063314711358,3083.3370577281194,1991.1769087523278,1758.2271880819367,1988.0856610800745,2679.4674115456237,3255.314711359404,5280.776536312849,7411.111731843575,4671.975791433892,2861.0614525139663,2434.1005586592178,3089.9608938547485,5829.616387337058,8284.175046554934,4074.026070763501,2478.3798882681563,2988.633147113594,4782.180633147113,5334.787709497206,4630.553072625698,2308.493482309125,1798.6201117318435,1835.9608938547485,1466.5512104283055,2112.4506517690875,2142.8957169459964,4243.379888268157,3029.260707635009,2005.2067039106146,1787.2774674115456,1927.0279329608938,2507.463687150838,3305.322160148976,3817.19739292365,5625.7895716945995,6993.599627560521,9339.761638733706,9640.29981378026,5678.545623836127,7480.0,11693.877094972067,6549.3966480446925,4529.804469273743,5473.800744878957,3617.5437616387335,3849.7281191806333,3238.5772811918064,2813.167597765363,4982.6517690875235,8173.6610800744875,4699.873370577281,3973.482309124767,7752.461824953445,10155.655493482309,4347.055865921788,2653.1396648044692,3073.6201117318437,4112.640595903165,9814.487895716946,12030.959031657356,5794.411545623836,5884.549348230912,8368.52886405959,5036.432029795158,3797.195530726257,4150.763500931099,4352.793296089386,4037.2476722532588,2564.5325884543763,2207.346368715084,3680.415270018622,3860.072625698324,4038.2718808193667,2612.0391061452515,2085.08938547486,2471.5009310986966,2223.396648044693,1622.7988826815642,1853.0651769087524,2429.020484171322,4993.748603351955,4081.188081936685,2219.705772811918,1605.2290502793296,1540.975791433892,1567.001862197393,2199.996275605214,3477.2793296089385,5612.046554934823,2703.0111731843576,2333.2383612662943,2767.068901303538,4038.290502793296,7484.599627560521,5864.569832402235,3206.8919925512105,2246.2290502793294,1764.072625698324,2281.7281191806333,2609.7150837988825,2121.487895716946,1881.8715083798882,2104.564245810056,2470.3743016759777,3197.465549348231,2050.9124767225326,1741.5623836126629,1653.4283054003724,1778.9031657355679,2055.117318435754,1839.5679702048417,1624.5623836126629,1722.3221601489759,1760.048417132216,1671.7728119180633,1513.292364990689,1740.344506517691,1566.1378026070763,1530.391061452514,1503.36312849162,2519.4562383612665,3018.8919925512105,4384.489757914339,2396.2011173184355,1699.5176908752328,1449.026070763501,1712.173184357542,1424.1378026070763,1573.491620111732,1720.5940409683426,3286.040968342644,3616.1489757914337,2148.7486033519554,1680.8938547486034,2251.6424581005585,4758.389199255121,3760.709497206704,1871.5270018621975,1605.0577281191806,1479.9608938547485,1540.5977653631285,1447.8659217877096,1423.0707635009312,1442.3016759776535,1699.8808193668528,2420.9888268156424,2214.631284916201,1551.953445065177,1521.6499068901303,1533.9366852886405,1688.2774674115456,1503.3724394785847,2293.536312849162,2042.2607076350093,2842.63687150838,5336.407821229051,7216.188081936685,3257.3370577281194,2151.1247672253257,1728.4748603351954,1634.5921787709497,1432.6163873370576,1982.487895716946,2265.6554934823093,3547.6517690875235,3391.1731843575417,2090.292364990689,1592.7020484171321,1448.1154562383613,1229.3594040968342,1317.5903165735567,1178.1750465549349,1321.6890130353818,1422.4543761638733,1921.4078212290503,1322.048417132216,1232.5623836126629,1067.0707635009312,1152.4432029795157,1071.6964618249535,1180.7486033519554,1110.4338919925513,1340.3221601489759,1311.0316573556797,2092.8640595903166,2928.2383612662943,7895.033519553072,10335.506517690876,5432.225325884544,3110.191806331471,2015.1527001862198,1403.270018621974,1411.5716945996276,1535.4767225325884,1547.5865921787708,1206.9143389199255,1312.828677839851,1144.4134078212292,1288.1135940409683,1688.7337057728118,2759.4283054003727,2234.7150837988825,1638.219739292365,1408.5065176908752,1500.1322160148975,1260.508379888268,1326.3575418994412,1257.973929236499,1433.2029795158287,1314.2122905027934,1522.6070763500932,1340.8659217877096,1552.0502793296089,1781.9478584729982,2109.3333333333335,2233.5325884543763,2496.6387337057727,1657.6648044692738,1554.1135940409683,1310.4376163873371,1371.7709497206704,1349.2625698324023,1838.6405959031658,2278.0111731843576,1830.4487895716945,1405.1545623836128,1437.4823091247672,1430.0633147113595,1437.5810055865923,1177.486033519553,1167.1173184357542,1341.0372439478585,1426.6908752327747,1328.0744878957169,1808.8938547486034,1536.1098696461825,1611.7914338919925,1788.661080074488,1663.977653631285,1526.2774674115456,1635.4283054003724,1543.5735567970205,1852.5549348230913,1654.7150837988827,2295.579143389199,1762.6070763500932,1474.6443202979515,1338.7877094972066,1820.7914338919925,1194.0111731843576,1393.0502793296089,1258.6238361266294,1449.1303538175046,1525.3128491620112,1635.0093109869647,1548.5270018621975,1617.4264432029795,1315.8119180633148,1395.5549348230913,1478.1638733705772,1553.0353817504656,1260.659217877095,1394.4115456238362,1668.536312849162,1800.5996275605214,2186.800744878957,1923.1620111731843,1687.8975791433893,1578.9851024208567,1340.927374301676,1443.4338919925513,1361.9087523277467,1510.487895716946,1305.1750465549349,1433.4525139664804,1450.4208566108007,1460.5512104283055,1270.9068901303538,1401.8659217877096,1279.6648044692738,1797.0372439478585,1287.8193668528863,1445.463687150838,1623.951582867784,2118.9869646182497,1565.126629422719,1681.655493482309,1938.320297951583,3475.1154562383613,3125.9366852886405,4588.8975791433895,2996.2849162011175,2281.4189944134077,1775.320297951583,1586.7988826815642,1425.2849162011173,1516.4767225325884,1235.2495344506517,1349.191806331471,1229.1396648044692,1419.6405959031658,1452.7504655493483,2116.463687150838,2961.277467411546,2793.584729981378,3238.43947858473,2645.8175046554934,1896.3054003724394,1840.0931098696462,1756.5195530726257,2230.538175046555,3529.5567970204843,3133.048417132216,1841.4022346368715,1740.366852886406,1460.558659217877,1574.9627560521415,1702.2067039106146,1645.5642458100558,1463.2048417132216,1578.2216014897579,1398.6238361266294,1502.683426443203,1795.0502793296089,3419.6871508379886,6016.238361266294,4375.28677839851,2957.7914338919927,2937.2830540037244,2230.983240223464,1867.875232774674,1682.9459962756052,1992.2346368715084,1834.5456238361267,1916.731843575419,2842.322160148976,5188.078212290503,3016.3314711359403,2314.9925512104282,2530.117318435754,3227.8640595903166,3012.1769087523276,2398.2327746741153,2953.877094972067,5724.266294227188,3271.3519553072624,2744.391061452514,3510.7486033519554,6819.202979515829,11533.141527001862,6581.284916201117,3536.8901303538173,2729.6499068901303,2571.836126629423,2472.3407821229052,2321.711359404097,2310.3538175046556,2822.4096834264433,6332.081936685288,4507.039106145251,3161.927374301676,3101.3035381750465,2754.253258845438,2097.420856610801,2264.80260707635,3644.975791433892,6407.011173184357,5795.489757914339,3439.3202979515827,2386.1564245810055,1941.9422718808194,1657.6536312849162,2205.0595903165736,4035.1564245810055,4151.668528864059,3460.027932960894,5976.28677839851,4857.575418994414,3978.7430167597763,5130.778398510242,10161.512104283054,11400.180633147114,7648.625698324023,5738.36312849162,3523.945996275605,2374.783985102421,2021.8100558659219,1785.7709497206704,2190.7206703910615,1818.7448789571695,1802.7448789571695,2199.8510242085663,1953.661080074488,1578.6778398510241,1647.072625698324,1576.8026070763501,2022.6312849162011,2236.9776536312847,2510.5512104283052,2435.6182495344506,2878.776536312849,5353.644320297952,16004.564245810056,22376.590316573558,12161.867783985103,7655.154562383613,6184.005586592179,7282.063314711359,10219.724394785848,6848.73929236499,7776.251396648045,4765.19739292365,3758.458100558659,3774.558659217877,3074.9888268156424,2285.223463687151,2145.2271880819367,2130.1117318435754,3511.4562383612665,2856.316573556797,3520.346368715084,4896.7206703910615,3724.2141527001863,2716.1601489757913,2157.1080074487895,1680.9441340782123,1760.6499068901303,1702.9459962756052,1965.707635009311,1840.5810055865923,2001.5884543761638,2538.7281191806333,2472.5810055865923,2822.7039106145253,3134.458100558659,2182.0856610800747,2341.7411545623836,2194.8454376163872,2016.6890130353818,1730.2048417132216,2274.5251396648046,1908.3687150837989,3427.927374301676,8923.884543761638,7341.996275605215,3978.068901303538,2738.094972067039,2291.729981378026,2832.8156424581007,2357.683426443203,2145.316573556797,1984.3798882681565,2950.2309124767226,2433.7970204841713,2212.8994413407822,2165.3035381750465,2330.513966480447,3027.8379888268155,7051.106145251397,12684.508379888268,9827.651769087523,11017.69459962756,5994.01303538175,3811.2048417132214,2885.4003724394784,2112.635009310987,1873.022346368715,1707.5623836126629,1846.6294227188082,1868.3054003724394,2139.512104283054,2089.1135940409686,2528.102420856611,2008.0837988826815,2662.9143389199253,3149.052141527002,2463.8845437616387,1940.0316573556797,1828.9162011173185,1799.6666666666667,2206.4525139664806,2737.653631284916,4648.445065176908,10371.499068901303,8390.798882681564,4389.845437616387,3414.903165735568,3154.8957169459964,2599.3612662942273,2079.370577281192,2365.9776536312847,3051.463687150838,2619.359404096834,3309.264432029795,6561.188081936685,9815.355679702048,6314.659217877095,3533.0558659217877,2625.750465549348,2296.9441340782123,2006.7895716945995,1574.8640595903166,1643.1340782122904,1413.8417132216016,1893.9385474860335,1424.366852886406,1898.6517690875232,2066.9702048417134,2038.046554934823,2697.43947858473,2391.6443202979517,1908.2495344506517,2379.6052141527002,2195.0093109869645,2086.4189944134077,2218.3202979515827,2180.9329608938547,1722.538175046555,1935.2029795158287,2250.163873370577,4178.042830540037,8829.82867783985,5742.230912476723,3839.3202979515827,2880.702048417132,2689.0465549348232,2306.316573556797,1721.5921787709497,1734.4469273743016,1820.7355679702048,1896.8584729981378,1963.7541899441342,3670.3407821229052,9291.396648044692,6992.785847299814,4561.64990689013,4062.2048417132214,3532.4562383612665,5124.655493482309,4234.307262569832,6921.845437616387,17829.255121042832,15111.35009310987,8745.797020484171,6899.17877094972,4442.117318435754,3897.277467411546,4735.696461824953,4070.260707635009,2788.8957169459964,2702.0837988826815,3807.4003724394784,7868.880819366853,7396.3482309124765,4428.858472998138,3225.653631284916,3066.4562383612665,4622.722532588455,8938.910614525139,6302.584729981378,5901.8081936685285,4173.597765363129,3282.322160148976,3087.04469273743,5035.905027932961,10556.616387337057,12701.590316573556,13900.083798882682,9208.852886405959,5547.905027932961,4120.28677839851,3013.80260707635,3158.292364990689,3687.0633147113595,2693.733705772812,2353.003724394786,2517.3072625698323,2342.4059590316574,1982.3594040968342,1746.808193668529,1808.2458100558658,1465.5716945996276,1616.4283054003724,1971.3817504655494,2763.31843575419,3713.8342644320296,6866.532588454376,10970.217877094972,19624.022346368714,11994.873370577281,8616.867783985103,9982.145251396649,7522.417132216015,8212.541899441341,12660.180633147114,7276.081936685288,4816.525139664805,3439.7150837988825,2829.832402234637,2110.3538175046556,2309.1936685288642,1712.36312849162,1865.4469273743016,2569.783985102421,6712.795158286778,17483.435754189944,12243.43947858473,7295.787709497206,5515.756052141527,4210.763500931099,4337.616387337058,6737.84729981378,18789.02420856611,34295.391061452516,20453.735567970205,12815.28119180633,10607.143389199255,6994.411545623836,5737.977653631285,6077.845437616387,4502.270018621974,4859.0446927374305,4376.176908752328,3360.387337057728,3075.9776536312847,2481.5716945996273,2938.6759776536314,3393.297951582868,3156.0372439478583,4619.839851024209,14231.849162011173,28896.13407821229,19617.830540037245,11695.329608938548,7918.474860335195,6341.679702048417,8799.458100558659,16323.022346368714,21152.48417132216,17873.48975791434,17201.148975791435,14491.824953445066,9764.843575418994,8347.880819366854,7664.962756052141,5064.6033519553075,3298.070763500931,2643.9366852886405,2333.2067039106146,2013.5307262569831,2244.787709497207,2818.5512104283052,3400.1247672253257,4749.830540037244,3588.175046554935,2625.5456238361267,2323.3407821229052,2098.264432029795,2029.7690875232774,1857.5698324022346,2444.8659217877093,2731.0055865921786,2318.07635009311,1842.4711359404098,2277.310986964618,2567.9143389199253,4248.491620111732,5900.24208566108,4622.266294227188,3941.5903165735567,7281.826815642458,9544.333333333334,9816.696461824953,10854.612662942272,6944.871508379888,7843.577281191806,17224.79143389199,14554.37616387337,14334.94972067039,11177.175046554934,6950.106145251397,5295.366852886406,4425.251396648045,3452.750465549348,3137.0558659217877,2998.370577281192,3111.424581005587,2531.270018621974,2736.2793296089385,3258.7914338919927,4918.022346368715,8998.791433891993,17608.05586592179,17958.959031657356,10810.482309124767,7099.8379888268155,7361.433891992551,10471.836126629423,9308.493482309124,6211.640595903165,5815.430167597765,4403.383612662942,3685.4264432029795,3550.459962756052,2783.3854748603353,2050.2998137802606,1928.0074487895718,1707.9664804469273,1782.5716945996276,1520.316573556797,1796.5176908752328,2843.782122905028,6202.0540037243945,17375.188081936685,17838.614525139667,11120.778398510241,7891.849162011174,6178.048417132216,6428.532588454376,5294.845437616387,4116.6908752327745,3730.290502793296,3709.3575418994415,3344.787709497207,4453.575418994414,4551.627560521415,3244.2793296089385,3309.195530726257,6468.8975791433895,4304.608938547486,3035.461824953445,2237.1340782122907,2399.171322160149,2902.836126629423,2917.392923649907,2498.12104283054,3011.243947858473,3622.4804469273745,3305.612662942272,5028.027932960894,14724.270018621974,13423.99255121043,9062.17877094972,10443.04469273743,9291.99255121043,6826.9851024208565,8236.970204841713,6454.569832402235,4109.925512104283,2831.8268156424583,2526.4003724394784,1979.0428305400374,2211.6945996275604,2706.9869646182497,2727.078212290503,2311.3575418994415,2158.6517690875235,1883.3128491620112,1894.5810055865923,2178.489757914339,2868.934823091248,1880.901303538175,1753.8845437616387,1487.4953445065178,1490.6890130353818,1626.851024208566,1865.7709497206704,1777.1433891992551,2035.6405959031658,1654.9180633147114,1715.0540037243948,1719.4543761638733,2217.0875232774674,2286.616387337058,2187.530726256983,2914.6182495344506,4914.223463687151,4374.677839851024,3203.435754189944,2319.5661080074487,1943.661080074488,1671.5567970204843,1792.875232774674,1611.7895716945995,1775.6312849162011,1711.7616387337057,1739.2793296089385,2379.2476722532588,3024.0875232774674,5585.614525139665,5826.627560521415,3999.945996275605,4485.230912476723,7799.331471135941,7494.3575418994415,5615.9553072625695,5027.608938547486,6852.4562383612665,6400.990689013035,5381.491620111732,5841.679702048417,4573.005586592179,3761.7858472998137,5431.486033519553,5648.864059590316,7614.4953445065175,11906.348230912477,7789.640595903165,6206.221601489758,6745.640595903165,5268.633147113594,4369.562383612663,3239.9888268156424,2309.2756052141526,2157.9869646182497,2371.2830540037244,4887.709497206704,6038.111731843575,5364.886405959031,4206.283054003725,3041.461824953445,2500.6703910614524,3238.175046554935,2849.1042830540036,2866.959031657356,2159.5698324022346,2046.3854748603353,2532.3500931098697,5697.698324022346,5330.536312849162,3992.387337057728,2968.3370577281194,3396.0335195530724,4135.927374301676,4894.383612662942,6315.716945996275,9824.072625698323,6436.826815642458,6573.281191806332,9142.487895716946,10624.841713221602,9714.523277467411,14046.35009310987,8979.409683426444,5792.337057728119,4519.6517690875235,3518.1154562383613,2376.945996275605,1899.2532588454376,1467.0689013035383,1430.2011173184358,1309.4189944134077,1685.729981378026,2910.893854748603,4337.253258845438,3126.3724394785845,2925.1098696461827,2962.731843575419,4243.741154562384,12668.754189944135,19222.903165735566,12023.906890130354,9352.277467411546,9136.845437616388,12509.387337057728,8393.627560521416,5804.683426443203,5831.027932960894,4313.754189944134,3124.338919925512,3000.36312849162,5856.571694599627,12863.487895716946,12540.893854748603,7756.130353817504,4948.459962756052,4045.054003724395,4125.6424581005585,3937.219739292365,3415.338919925512,5990.186219739292,8160.420856610801,12179.931098696461,11582.74487895717,25045.111731843575,29742.797020484173,19548.07076350093,15078.37616387337,22128.182495344507,18499.89199255121,13326.582867783985,8856.234636871508,6665.262569832402,5294.48417132216,4157.82122905028,2938.8901303538173,2674.43947858473,3623.435754189944,9414.176908752328,14073.513966480446,9758.07635009311,8701.530726256984,19022.10986964618,22064.59962756052,14743.581005586591,10576.459962756053,11657.378026070763,17203.322160148975,21115.711359404097,28559.225325884545,18803.026070763503,11385.692737430167,7577.62383612663,5296.344506517691,3963.24208566108,3735.1359404096834,4354.523277467411,3095.003724394786,2501.811918063315,2049.3296089385476,2485.1582867783986,3154.975791433892,5273.0,15727.29981378026,17747.89013035382,11072.148975791433,8738.830540037245,7519.145251396648,5601.785847299814,3907.40782122905,3147.163873370577,3284.2067039106146,9473.947858472999,15803.119180633146,10432.985102420856,10374.463687150837,11296.80260707635,8805.078212290502,15080.296089385474,14352.389199255122,9051.001862197392,5663.5344506517695,4082.8752327746743,3542.536312849162,2943.95530726257,2045.8342644320298,1787.7281191806333,1550.68156424581,1522.1880819366852,1524.7653631284916,1621.8249534450651,1909.7411545623836,2253.759776536313,1775.685288640596,2311.4990689013034,2070.6238361266296,2053.7374301675977,2267.7951582867786,2380.947858472998,2305.122905027933,2046.7094972067039,1686.9925512104282,1869.5679702048417,1760.1973929236499,1869.3743016759777,1515.9832402234638,1364.705772811918,1430.0521415270018,1555.2458100558658,2385.0148975791435,4533.175046554935,4722.141527001862,5995.312849162011,11766.16573556797,8751.137802607076,6120.983240223463,5880.418994413408,6334.031657355679,4695.268156424581,3399.437616387337,2987.3575418994415,2531.458100558659,2869.266294227188,3677.4804469273745,7184.521415270018,13096.04469273743,9256.201117318436,5948.316573556797,5044.621973929236,7606.001862197393,9499.055865921788,13100.962756052142,14289.251396648046,14645.817504655493,9190.05027932961,6221.48417132216,5486.852886405959,4358.8677839851025,3146.4711359404096,2463.6554934823093,2390.640595903166,2727.1135940409686,6749.729981378026,6822.959031657356,7180.780260707635,7508.1024208566105,6798.208566108007,5052.754189944134,4485.929236499069,3516.441340782123,2785.070763500931,2460.8342644320296,2485.783985102421,2482.1899441340784,4216.245810055866,11106.108007448789,9877.268156424581,7126.059590316573,6970.664804469274,12140.078212290502,25483.32402234637,19159.947858473,12214.523277467411,8385.240223463687,6323.715083798883,5028.63687150838,6015.046554934823,17203.8677839851,28153.292364990688,22436.988826815643,15278.186219739293,10041.42644320298,7432.418994413408,7028.538175046555,14476.417132216015,15274.599627560521,18031.625698324024,26983.778398510243,19561.102420856612,16773.87150837989,26228.83426443203,20567.38175046555,13119.9739292365,8576.33147113594,5997.500931098696,4584.3389199255125,3443.0875232774674,2742.7932960893854,3142.8882681564246,4263.677839851024,9648.988826815643,19370.093109869646,13677.508379888268,8668.22905027933,7009.204841713222,5990.081936685288,4499.6815642458105,3534.212290502793,3607.3016759776538,5318.864059590316,7374.009310986965,16755.54748603352,27862.353817504656,24652.6573556797,15099.564245810056,10321.085661080075,10091.186219739293,7270.877094972067,4828.765363128492,3771.1899441340784,3533.3072625698323,4206.797020484171,6989.061452513966,5446.841713221602,3946.1042830540036,3053.0223463687153,3463.8212290502793,9769.830540037245,12976.731843575419,11155.612662942272,7744.398510242086,5445.549348230912,5347.020484171322,3874.754189944134,3088.6685288640597,2670.7281191806333,2629.4487895716948,3824.260707635009,11514.854748603351,11087.020484171322,7190.873370577281,5018.992551210428,5117.370577281192,9681.914338919925,21796.294227188082,20788.88454376164,13317.271880819368,8952.804469273742,6202.467411545624,4324.972067039106,3403.19739292365,2917.6629422718806,2919.832402234637,6258.625698324023,12204.519553072625,8223.75791433892,6557.139664804469,6101.944134078212,4688.707635009311,3257.5456238361267,2920.1769087523276,2743.264432029795,2592.562383612663,2308.80260707635,3737.216014897579,9111.251396648046,13322.476722532589,9521.936685288641,8147.795158286778,5308.795158286778,3828.9366852886405,3002.905027932961,2656.8603351955308,2442.150837988827,5517.890130353818,17178.73370577281,23773.45810055866,16366.553072625698,10112.527001862198,6581.467411545624,4740.705772811918,3358.463687150838,2672.689013035382,2478.562383612663,3271.1415270018624,2943.1564245810055,3334.5270018621973,3861.689013035382,7874.409683426443,18148.283054003725,21274.176908752328,17185.772811918065,15153.839851024208,19603.085661080073,13852.312849162012,8461.581005586591,5867.258845437616,4465.599627560521,3743.7188081936683,3261.487895716946,3197.564245810056,4680.245810055866,4664.392923649907,3679.5288640595904,5183.819366852887,11185.750465549349,8373.756052141527,5475.735567970205,5668.256983240223,7807.6517690875235,6169.977653631285,7572.890130353818,13360.549348230912,9628.333333333334,6506.1024208566105,4503.402234636871,4855.052141527002,13396.55493482309,15172.975791433892,10370.19739292365,7019.033519553072,5402.633147113594,5868.6815642458105,7830.912476722533,7985.905027932961,5502.856610800745,4867.061452513966,3245.6797020484173,2780.9143389199253,2835.8621973929235,2449.8715083798884,2230.8472998137804,1978.4562383612663,1619.4841713221601,1522.828677839851,1715.8659217877096,2203.459962756052,1788.9068901303538,1724.8957169459964,1458.5437616387337,2020.1303538175046,4052.3128491620114,4534.625698324023,4201.8677839851025,6129.268156424581,5313.359404096835,6417.828677839851,11790.772811918063,8639.070763500931,5757.947858472998,4805.620111731843,10221.402234636871,11732.670391061452,7098.3482309124765,4726.17877094972,3692.2290502793294,4602.668528864059,4664.942271880819,3790.081936685289,5157.208566108007,13574.57355679702,10638.054003724395,7439.236499068901,7122.953445065177,14135.83426443203,11154.480446927375,7129.016759776537,4763.256983240223,4370.212290502794,3670.4525139664806,3486.4916201117317,2429.026070763501,2051.370577281192,2794.191806331471,3114.199255121043,2366.338919925512,2341.2029795158287,1950.4171322160148,1733.8379888268157,1367.9310986964617,1405.7355679702048,1385.0707635009312,2281.026070763501,2432.1787709497207,2475.2029795158287,2934.6685288640597,2632.9627560521417,2212.366852886406,2231.253258845438,2438.947858472998,2516.0316573556797,1768.536312849162,1998.1303538175046,2739.240223463687,3696.119180633147,4733.206703910614,5425.826815642458,4565.98696461825,4922.312849162011,4123.500931098696,4820.5437616387335,3499.07635009311,3818.8137802607075,3754.389199255121,3000.2811918063317,2383.249534450652,2184.610800744879,2254.657355679702,3660.5959031657358,8963.512104283054,8905.852886405959,5826.061452513966,4039.685288640596,2904.2048417132214,2277.36312849162,1804.0111731843576,1814.0353817504656,1828.7988826815642,2196.391061452514,1955.0502793296089,2485.5735567970205,2472.163873370577,2408.8268156424583,2096.8137802607075,2178.1080074487895,3674.5512104283052,6122.148975791434,6288.880819366853,6239.351955307263,5438.981378026071,8420.063314711359,19130.288640595903,14359.722532588454,9540.037243947858,7265.307262569832,5785.824953445065,3814.5772811918064,2651.947858472998,2263.575418994413,2037.1880819366852,1858.7392923649907,1520.3575418994412,1632.2998137802608,1946.169459962756,2695.264432029795,3557.852886405959,4411.040968342644,2977.7672253258847,2280.5698324022346,1732.901303538175,1596.8137802607077,1354.7188081936686,2058.588454376164,2265.4040968342642,2015.5400372439478,1671.5884543761638,2904.6964618249535,2827.0055865921786,2340.75791433892,2174.2625698324023,2461.19739292365,2049.346368715084,1695.8808193668528,1369.5474860335196,1366.6070763500932,1208.1173184357542,1531.5716945996276,1600.3258845437617,1606.731843575419,1399.0931098696462,1367.0391061452515,1204.3016759776535,1290.657355679702,1211.5437616387337,1525.0558659217877,1284.5065176908752,1529.169459962756,1842.4357541899442,2193.689013035382,4670.644320297952,7021.618249534451,5945.027932960894,3991.612662942272,2635.4729981378027,2284.1415270018624,1971.4171322160148,1926.1527001862198,1783.8659217877096,1700.2011173184358,1446.2979515828679,1580.973929236499,1879.56052141527,4230.845437616387,15006.785847299814,12937.271880819368,8336.0,6307.594040968343,4846.443202979516,3326.6592178770948,2304.536312849162,2450.633147113594,3729.9869646182497,2920.5437616387335,2161.854748603352,1874.4525139664804,1540.0540037243948,1445.1303538175046,1344.2383612662943,1987.6014897579144,3591.8864059590314,3413.117318435754,2316.459962756052,2028.9497206703911,2273.540037243948,2797.297951582868,2253.3817504655494,2120.6592178770948,1636.31843575419,1612.977653631285,1322.0744878957169,1408.635009310987,1772.5046554934822,3965.9944134078214,3046.040968342644,2239.1378026070765,1710.344506517691,1848.8175046554934,2389.6797020484173,2148.5735567970205,1623.5046554934822,1552.216014897579,1191.8156424581005,1176.124767225326,1218.7858472998137,1300.9646182495344,1510.2756052141526,2483.0186219739294,5972.1322160148975,6459.932960893855,4468.437616387337,4020.722532588454,5053.316573556797,5024.445065176908,3523.2346368715084,4188.048417132216,3055.389199255121,2495.7709497206706,1809.7858472998137,1607.2662942271882,1314.9832402234638,1371.873370577281,1163.0167597765362,1335.5847299813781,1253.344506517691,1602.6964618249535,1961.6703910614526,2368.603351955307,1858.2793296089385,1676.1862197392923,1561.8994413407822,2376.1806331471134,3254.7132216014897,5282.100558659218,19908.167597765365,35716.594040968346,22585.40782122905,13226.193668528864,8293.82122905028,5461.811918063315,3360.052141527002,2372.5456238361267,1672.04469273743,1595.0055865921788,1424.851024208566,1563.36312849162,1677.5288640595902,1810.314711359404,1636.9292364990688,1671.6182495344506,1959.4171322160148,2487.5716945996273,1988.8175046554934,1886.2607076350093,1553.5716945996276,1685.6033519553073,1861.0093109869647,2074.4748603351954,1785.7337057728118,1864.6275605214153,1585.851024208566,1654.2532588454376,1670.4785847299813,2810.268156424581,4900.320297951583,15475.435754189944,29533.43947858473,18590.467411545626,10627.180633147114,7101.975791433892,4580.964618249534,3847.219739292365,4481.830540037244,4990.290502793296,4367.413407821229,3124.167597765363,2223.052141527002,2226.31843575419,3318.6797020484173,8910.972067039105,27046.672253258846,19635.020484171324,10882.21601489758,7336.737430167598,5233.230912476723,4235.432029795158,2986.0875232774674,2564.903165735568,3550.0335195530724,4443.229050279329,2923.8659217877093,2534.705772811918,2290.1527001862196,2122.167597765363,2290.147113594041,2388.6238361266296,1873.0707635009312,1616.7225325884544,1431.4189944134077,1413.8379888268157,1544.830540037244,1911.5530726256984,2694.5009310986966,3994.093109869646,3782.493482309125,2768.0111731843576,2104.6703910614524,1903.3929236499068,1446.2607076350093,1387.320297951583,1261.4711359404098,1374.8417132216016,1200.9497206703911,1254.8491620111731,1235.9571694599626,1298.508379888268,1289.0372439478585,1412.2420856610802,1101.8398510242087,1160.6927374301677,1066.4283054003724,1292.2290502793296,1553.0037243947859,1998.0167597765362,1579.901303538175,1515.9646182495344,1894.465549348231,2028.4171322160148,1513.7523277467412,1376.8119180633148,1394.951582867784,1603.9217877094973,1691.8901303538175,1553.7411545623836,1197.4227188081936,1221.5065176908752,1192.3240223463688,1573.9851024208567,1371.8435754189943,1289.3519553072626,1211.5046554934822,1484.9906890130353,2001.0335195530727,3545.482309124767,2386.8640595903166,1950.7709497206704,1980.046554934823,2990.9329608938547,2029.8137802607077,1634.3240223463688,1330.832402234637,1346.873370577281,1449.5046554934822,1681.7728119180633,1445.7579143389198,2087.8864059590314,1788.1508379888269,1513.4208566108007,1229.467411545624,1228.1620111731843,1187.5716945996276,1752.2998137802608,5802.098696461825,6152.378026070764,3754.6182495344506,3038.411545623836,2240.2998137802606,1781.6908752327747,1922.5698324022346,2068.4059590316574,1645.4283054003724,1615.4227188081936,1429.4171322160148,1334.4320297951583,1261.2718808193667,1897.0055865921788,2054.677839851024,1794.5176908752328,2622.8305400372437,2848.707635009311,1820.7635009310986,1610.4487895716945,1260.6294227188082,1268.4171322160148,1346.173184357542,2849.195530726257,13233.303538175047,12652.806331471136,7811.402234636871,5199.186219739292,4574.189944134078,6134.648044692737,3719.1769087523276,2407.2793296089385,2100.4469273743016,2989.6014897579144,2298.08938547486,1715.3035381750465,1289.9869646182494,1264.3947858472998,1172.36312849162,1247.6964618249535,1133.4767225325884,1246.7672253258845,1439.4953445065178,2118.314711359404,7896.582867783985,20624.635009310987,15061.461824953445,8007.175046554935,4679.415270018622,2986.8640595903166,1898.2867783985103,1962.487895716946,2515.117318435754,2041.3556797020485,1737.6294227188082,2209.070763500931,1905.705772811918,1709.2383612662943,1373.7281191806333,1543.8938547486034,1661.7169459962756,1660.3296089385474,2089.292364990689,4659.046554934823,7283.689013035381,6288.478584729982,3973.8137802607075,3159.5661080074487,4714.675977653631,4116.150837988826,3904.7486033519554,3497.1806331471134,2984.5996275605216,2290.6275605214155,1721.2793296089385,1529.338919925512,1316.756052141527,1294.0558659217877,1071.0968342644321,1100.7914338919925,1061.5195530726257,1149.7243947858474,1048.6443202979515,1232.7374301675977,1049.7653631284916,1117.0521415270018,955.245810055866,1104.148975791434,1146.12104283054,1365.6964618249535,1236.124767225326,1272.729981378026,1285.6014897579144,2114.722532588454,2180.9422718808196,2790.346368715084,2801.3445065176907,2524.7150837988825,2180.0335195530724,1858.1527001862198,1855.1527001862198,2891.8510242085663,4069.1117318435754,3681.0316573556797,2910.8752327746743,2530.6387337057727,1978.4525139664804,1723.3854748603353,1441.5865921787708,1381.513966480447,1256.173184357542,1623.391061452514,4669.836126629422,7784.901303538175,5069.932960893855,3391.9366852886405,2173.588454376164,1951.465549348231,3210.07635009311,2978.8919925512105,2153.264432029795,3025.2830540037244,8814.383612662943,12143.845437616388,10833.415270018622,6081.225325884544,3578.657355679702,2538.5567970204843,1881.1322160148975,2760.0316573556797,6858.361266294227,5235.405959031657,2903.9441340782123,1999.0055865921788,1455.1880819366852,1346.0074487895718,1658.7523277467412,3321.3016759776538,3310.316573556797,3123.396648044693,2251.4301675977654,2679.294227188082,8244.415270018622,13228.746741154562,14465.2104283054,7913.8677839851025,4317.3966480446925,3486.150837988827,5702.851024208566,16212.778398510241,10463.342644320299,5341.711359404097,4200.327746741154,3536.2756052141526,2054.5214152700187,1734.7541899441342,1338.9869646182494,1473.975791433892,1696.683426443203,1540.1042830540036,1426.9031657355679,1714.7392923649907,1566.1340782122904,2221.95530726257,4471.746741154562,3342.264432029795,1852.8640595903166,1495.68156424581,1161.1843575418995,1317.731843575419,1648.6424581005588,1438.4227188081936,1141.7188081936686,1409.2644320297952,2033.5400372439478,2213.8584729981376,1934.852886405959,2874.3985102420856,2170.050279329609,2225.31843575419,5123.823091247672,4421.026070763501,2756.288640595903,1996.5009310986964,1635.0074487895718,3778.6443202979517,3661.9664804469276,2401.7039106145253,2433.216014897579,3655.731843575419,3053.707635009311,3726.40782122905,3504.6685288640597,3355.150837988827,6545.970204841713,11521.342644320299,7238.232774674116,3995.6238361266296,2350.7150837988825,1890.8566108007449,1381.2551210428305,1320.5679702048417,1167.5567970204843,1257.1638733705772,1387.783985102421,3552.0614525139663,7564.094972067039,5234.454376163873,2991.832402234637,4194.590316573557,12256.309124767226,9890.690875232774,4847.2011173184355,3170.0353817504656,2935.4227188081936,4408.409683426443,4315.523277467411,3574.1731843575417,2431.2625698324023,1787.6964618249535,1243.1843575418995,1110.1080074487895,1102.8882681564246,1272.167597765363,1113.487895716946,1090.7783985102421,1294.1638733705772,2097.664804469274,1907.953445065177,1734.8584729981378,2287.3556797020483,4503.2793296089385,3769.6182495344506,2614.1117318435754,1978.5046554934822,5748.3389199255125,14427.672253258845,20267.054003724395,12022.0,5324.003724394785,2564.5940409683426,1721.2327746741155,1267.124767225326,1807.2383612662943,1686.8175046554934,1419.927374301676,1158.5065176908752,1187.7765363128492,1064.5493482309125,1146.6703910614526,1117.9925512104282,1425.8994413407822,1599.0595903165736,3044.065176908752,14279.17877094972,23319.540037243947,12522.49720670391,5449.899441340782,2849.8193668528866,1882.0186219739292,1366.608938547486,1424.9888268156424,1337.8249534450651,1314.679702048417,1191.9348230912476,1197.9348230912476,1297.8659217877096,1590.04469273743,1820.7262569832403,1776.320297951583,1474.4301675977654,1552.6312849162011,1696.977653631285,4482.175046554935,16306.536312849163,30183.82867783985,22028.558659217877,9439.35754189944,4221.8156424581,2522.3240223463686,1925.8715083798882,2011.512104283054,1463.4823091247672,1302.1880819366852,1163.8640595903166,1154.832402234637,1039.703910614525,1197.0093109869647,1003.1247672253259,1042.6033519553073,1180.5176908752328,1202.020484171322,1110.0819366852886,1534.9348230912476,4482.841713221602,6727.2402234636875,3661.5046554934825,1975.3705772811918,1298.001862197393,1264.9124767225326,1487.6014897579144,1508.6275605214153,1198.8845437616387,1280.048417132216,1131.8454376163872,1258.6722532588453,1118.1638733705772,1316.9199255121043,1485.338919925512,1613.8584729981378,1366.6890130353818,1419.1806331471137,1232.4152700186219,1265.4152700186219,1257.2644320297952,3502.2849162011175,8668.391061452514,7514.437616387337,3296.1247672253257,1863.3128491620112,1253.2029795158287,1125.6629422718809,1196.0651769087524,1719.655493482309,2490.9162011173185,7309.003724394785,9626.869646182495,5512.862197392924,2683.540037243948,1777.873370577281,1332.534450651769,1405.7783985102421,1194.851024208566,1186.6517690875232,1074.2793296089385,1241.2495344506517,1392.9832402234638,1799.6405959031658,1649.3947858472998,1983.979515828678,5419.063314711359,18507.162011173183,22572.36126629423,12000.217877094972,5705.983240223463,3354.1527001862196,1905.6945996275606,1463.1117318435754,1040.6945996275606,1133.608938547486,970.2476722532589,1033.0167597765362,1002.0353817504656,1388.6908752327747,3424.72625698324,5070.711359404097,3178.536312849162,1783.9497206703911,1245.391061452514,1154.0633147113595,1001.8454376163874,1076.655493482309,947.6517690875232,1072.6517690875232,927.5307262569833,1118.9143389199255,1061.2476722532588,1125.4022346368715,1125.635009310987,1137.3836126629424,1008.2234636871508,1313.2867783985103,1865.5996275605214,7219.45251396648,18663.839851024208,23175.845437616386,12333.733705772813,5629.411545623836,2860.43947858473,1886.4729981378025,1212.7672253258845,1181.1601489757913,1014.4413407821229,1094.707635009311,910.0670391061452,1007.9553072625698,1061.8454376163872,1103.2830540037244,1002.8584729981378,1070.0782122905027,967.2290502793296,1075.608938547486,958.1973929236499,1111.3817504655494,1743.9646182495344,2964.117318435754,3296.7970204841713,2172.3072625698323,1327.1098696461825,1166.3966480446927,979.9553072625698,1084.048417132216,942.4301675977654,1050.0819366852886,961.340782122905,1034.31843575419,1042.7262569832403,1205.5567970204843,1178.979515828678,1205.6983240223465,1052.536312849162,1157.3482309124768,1028.0372439478585,1188.6890130353818,1114.9888268156424,1152.3705772811918,961.3482309124768,1045.512104283054,1093.3016759776535,1033.9162011173185,992.6741154562384,1139.4599627560522,1230.4432029795157,1945.2756052141526,2434.4040968342642,2981.3612662942273,1964.147113594041,1378.8957169459964,1024.3929236499068,1041.8640595903166,961.5158286778399,1053.361266294227,887.8752327746741,1031.2085661080075,1036.4003724394786,1314.4823091247672,1269.4301675977654,1180.9608938547485,1022.6014897579144,1092.7448789571695,1026.270018621974,1103.2290502793296,952.9143389199255,1091.9180633147114,963.8733705772812,1098.7858472998137,1014.3575418994413,1060.7970204841713,934.4115456238361,1074.2513966480446,1187.2644320297952,1479.6666666666667,1479.2662942271882,1729.610800744879,1443.7858472998137,1719.8100558659219,1912.6424581005588,2123.4469273743016,1499.020484171322,1238.782122905028,1029.9236499068902,1111.953445065177,1113.0167597765362,1278.830540037244,1185.9106145251396,1307.0614525139665,1622.9106145251396,2250.2569832402237,2697.6629422718806,2574.016759776536,1604.0707635009312,1248.9497206703911,1081.9441340782123,1123.6256983240223,1021.1918063314712,1185.7486033519554,1101.391061452514,1326.2253258845437,1421.782122905028,2587.469273743017,8008.117318435754,16813.94413407821,23869.945996275605,25406.75232774674,13850.765363128492,5927.359404096835,2674.130353817505,1868.977653631285,1437.6275605214153,1549.5065176908752,1743.2216014897579,2070.873370577281,1983.532588454376,1764.1750465549349,1381.4450651769087,1425.0130353817506,1378.0651769087524,1435.2849162011173,1239.193668528864,1202.7672253258845,1011.9981378026071,1119.8864059590317,919.0297951582868,1138.3985102420856,987.2011173184358,1091.001862197393,954.4841713221601,985.2551210428305,856.1806331471136,942.0614525139665,919.2569832402235,1032.1005586592178,890.0819366852886,1034.6778398510241,1299.998137802607,1429.927374301676,1352.3054003724394,1484.9422718808194,1417.7914338919925,3008.0614525139663,7714.476722532589,12142.640595903165,16074.629422718808,16436.38919925512,9169.176908752328,3971.072625698324,2169.778398510242,1964.4096834264433,1907.9348230912476
578.5177570093458,501.78878504672895,527.1943925233645,463.9364485981308,588.4897196261683,430.85981308411215,539.6411214953271,524.1738317757009,553.6130841121495,524.3551401869158,580.5308411214953,505.7682242990654,614.803738317757,475.54392523364487,591.6280373831776,614.0168224299066,653.814953271028,612.3794392523364,590.6953271028037,566.7850467289719,606.4728971962617,568.0953271028037,676.0654205607476,599.8803738317757,693.1682242990654,677.6299065420561,647.0130841121495,590.4822429906542,641.1943925233645,581.170093457944,690.6915887850467,609.2242990654206,705.1289719626168,634.5719626168225,706.958878504673,607.7401869158879,727.3383177570093,590.0485981308411,708.2990654205607,595.6691588785046,707.7271028037383,639.0878504672897,623.5719626168225,715.7158878504673,665.6859813084112,533.7046728971962,647.5794392523364,724.2766355140187,748.3420560747663,626.6317757009346,719.56261682243,688.8803738317757,712.3607476635514,688.4242990654205,741.8598130841121,595.9906542056075,722.9252336448598,650.9682242990655,687.1457943925234,632.8785046728972,697.626168224299,637.9700934579439,685.5495327102803,623.3588785046729,735.6841121495327,653.5532710280373,725.388785046729,669.7233644859813,619.8242990654205,727.8373831775701,677.4616822429906,667.611214953271,724.1551401869159,641.3663551401869,711.7308411214954,677.3457943925233,740.8953271028038,678.4056074766355,691.014953271028,821.0728971962617,770.0317757009345,672.6766355140187,729.7588785046729,714.6168224299065,738.1831775700934,692.5831775700934,778.788785046729,648.2747663551402,707.1644859813084,709.5327102803739,744.3102803738318,658.7196261682243,776.3495327102804,759.9233644859813,723.1794392523365,745.9700934579439,748.8953271028038,724.2654205607477,787.1009345794392,700.3214953271028,787.6411214953271,714.7588785046729,747.5196261682242,702.8897196261682,678.1981308411215,692.1009345794392,807.4598130841122,664.9532710280374,763.5532710280373,697.5439252336448,643.4654205607477,834.4280373831775,828.2130841121495,741.8859813084113,774.0635514018692,733.4654205607477,839.2130841121495,713.3644859813085,795.3065420560748,767.1551401869159,768.392523364486,773.1214953271028,820.996261682243,735.9364485981308,794.5196261682242,704.2186915887851,766.192523364486,719.0990654205607,841.7532710280374,794.0878504672897,816.9943925233645,759.6934579439252,836.8542056074766,735.5644859813084,753.6242990654206,739.2485981308412,816.1570093457943,776.3682242990654,817.4635514018692,665.8373831775701,769.977570093458,688.43738317757,674.4878504672897,819.6,855.6934579439252,755.0336448598131,775.788785046729,772.6598130841121,784.3439252336449,796.4205607476636,784.7401869158879,726.4654205607477,766.1401869158879,744.6822429906542,846.170093457944,800.5495327102803,785.2411214953271,780.6018691588785,764.014953271028,687.018691588785,829.0841121495328,795.603738317757,764.3140186915888,778.2093457943926,830.6149532710281,772.4429906542056,797.1607476635514,793.041121495327,843.6934579439252,716.0934579439253,865.3831775700935,798.6448598130842,840.8710280373832,770.3364485981308,739.1495327102804,867.0579439252336,886.4728971962617,773.6411214953271,849.1028037383178,755.1626168224299,892.5102803738317,785.9663551401869,798.3383177570093,798.6373831775701,768.2130841121495,754.5289719626169,832.6691588785046,813.6635514018692,791.8616822429907,819.3588785046729,821.3869158878505,807.5364485981308,841.1439252336448,773.1252336448598,855.7028037383178,766.3383177570093,857.7289719626168,816.5252336448598,825.2710280373832,882.5943925233645,803.1420560747664,831.4953271028037,870.5682242990654,820.2485981308412,848.6355140186915,769.6093457943925,731.1345794392523,909.6915887850467,813.9252336448598,833.014953271028,869.9327102803738,801.3906542056075,857.4635514018692,793.2803738317757,852.2392523364485,813.2280373831776,860.5981308411215,780.3102803738318,816.8485981308411,790.2635514018691,841.3943925233644,839.2822429906543,876.7046728971962,809.5420560747664,872.8803738317757,861.3626168224299,829.1233644859813,784.2616822429907,815.3327102803738,866.4710280373831,875.4317757009346,840.2598130841121,865.2785046728972,872.196261682243,861.5757009345795,870.5233644859813,799.7514018691588,777.4672897196261,778.3588785046729,912.7831775700935,865.0542056074767,825.7532710280374,787.8710280373832,813.7028037383178,822.7981308411215,805.7495327102804,847.3121495327102,753.0672897196262,809.4299065420561,832.3177570093458,783.6803738317757,827.7981308411215,767.1906542056075,770.5140186915888,837.5831775700934,793.7420560747663,795.4,806.0018691588785,838.985046728972,832.596261682243,831.7439252336449,855.2056074766355,870.003738317757,765.0523364485981,887.2766355140187,806.4785046728972,838.014953271028,880.792523364486,833.981308411215,811.377570093458,880.3626168224299,946.0766355140187,895.8560747663552,811.5738317757009,942.8261682242991,855.4747663551402,863.5401869158878,863.8205607476635,848.8093457943925,841.833644859813,876.796261682243,777.4635514018692,811.3028037383177,846.7196261682243,845.0654205607476,877.8710280373832,857.3439252336449,874.7308411214954,853.6859813084112,778.403738317757,876.9327102803738,807.1140186915887,834.992523364486,840.5233644859813,871.0373831775701,843.1794392523365,883.6785046728972,797.4261682242991,861.6018691588785,816.0280373831775,859.9495327102803,813.2336448598131,783.2803738317757,972.9214953271028,893.7252336448598,888.2392523364485,831.7607476635515,808.7682242990654,861.418691588785,837.6448598130842,851.0803738317757,882.0859813084112,825.7028037383178,833.0373831775701,890.3065420560748,829.3084112149533,907.4130841121495,813.3850467289719,843.9420560747664,866.4878504672897,895.7439252336449,856.5271028037383,896.4467289719627,896.0448598130841,887.3551401869158,843.1757009345795,876.373831775701,890.4261682242991,836.5046728971963,913.4224299065421,913.5065420560747,854.5663551401869,897.0766355140187,811.3233644859813,778.5607476635514,1015.0130841121495,1038.2560747663551,924.003738317757,913.5289719626169,906.6990654205607,947.4803738317758,844.7102803738318,915.8448598130841,835.588785046729,879.2280373831776,936.9495327102803,820.811214953271,914.6,973.3252336448598,916.8186915887851,957.8355140186916,904.3028037383177,912.4056074766355,894.3065420560748,932.6280373831776,937.5719626168225,928.0485981308411,887.411214953271,898.5196261682242,888.9214953271028,873.2953271028038,877.7719626168224,926.166355140187,925.2990654205607,930.43738317757,851.792523364486,822.1719626168224,960.3663551401869,955.8411214953271,917.5271028037383,944.5158878504673,1000.2560747663551,1094.452336448598,1028.4635514018692,953.8504672897196,905.6616822429907,910.7009345794393,916.1738317757009,966.4728971962617,912.4261682242991,929.8392523364486,967.8280373831776,974.977570093458,963.6542056074767,981.411214953271,909.1943925233645,997.0598130841122,924.4990654205608,972.403738317757,943.8485981308411,1008.0803738317757,973.0130841121495,942.581308411215,925.5682242990654,955.5439252336448,904.3345794392524,953.7495327102804,922.4485981308411,850.6542056074767,1057.4242990654207,946.4242990654205,962.2542056074766,993.8766355140187,938.7327102803738,1023.7869158878505,960.5196261682242,971.0990654205607,1035.1757009345795,1016.3794392523364,941.1046728971962,997.8355140186916,929.4785046728972,943.414953271028,996.9364485981308,1062.7046728971964,1032.4093457943925,1070.592523364486,1002.981308411215,1021.3532710280374,981.7775700934579,983.9140186915888,1039.747663551402,992.2728971962617,997.3551401869158,1058.6710280373832,1034.7252336448598,1046.2485981308412,1018.2672897196262,1054.3495327102803,916.2280373831776,968.6317757009346,1192.5457943925235,1022.814953271028,1103.9308411214954,1064.6448598130842,1018.3028037383177,1125.5570093457943,1182.4990654205608,1230.3906542056075,1060.96261682243,1055.6373831775702,979.2878504672897,970.6429906542056,1024.0411214953272,1050.4747663551402,1007.0130841121495,1056.1065420560747,1002.6859813084112,1055.063551401869,1030.4542056074765,1004.7514018691588,981.1102803738318,1077.3644859813085,996.829906542056,1052.2560747663551,1086.8934579439253,1048.3289719626168,977.8373831775701,941.1457943925234,954.8429906542057,988.2317757009346,914.603738317757,946.796261682243,1078.226168224299,1087.7981308411215,956.2411214953271,999.7757009345794,1042.7196261682243,1188.76261682243,1148.6168224299065,1139.0728971962617,970.2336448598131,1017.0317757009345,1006.5532710280373,1044.1420560747663,1152.8504672897195,1163.4280373831775,1111.2392523364485,994.9439252336449,985.6093457943925,1008.2093457943926,1023.7719626168224,1123.641121495327,1092.5028037383177,1076.1046728971962,1021.9289719626169,1039.3084112149534,1032.9532710280373,1162.6429906542055,1150.3028037383178,1255.6859813084113,1103.6392523364486,1082.5607476635514,987.2710280373832,977.8411214953271,1116.203738317757,1058.026168224299,976.1158878504673,1084.970093457944,1089.996261682243,1094.9663551401868,1126.422429906542,1091.4280373831775,1036.388785046729,1083.573831775701,1126.7401869158878,1248.5364485981308,1061.6766355140187,1106.826168224299,1094.6710280373832,1144.0205607476635,1118.252336448598,1091.5682242990654,1045.4168224299065,1242.6261682242991,1175.396261682243,1109.2990654205607,1087.5177570093458,1124.7869158878505,1112.811214953271,1161.9607476635515,1106.4205607476636,1091.7607476635515,1026.3626168224298,1107.0523364485982,1038.5233644859813,950.2336448598131,1150.203738317757,1087.611214953271,1051.985046728972,1069.7252336448598,1062.4280373831775,1133.1084112149533,1043.6859813084113,1112.3009345794392,1100.063551401869,1041.0411214953272,1119.1644859813084,1105.0878504672896,982.8560747663552,1139.9308411214954,1064.3028037383178,1074.6504672897197,994.7308411214954,1117.5308411214953,1074.7588785046728,1060.0728971962617,1061.6691588785047,1033.0504672897196,992.2822429906543,1095.2654205607478,1055.192523364486,1083.0523364485982,1078.3177570093458,1124.5308411214953,1008.4747663551402,1105.6205607476636,1025.7757009345794,1076.5457943925235,1088.0392523364485,1160.917757009346,1112.0785046728972,1095.9457943925233,1170.0205607476635,1253.822429906542,1141.4560747663552,1197.8168224299066,1149.4448598130841,1272.4878504672897,1162.3981308411214,1199.7514018691588,1152.6261682242991,1012.7420560747663,1090.3869158878504,1194.7943925233644,1153.3981308411214,1182.3084112149534,1038.1682242990655,1065.0803738317757,1046.0056074766355,1245.6018691588786,1282.233644859813,1238.2841121495328,1107.766355140187,1035.332710280374,991.418691588785,1183.8280373831776,1129.2205607476635,1303.4355140186915,1154.633644859813,1102.192523364486,1267.7831775700934,1418.2560747663551,1279.4560747663552,1150.2859813084112,1032.7570093457944,1088.8093457943926,1041.8317757009345,1127.007476635514,1150.0747663551401,1164.8766355140187,1097.4859813084113,1080.441121495327,1041.955140186916,1160.6803738317758,1146.8093457943926,1250.7869158878505,1046.411214953271,1158.3626168224298,1024.0355140186916,1114.5906542056075,1098.007476635514,1359.6579439252337,1057.7102803738317,1040.3719626168224,1002.0018691588785,1131.8317757009345,1150.4355140186915,1269.5457943925235,1041.629906542056,1040.2859813084112,931.2149532710281,1075.992523364486,1260.4317757009346,1257.3626168224298,1083.0990654205607,1136.392523364486,1078.03738317757,1232.5831775700935,1157.6056074766354,1151.6934579439253,1107.4560747663552,1102.5028037383177,1143.422429906542,1223.9570093457944,1072.370093457944,1018.9869158878505,1077.459813084112,1290.8411214953271,1410.0616822429906,1581.7214953271027,1247.1084112149533,1208.96261682243,1106.5981308411215,1107.2654205607478,1067.9457943925233,1119.0317757009345,1077.0859813084112,1292.7028037383177,1055.7570093457944,1068.7757009345794,959.7046728971962,1014.1028037383178,955.1065420560748,1008.2672897196262,1074.9084112149533,1231.3289719626168,1188.9719626168223,1104.0859813084112,1029.5644859813085,1123.781308411215,1068.5607476635514,1148.3420560747663,1163.1102803738318,1134.917757009346,1029.988785046729,1034.8766355140187,988.0504672897197,1045.377570093458,1004.8654205607477,1116.777570093458,1076.5252336448598,1168.9476635514018,1200.1551401869158,1367.8056074766355,1085.9140186915888,1108.452336448598,1008.6504672897196,1026.018691588785,973.7757009345794,1104.226168224299,1034.1850467289719,1206.3289719626168,1237.2280373831775,1479.0336448598132,1540.0897196261683,1186.4299065420562,1176.5233644859813,1187.4355140186915,1085.392523364486,1468.9644859813084,1708.9514018691589,1617.0280373831777,1779.6392523364486,1514.0990654205607,1080.7140186915888,1160.4299065420562,1057.7719626168225,1167.992523364486,1159.8971962616822,1466.4242990654207,1791.8448598130842,1564.3364485981308,1401.0915887850467,1582.151401869159,1452.192523364486,1484.8467289719626,1375.3065420560747,1734.9644859813084,2509.0542056074764,3077.385046728972,2416.665420560748,1902.0280373831777,1535.0728971962617,1493.5327102803737,1583.6261682242991,2266.241121495327,2589.9532710280373,1572.5943925233644,1378.5757009345793,1324.6,1316.2579439252336,1334.2616822429907,1159.4355140186915,1302.6990654205608,1203.592523364486,1550.0616822429906,1674.2018691588785,1430.026168224299,1137.332710280374,1223.9289719626167,1172.4971962616823,1466.2971962616823,1861.7252336448598,2341.8915887850467,2536.47476635514,2166.4691588785045,1435.9028037383177,1702.736448598131,1404.4747663551402,1385.6130841121496,1527.8915887850467,1943.411214953271,1706.222429906542,1346.6373831775702,1456.0897196261683,1409.1158878504673,1391.6803738317758,1869.7682242990654,1595.082242990654,1401.9570093457944,1583.433644859813,1504.96261682243,1210.0130841121495,1338.8915887850467,1537.1177570093457,2138.6934579439253,1760.5532710280374,1805.2280373831775,1549.856074766355,1361.1308411214952,1259.8953271028038,1315.0093457943926,1393.6990654205608,1726.9420560747662,1887.4299065420562,1810.7439252336449,2348.500934579439,3010.532710280374,3682.8504672897197,2926.659813084112,2378.267289719626,1887.8411214953271,1718.3738317757009,1491.9046728971962,1201.3289719626168,1324.629906542056,1474.332710280374,1885.4560747663552,2348.463551401869,1736.1495327102805,1329.856074766355,1306.4448598130841,1451.6859813084113,1509.4990654205608,1145.7177570093459,1375.4635514018692,1428.8785046728972,1909.0130841121495,2761.758878504673,3446.0392523364485,1768.5495327102803,1436.3626168224298,1338.9775700934579,1755.6616822429908,2229.6,2147.1794392523366,1478.4317757009346,1430.9570093457944,1354.0971962616823,1628.8915887850467,1505.607476635514,1812.7869158878505,2457.9121495327104,3397.314018691589,2172.1887850467288,2153.9289719626167,2400.1607476635513,1703.192523364486,1367.9943925233645,1462.478504672897,1673.9906542056074,2468.3439252336448,3116.0841121495328,2383.282242990654,1694.8504672897195,1776.2093457943924,2213.0934579439254,1573.011214953271,1214.1364485981308,1365.5233644859813,1225.3009345794392,1300.3158878504673,1263.2242990654206,1517.151401869159,1238.1588785046729,1371.2971962616823,1231.381308411215,1239.4093457943925,1146.4635514018692,1263.8168224299066,1305.4579439252336,1680.8803738317756,1601.6710280373832,1841.4542056074765,1368.792523364486,1392.6168224299065,1206.0523364485982,1306.452336448598,1392.5383177570093,1602.3271028037384,1612.785046728972,1735.7588785046728,1659.996261682243,1690.0542056074767,1490.3943925233646,1590.607476635514,1807.9158878504672,1655.3757009345795,1582.9981308411216,2055.7084112149532,1878.244859813084,1639.1065420560747,1479.2280373831775,1465.1476635514018,1408.2822429906541,1771.0859813084112,2256.919626168224,2542.1252336448597,1767.044859813084,1369.796261682243,1421.2467289719625,1985.7794392523365,1623.6168224299065,1829.188785046729,1973.7046728971964,1953.7196261682243,1857.1495327102805,1774.5308411214953,1590.7233644859814,1709.8504672897195,1346.8859813084111,1428.6990654205608,1382.9383177570094,1508.6971962616822,1395.0803738317757,1500.029906542056,1370.8897196261682,1512.8990654205606,1757.4,1666.8841121495327,1443.856074766355,1557.5028037383177,1488.607476635514,1606.9308411214954,1795.1495327102805,1886.407476635514,1808.173831775701,1816.781308411215,1658.396261682243,1927.777570093458,2232.1719626168224,2647.56261682243,2676.52523364486,2270.9271028037383,1868.4579439252336,2159.8915887850467,2202.6934579439253,2050.4355140186917,1962.5981308411215,2023.0205607476635,1851.8056074766355,1873.0728971962617,1778.4205607476636,1731.6560747663552,1769.4448598130841,1880.6242990654205,1767.6373831775702,2860.781308411215,2966.9831775700936,2000.403738317757,1815.1158878504673,2161.6728971962616,1599.0336448598132,1865.3289719626168,1737.818691588785,1656.196261682243,1795.3757009345795,2198.9345794392525,2766.1719626168224,3048.1140186915886,1796.4841121495326,2019.1028037383178,2765.3906542056075,3964.585046728972,4918.3252336448595,3823.052336448598,2474.8373831775702,1993.1401869158879,2261.9383177570094,2854.366355140187,3110.3121495327105,4171.190654205608,4082.829906542056,3947.207476635514,4668.284112149533,5090.024299065421,4887.979439252336,3300.67476635514,2587.5140186915887,3240.4859813084113,2316.1869158878503,1702.4373831775702,1701.2859813084112,2069.1906542056076,2149.8018691588786,2093.2280373831777,1841.9233644859812,2079.3981308411217,2190.9719626168226,1805.7102803738317,1921.9271028037383,2984.958878504673,3099.4766355140187,2479.1570093457944,2186.8429906542056,2442.022429906542,1886.7140186915888,1951.181308411215,2140.5757009345793,2590.1084112149533,2751.1887850467288,2472.1532710280376,1856.6130841121496,1668.252336448598,1499.1121495327102,1896.2841121495328,2581.2915887850468,2937.973831775701,2400.697196261682,2196.555140186916,1890.5457943925235,2604.128971962617,2948.777570093458,2380.392523364486,3092.9532710280373,3339.4336448598133,2499.4822429906544,3056.3158878504673,3002.467289719626,3008.6728971962616,2370.7682242990654,1935.1196261682244,2148.8467289719624,2866.9065420560746,3875.2579439252336,5064.87476635514,4430.093457943925,4414.6747663551405,3555.1719626168224,3451.861682242991,3153.6934579439253,3555.3065420560747,4013.6093457943925,3816.547663551402,4539.573831775701,4779.411214953271,3175.607476635514,2465.596261682243,1951.8691588785048,2281.0990654205607,2488.9757009345794,3392.5981308411215,3730.648598130841,3406.5906542056073,3532.452336448598,3852.4691588785045,4651.885981308411,5258.082242990654,3584.5644859813083,4015.3102803738316,3953.0841121495328,3016.96261682243,3332.1457943925234,4069.2093457943924,3631.0467289719627,3487.170093457944,3014.515887850467,3894.71214953271,3925.4429906542055,4017.463551401869,3961.8504672897197,4757.3252336448595,3776.618691588785,3165.807476635514,3079.8504672897197,3752.203738317757,3834.7570093457944,3300.0168224299064,2471.7271028037385,2020.8841121495327,1576.7514018691588,1805.1757009345795,1658.4056074766356,1522.2766355140186,1472.003738317757,1675.0205607476635,1430.8,1493.87476635514,1497.0056074766355,1492.6429906542055,1434.173831775701,1537.8280373831776,1643.7233644859814,1826.370093457944,1748.0093457943926,2539.659813084112,3391.985046728972,2978.0990654205607,2235.4598130841123,1554.6878504672898,1323.0915887850467,1622.2859813084112,1860.5121495327103,2205.9065420560746,1494.1065420560747,1656.4130841121496,1555.8766355140187,1682.1345794392523,1822.8953271028038,1859.8205607476636,1296.8205607476636,1409.6990654205608,1443.9532710280373,1685.0485981308411,1803.6766355140187,2021.5289719626169,2451.988785046729,3041.11214953271,2352.5177570093456,2053.6953271028037,2289.248598130841,1649.2392523364485,1408.3439252336448,1496.0093457943926,1438.5028037383177,1767.8859813084111,2442.271028037383,3116.2018691588787,1872.3009345794392,1924.5906542056075,2275.732710280374,2764.7271028037385,3477.3794392523364,2550.0317757009348,1742.332710280374,2444.3046728971963,2089.127102803738,1695.4616822429907,1329.177570093458,1693.785046728972,2029.1214953271028,2624.6280373831773,1897.5327102803737,2228.0168224299064,2305.7345794392522,2165.2,1355.803738317757,1490.6018691588786,1523.003738317757,1938.8448598130842,2636.170093457944,4448.0,5476.94953271028,5795.7401869158875,3283.6242990654205,1804.3345794392524,1375.5140186915887,1413.6560747663552,1253.2168224299066,1482.8616822429906,1498.0971962616823,2080.4355140186917,2363.957009345794,2911.904672897196,3432.777570093458,4236.942056074767,2223.1719626168224,1927.396261682243,1830.0392523364485,2052.7158878504674,2118.6579439252337,3014.385046728972,3905.132710280374,3247.570093457944,2327.3102803738316,3118.5028037383177,2407.7794392523365,1625.4130841121496,1448.2953271028036,1733.7345794392522,2078.7271028037385,3209.7420560747664,2560.8841121495325,1824.8467289719626,1763.2990654205607,2038.5495327102803,2153.8205607476634,2405.3981308411217,2041.5644859813085,1706.2766355140186,2090.052336448598,2148.4392523364486,1951.4953271028037,3122.788785046729,2975.499065420561,1910.4429906542057,1796.7252336448598,2719.244859813084,2897.07476635514,2332.3700934579438,2660.6392523364484,3814.5663551401867,5273.405607476636,3809.392523364486,1985.4392523364486,1606.244859813084,1284.2392523364485,1450.8448598130842,1387.659813084112,1828.7327102803738,1574.8598130841121,1461.6130841121496,1268.4803738317758,1348.0841121495328,1097.3102803738318,1235.6616822429908,1276.1271028037384,1327.603738317757,1362.0579439252338,1373.4186915887851,1101.1757009345795,1431.7700934579439,1463.5158878504674,1356.188785046729,1124.4616822429907,1264.5794392523364,1123.4317757009346,1251.226168224299,1192.9644859813084,1342.1327102803739,1101.641121495327,1264.3233644859813,1089.6766355140187,1405.23738317757,1210.4859813084113,1250.9009345794393,1107.1457943925234,1221.811214953271,1137.8168224299066,1226.2392523364485,1208.0616822429906,1469.659813084112,1160.3476635514019,1238.214953271028,1140.9401869158878,1223.76261682243,1072.8728971962616,1163.3084112149534,1339.0280373831777,1519.2934579439252,1510.0018691588784,1434.6504672897197,1407.2766355140186,1739.3495327102803,1820.8542056074766,1609.747663551402,1712.8859813084111,2377.4803738317755,1613.3345794392524,1304.2429906542056,1154.9065420560748,1261.3644859813085,1256.7757009345794,1178.4392523364486,1091.1869158878505,1315.2990654205607,1068.6093457943925,1288.3626168224298,1103.2990654205607,1261.8168224299066,1182.8859813084111,1178.478504672897,1091.6523364485981,1196.0018691588784,1199.7570093457944,1549.7196261682243,1818.370093457944,1680.2971962616823,1350.4056074766356,1322.9196261682243,1492.2841121495328,1479.6953271028037,1270.5570093457943,1433.1981308411214,1467.4542056074765,1661.2280373831775,1294.459813084112,1188.8168224299066,1166.4822429906542,1302.818691588785,1272.8504672897195,1701.1121495327102,2011.0224299065421,1833.2560747663551,1290.3271028037384,1352.8785046728972,1434.9140186915888,1926.4205607476636,1445.8355140186916,1459.196261682243,1561.8504672897195,1929.755140186916,2095.8056074766355,2117.43738317757,1634.0878504672896,1494.4971962616823,1336.1046728971962,1674.6467289719626,1361.4093457943925,1270.4822429906542,1070.2467289719625,1241.7588785046728,1405.9570093457944,1459.0691588785046,1521.5140186915887,1765.3570093457945,1421.6355140186915,1730.370093457944,2151.155140186916,2306.2635514018693,1595.9570093457944,1703.573831775701,1852.792523364486,1668.478504672897,1555.818691588785,1789.970093457944,1932.6373831775702,2266.3233644859815,1610.2691588785046,1910.4186915887851,2234.2,3001.919626168224,1951.5757009345793,1775.6635514018692,1715.0766355140188,1790.9102803738317,2227.4429906542055,3624.052336448598,4624.829906542056,3475.5457943925235,2755.6728971962616,3342.966355140187,2089.52523364486,1675.8635514018692,2011.3383177570092,2893.4317757009344,2411.92523364486,2727.3065420560747,2472.2242990654204,2634.3009345794394,2466.6,3396.1158878504675,2690.8803738317756,1945.0953271028038,1542.2878504672897,1727.0990654205607,2239.4803738317755,2068.835514018692,1401.9943925233645,1804.203738317757,2696.059813084112,3815.63738317757,2591.0542056074764,3113.0392523364485,3245.947663551402,3085.2130841121493,4218.1158878504675,3383.2691588785046,2323.5663551401867,3810.9943925233647,4746.461682242991,2751.132710280374,2154.211214953271,3309.0822429906543,4993.8,5506.239252336449,4772.611214953271,3724.1233644859813,2852.7981308411213,3006.448598130841,4756.407476635514,6730.98691588785,4582.407476635514,3253.4317757009344,4966.803738317757,8250.394392523365,5648.267289719626,3485.685981308411,2113.8373831775702,1854.9457943925233,2034.5607476635514,3151.3102803738316,3370.2897196261683,3394.988785046729,4118.5046728971965,6282.977570093458,4414.613084112149,2686.6616822429905,2055.2691588785046,1520.3364485981308,1331.0280373831777,1654.6841121495327,1627.5943925233644,2024.747663551402,3133.4971962616823,3440.914018691589,2112.9551401869157,1789.6448598130842,1827.5327102803737,1802.7308411214954,1446.0317757009345,1769.6523364485981,2350.8168224299066,3456.9551401869157,2662.9383177570094,2321.0878504672896,2334.411214953271,1775.441121495327,1493.648598130841,1719.7700934579439,2436.285981308411,2485.448598130841,1615.6242990654205,1632.811214953271,1519.7757009345794,1869.0485981308411,1424.2542056074767,1581.411214953271,1574.856074766355,2212.429906542056,2598.100934579439,2289.2953271028036,1817.5140186915887,1531.781308411215,1413.1420560747663,1620.7682242990654,1508.4803738317758,1563.2485981308412,1885.3570093457945,1808.5719626168225,1450.1476635514018,1514.766355140187,1326.8317757009345,1606.4747663551402,2128.5140186915887,3353.7869158878507,2406.463551401869,1672.4504672897197,1592.8205607476636,1525.7420560747664,1425.3495327102803,1728.5327102803737,1419.0803738317757,1536.3028037383178,1797.6878504672898,2604.36261682243,3543.059813084112,3686.9607476635515,1850.1327102803739,1790.6392523364486,2239.1364485981308,2523.3794392523364,1620.4,1493.9308411214954,1427.3121495327102,2091.723364485981,1896.2280373831775,2198.478504672897,2676.282242990654,2048.506542056075,1975.622429906542,2345.6616822429905,1631.4915887850468,1690.577570093458,2070.7158878504674,2275.299065420561,1361.4186915887851,1397.9345794392523,1174.1831775700934,1310.6878504672898,1251.2897196261683,1447.7084112149532,1388.558878504673,1871.188785046729,2778.9813084112147,2374.3439252336448,1276.596261682243,1283.2056074766356,1231.9140186915888,1517.1271028037384,1216.1158878504673,1458.4560747663552,1163.9794392523365,1459.018691588785,1336.3476635514019,1269.5140186915887,1244.2747663551402,1344.1158878504673,1349.9532710280373,1891.747663551402,2297.267289719626,1759.1028037383178,1581.8205607476636,2597.5607476635514,2621.147663551402,1548.222429906542,1405.5514018691588,1640.7177570093459,1552.396261682243,1544.9140186915888,1222.0990654205607,1527.4635514018692,1860.7140186915888,2358.3383177570095,2753.1757009345793,2056.022429906542,1426.9775700934579,1617.1476635514018,1668.7682242990654,2292.4915887850466,1741.8691588785048,1787.6242990654205,1728.0766355140188,2320.351401869159,1678.5196261682242,1608.9158878504672,1903.4822429906542,2154.6130841121494,1394.9869158878505,1457.6579439252337,1695.3869158878504,2905.7345794392522,3710.388785046729,2184.314018691589,1745.588785046729,1952.9289719626167,1458.23738317757,1516.2,1511.8934579439253,1692.0747663551401,1497.151401869159,1532.4616822429907,1453.5271028037382,2157.366355140187,3688.977570093458,3871.5607476635514,1673.7233644859814,1492.6579439252337,1318.392523364486,1370.5028037383177,1415.403738317757,1648.188785046729,1384.9140186915888,1980.3196261682242,1805.3196261682242,1740.170093457944,1287.1570093457944,1276.8971962616822,1126.063551401869,1298.9233644859812,1235.7102803738317,1526.6616822429908,1748.5532710280374,1970.521495327103,1433.992523364486,1362.452336448598,1238.170093457944,1536.9102803738317,1635.8841121495327,1757.2411214953272,1748.5457943925235,2308.7102803738317,2073.547663551402,1476.332710280374,1366.607476635514,1600.0056074766355,1875.8168224299066,2069.8373831775702,1963.6130841121496,2393.8373831775702,1905.207476635514,1760.5607476635514,1415.618691588785,1652.96261682243,1783.728971962617,1842.263551401869,1406.3009345794392,1668.7420560747664,1839.5158878504674,2866.07476635514,4553.983177570093,5094.897196261682,1910.4,1567.9943925233645,1580.8093457943926,1449.6205607476636,1125.7345794392522,1386.1158878504673,1237.5383177570093,1342.4205607476636,1498.0242990654206,1513.6859813084113,1211.7046728971964,1395.8915887850467,1256.426168224299,1346.2841121495328,1244.777570093458,1532.1906542056074,1419.2878504672897,1604.8990654205606,1906.540186915888,2564.807476635514,1850.0915887850467,1323.1177570093457,1168.96261682243,1370.7196261682243,1324.5383177570093,1883.0504672897196,1667.5177570093458,1608.9158878504672,1221.4635514018692,1570.7252336448598,1695.4504672897197,1600.2990654205607,1185.6523364485981,1298.6579439252337,1190.151401869159,1247.3289719626168,1187.5046728971963,1384.233644859813,1294.1719626168224,1529.2299065420561,1473.188785046729,1546.1532710280374,1391.3102803738318,1417.2485981308412,1354.332710280374,1648.5514018691588,2328.8467289719624,2102.9457943925236,1198.5308411214953,1345.3177570093458,1246.4822429906542,1254.0654205607477,1193.407476635514,1424.358878504673,1528.985046728972,2457.9943925233647,2384.841121495327,1996.2953271028036,1526.1271028037384,1774.170093457944,1705.629906542056,1657.4542056074765,1799.4990654205608,2598.7046728971964,3109.988785046729,2379.9345794392525,1732.6710280373832,2175.0560747663553,2412.6280373831773,2693.0560747663553,1899.0953271028038,2085.373831775701,3393.4598130841123,4053.659813084112,1921.1457943925234,1493.9532710280373,1347.2654205607478,1453.1233644859813,1340.5551401869159,1537.0130841121495,1305.7196261682243,1442.1009345794394,1481.1757009345795,2103.411214953271,3143.0280373831774,4758.3514018691585,3156.2523364485983,2265.7644859813086,1869.822429906542,2335.6411214953273,1801.611214953271,2344.203738317757,2744.5869158878504,1812.5009345794392,1455.8336448598131,1859.2579439252336,2221.1981308411214,2624.940186915888,1744.9495327102804,1808.3831775700935,2259.796261682243,3991.155140186916,6133.005607476635,4276.422429906542,3034.818691588785,2790.770093457944,2595.11214953271,2033.7233644859814,1612.3682242990653,1996.3345794392524,2628.6205607476636,5030.250467289719,4720.9102803738315,2315.2616822429904,1596.611214953271,2027.9570093457944,2738.0392523364485,4057.4915887850466,2301.271028037383,2097.841121495327,2540.2242990654204,3826.6822429906542,2359.32523364486,1653.9570093457944,1360.5383177570093,1504.5084112149532,1565.5570093457943,2134.319626168224,2921.8280373831776,4761.6355140186915,4373.906542056075,5289.306542056075,6844.921495327103,3571.4205607476633,2426.4130841121496,3612.6205607476636,5696.489719626168,5623.3252336448595,3106.626168224299,2426.893457943925,3245.74953271028,6140.846728971963,7224.428037383178,2927.521495327103,1662.7233644859814,1729.5289719626169,1812.0747663551401,1844.4747663551402,1402.1663551401869,1466.5121495327103,1469.4710280373831,1929.9233644859812,1942.755140186916,2951.992523364486,3617.448598130841,4557.826168224299,3369.351401869159,4382.048598130841,6920.3906542056075,5387.127102803738,5736.601869158879,4403.003738317757,2858.3214953271026,3241.9420560747662,3665.633644859813,2200.7457943925233,1569.9981308411216,1666.9383177570094,2222.700934579439,2579.3644859813085,1970.822429906542,2157.0822429906543,1907.0056074766355,2534.128971962617,4358.005607476635,7196.594392523364,3546.207476635514,2066.758878504673,1937.6523364485981,1759.607476635514,1805.1607476635513,2572.970093457944,4447.942056074767,7750.973831775701,6321.117757009346,8136.814953271028,4869.555140186916,3943.128971962617,5365.085981308412,3895.2392523364488,2159.6766355140185,1889.7158878504672,1849.3214953271029,2285.403738317757,3496.723364485981,6168.1420560747665,6458.342056074766,5891.482242990654,5332.835514018691,5690.732710280374,2706.3158878504673,2583.2,2637.3532710280374,2015.6747663551403,1608.7065420560748,1581.351401869159,1590.5794392523364,1876.6542056074766,2437.558878504673,3937.0934579439254,3158.07476635514,4742.699065420561,4474.770093457944,5876.900934579439,7320.409345794393,10380.742056074767,18157.55887850467,13668.665420560748,4560.166355140187,2645.5906542056073,2588.8897196261682,4481.77570093458,4590.663551401869,5613.23738317757,9670.132710280373,7479.009345794392,3343.5869158878504,1838.8672897196261,1599.5383177570093,2140.588785046729,3010.654205607477,4893.917757009346,4968.86168224299,6251.201869158878,3482.777570093458,1878.3158878504673,1592.2429906542056,1627.8093457943926,1566.3495327102803,1888.3364485981308,2274.510280373832,3351.588785046729,6508.046728971963,5239.790654205607,2245.4822429906544,2175.6056074766357,2614.833644859813,4555.357009345795,4540.231775700935,7721.300934579439,6400.456074766355,4240.708411214953,2013.76261682243,1757.181308411215,1868.6635514018692,2124.755140186916,2236.0579439252338,3776.8392523364487,7335.386915887851,6059.198130841121,2525.6242990654205,1888.0654205607477,1500.5981308411215,1669.3308411214953,1629.188785046729,1620.785046728972,1646.381308411215,2270.3233644859815,2019.1831775700934,2032.414953271028,2748.9906542056074,2948.4056074766354,3110.940186915888,5993.072897196262,9150.0,5672.891588785047,7130.641121495327,5853.6224299065425,2511.0728971962617,2145.5495327102803,1783.396261682243,2113.9682242990652,1498.6448598130842,1555.6934579439253,1507.3383177570092,1505.7719626168225,1622.796261682243,2428.3981308411217,4167.773831775701,8475.71214953271,5669.42429906542,3059.5644859813083,1788.056074766355,1578.8467289719626,1350.2018691588785,1338.8878504672898,1384.8336448598131,1486.3719626168224,1371.3308411214953,1666.7009345794393,2085.96261682243,2874.0878504672896,5382.889719626168,5939.2336448598135,2414.4317757009344,2075.532710280374,1999.8093457943926,2036.056074766355,1549.2018691588785,1698.366355140187,1595.1177570093457,1543.4373831775702,1569.173831775701,2429.1981308411214,2889.2803738317757,5764.448598130841,3401.96261682243,1770.8710280373832,1395.3943925233646,1478.5981308411215,1368.014953271028,1478.5831775700935,1428.1682242990655,1532.9719626168223,1458.0336448598132,1813.9943925233645,2177.9682242990652,4142.315887850467,4160.611214953271,2394.714018691589,2207.4355140186917,2229.6018691588783,1702.9289719626167,1739.5084112149532,1485.803738317757,1573.8429906542056,1602.7233644859814,2017.396261682243,2679.8467289719624,3973.4654205607476,8824.12523364486,15417.732710280374,10707.082242990655,4426.570093457944,2370.532710280374,2187.743925233645,1524.3570093457945,1451.4691588785047,1218.9233644859812,1343.7981308411215,1170.0018691588784,1265.8205607476636,1126.3214953271029,1274.4130841121496,1152.4560747663552,1317.7532710280375,1387.5906542056075,1723.992523364486,1511.5644859813085,1613.029906542056,1649.728971962617,1441.3009345794392,1336.8130841121495,1424.1121495327102,1216.1532710280374,1482.8728971962616,1849.5906542056075,2801.6766355140185,1663.426168224299,1462.1345794392523,1386.381308411215,1953.4018691588785,2094.714018691589,2295.9345794392525,1768.629906542056,1567.5682242990654,1344.973831775701,1761.9420560747662,1285.9682242990655,1579.385046728972,2151.472897196262,4013.2915887850468,3288.6467289719626,1962.4635514018692,1319.2280373831775,1362.773831775701,1403.8897196261682,1636.3719626168224,1229.9102803738317,1286.6616822429908,1196.3196261682242,1490.807476635514,1946.4560747663552,1893.3906542056075,2155.6429906542057,2415.652336448598,1693.1588785046729,1741.8691588785048,1548.8990654205606,1499.803738317757,1277.9794392523365,1424.9775700934579,1327.9775700934579,1721.6654205607476,1931.3719626168224,1819.5570093457943,1533.3551401869158,2006.3607476635514,2449.577570093458,2914.9289719626167,2901.5308411214955,2680.1719626168224,1855.6093457943925,1536.588785046729,1389.2766355140186,1544.6429906542055,1562.8710280373832,1603.9046728971962,1418.0915887850467,1590.87476635514,1878.0672897196262,2647.4504672897197,3015.555140186916,2055.844859813084,2236.740186915888,2745.9158878504672,2402.5719626168225,2271.6560747663552,1891.0672897196262,2466.9607476635515,3002.052336448598,3545.6579439252337,3011.740186915888,2168.4766355140187,1761.856074766355,2199.089719626168,3330.041121495327,3314.818691588785,2668.6953271028037,2475.9719626168226,1774.4822429906542,1963.2242990654206,1560.781308411215,1871.1401869158879,2024.0467289719627,2652.340186915888,2335.2280373831777,2060.0,2195.7084112149532,1890.0317757009345,1504.4205607476636,1519.0523364485982,1511.2654205607478,1847.8897196261682,1701.8542056074766,1568.736448598131,1524.4990654205608,1918.9214953271028,1672.8149532710281,2400.336448598131,3156.6579439252337,2153.0654205607475,1659.6355140186915,2273.0317757009348,2810.7476635514017,2376.6897196261684,2928.0579439252338,5167.968224299066,4344.003738317757,2701.495327102804,2422.1626168224298,2142.297196261682,2028.1233644859813,2201.8841121495325,1996.5514018691588,2423.856074766355,1628.351401869159,1769.5140186915887,1884.4355140186915,1839.592523364486,2162.697196261682,3111.285981308411,1998.0672897196262,1761.9757009345794,1996.7028037383177,2702.8579439252335,3286.723364485981,5331.336448598131,7500.960747663551,4699.024299065421,2876.8485981308413,2440.0934579439254,3105.6616822429905,5869.203738317757,8358.566355140187,4096.228037383177,2488.0579439252338,3004.403738317757,4834.099065420561,5385.095327102804,4667.422429906542,2315.340186915888,1799.603738317757,1836.826168224299,1464.3943925233646,2113.852336448598,2151.2205607476635,4278.728971962617,3052.992523364486,2010.0710280373833,1790.377570093458,1932.5308411214953,2524.5084112149534,3327.2429906542056,3843.1102803738318,5660.446728971962,7053.428037383178,9428.366355140188,9724.179439252337,5697.510280373832,7501.282242990655,11802.265420560747,6592.235514018692,4558.697196261683,5515.803738317757,3643.446728971963,3881.0448598130843,3260.011214953271,2826.43738317757,5021.188785046729,8261.766355140187,4730.231775700935,3988.214953271028,7800.0897196261685,10247.57570093458,4370.706542056075,2655.47476635514,3073.697196261682,4120.317757009346,9875.953271028038,12118.003738317757,5818.742056074766,5904.517757009346,8418.390654205608,5068.794392523365,3815.2,4181.551401869159,4388.304672897196,4071.1084112149533,2575.3233644859815,2214.947663551402,3699.8691588785045,3886.422429906542,4074.1626168224298,2639.988785046729,2100.1457943925234,2497.685981308411,2241.6822429906542,1625.7869158878505,1854.5046728971963,2436.7757009345796,5043.710280373832,4115.014953271028,2226.4598130841123,1606.1476635514018,1542.5233644859813,1570.0654205607477,2208.9345794392525,3497.648598130841,5668.801869158879,2722.919626168224,2347.766355140187,2796.951401869159,4085.3682242990653,7609.728971962617,5954.951401869159,3237.9644859813084,2260.951401869159,1768.1869158878505,2292.2897196261683,2629.1981308411214,2128.132710280374,1890.2242990654206,2111.3271028037384,2481.7906542056076,3213.6560747663552,2050.196261682243,1742.2429906542056,1657.3308411214953,1782.3364485981308,2064.5289719626167,1840.4728971962618,1620.2971962616823,1718.9383177570094,1765.5495327102803,1675.1158878504673,1513.459813084112,1743.1570093457944,1570.2168224299066,1530.2747663551402,1507.7308411214954,2531.788785046729,3046.96261682243,4422.22429906542,2409.3532710280374,1701.6,1450.2280373831775,1714.9214953271028,1427.244859813084,1575.6915887850466,1727.1196261682244,3312.3962616822428,3643.6672897196263,2157.835514018692,1687.0766355140188,2279.2261682242993,4854.016822429907,3820.8429906542056,1888.796261682243,1613.4859813084113,1483.659813084112,1537.1644859813084,1447.943925233645,1422.8822429906543,1449.9981308411216,1703.3214953271029,2427.222429906542,2217.211214953271,1549.5345794392524,1521.996261682243,1535.796261682243,1689.985046728972,1506.7308411214954,2301.6018691588783,2054.478504672897,2853.7345794392522,5369.833644859813,7275.1682242990655,3265.4654205607476,2156.1794392523366,1732.0130841121495,1636.7794392523365,1431.207476635514,1991.6822429906542,2278.1308411214955,3570.214953271028,3422.7084112149532,2098.732710280374,1593.392523364486,1449.8280373831776,1227.9943925233645,1315.2953271028036,1178.1981308411214,1320.1308411214952,1426.3140186915887,1931.8971962616822,1327.1495327102805,1232.426168224299,1065.9644859813084,1150.9644859813084,1073.1158878504673,1180.459813084112,1107.7252336448598,1339.1177570093457,1311.5757009345793,2094.418691588785,2945.499065420561,7965.128971962617,10429.226168224299,5466.461682242991,3129.0186915887853,2019.5177570093458,1404.0598130841122,1412.558878504673,1540.4579439252336,1547.6448598130842,1207.7158878504672,1312.3439252336448,1143.211214953271,1289.3364485981308,1691.7140186915888,2772.6093457943925,2241.921495327103,1643.6785046728971,1410.4747663551402,1504.011214953271,1262.4448598130841,1326.003738317757,1260.8803738317756,1433.1401869158879,1314.3981308411214,1526.3626168224298,1342.2018691588785,1557.018691588785,1786.5570093457943,2113.6168224299067,2242.3700934579438,2505.1345794392523,1661.3719626168224,1556.5607476635514,1312.4093457943925,1372.803738317757,1351.5028037383177,1841.2841121495328,2289.547663551402,1837.6971962616822,1404.2,1438.9065420560748,1431.6691588785047,1441.1943925233645,1177.218691588785,1168.170093457944,1340.0897196261683,1428.5831775700935,1331.2018691588785,1815.9757009345794,1540.4803738317758,1617.629906542056,1798.8971962616822,1670.370093457944,1530.388785046729,1637.388785046729,1549.392523364486,1860.8056074766355,1660.7906542056076,2311.041121495327,1770.5439252336448,1477.1943925233645,1339.7401869158878,1820.5009345794392,1195.592523364486,1391.0598130841122,1258.6728971962616,1450.588785046729,1529.196261682243,1640.588785046729,1552.8018691588786,1623.1850467289719,1318.9682242990655,1397.4579439252336,1480.9644859813084,1557.4915887850468,1261.2691588785046,1392.9457943925233,1673.9401869158878,1806.5196261682242,2197.1084112149533,1930.3831775700935,1693.4672897196263,1581.6504672897197,1340.3943925233646,1443.3794392523364,1361.7831775700934,1513.0485981308411,1307.5570093457943,1436.377570093458,1456.5532710280374,1462.358878504673,1270.6,1400.6710280373832,1280.1308411214952,1796.2691588785046,1284.4429906542057,1448.0990654205607,1631.2485981308412,2128.6672897196263,1567.1757009345795,1683.0467289719627,1948.411214953271,3508.6841121495327,3149.0728971962617,4630.383177570094,3018.8429906542056,2294.5906542056073,1786.5420560747664,1592.9663551401868,1428.2616822429907,1520.0093457943926,1236.4299065420562,1348.6392523364486,1231.1476635514018,1420.9532710280373,1455.5570093457943,2124.5682242990656,2982.7644859813086,2813.128971962617,3270.8056074766355,2670.196261682243,1908.4841121495326,1845.4299065420562,1764.7177570093459,2237.173831775701,3565.9644859813084,3150.9644859813084,1847.6897196261682,1744.7158878504672,1463.3644859813085,1576.5327102803737,1709.1644859813084,1649.3233644859813,1466.063551401869,1581.9682242990655,1402.2205607476635,1508.8542056074766,1803.985046728972,3447.8859813084114,6100.994392523365,4424.332710280374,2977.3420560747663,2964.0168224299064,2242.366355140187,1870.0728971962617,1687.8467289719626,2000.9644859813084,1845.1046728971962,1925.2168224299066,2861.6579439252337,5245.613084112149,3036.7345794392522,2326.36261682243,2551.041121495327,3255.3700934579438,3034.1308411214955,2415.893457943925,2981.0672897196264,5786.059813084112,3305.7607476635512,2759.4803738317755,3534.740186915888,6881.601869158879,11651.52523364486,6633.046728971963,3552.8317757009345,2742.2915887850468,2582.2728971962615,2483.0,2334.4691588785045,2319.570093457944,2837.203738317757,6401.093457943925,4554.143925233645,3195.155140186916,3146.0355140186916,2777.1084112149533,2105.6056074766357,2272.8242990654207,3678.6411214953273,6480.573831775701,5864.302803738317,3468.03738317757,2400.8130841121497,1945.5551401869159,1660.0766355140188,2213.2168224299066,4077.785046728972,4201.078504672897,3493.5831775700935,6040.9626168224295,4905.151401869159,4006.484112149533,5180.672897196262,10273.568224299066,11525.229906542056,7725.527102803739,5794.420560747663,3545.904672897196,2386.6579439252337,2026.9289719626167,1783.747663551402,2198.74953271028,1823.3532710280374,1808.6205607476636,2213.717757009346,1962.8542056074766,1581.973831775701,1647.1196261682244,1576.3065420560747,2029.7439252336449,2252.0616822429906,2522.622429906542,2451.4355140186917,2893.299065420561,5400.381308411215,16182.407476635513,22648.171962616823,12295.56261682243,7731.841121495327,6242.388785046729,7357.5476635514015,10345.919626168225,6928.3121495327105,7867.4168224299065,4816.852336448598,3795.543925233645,3817.426168224299,3099.203738317757,2297.844859813084,2151.9794392523363,2138.8373831775702,3540.743925233645,2875.3439252336448,3555.7196261682243,4962.026168224299,3773.0672897196264,2734.085981308411,2164.4280373831775,1687.3084112149534,1761.5383177570093,1701.0616822429906,1965.5943925233644,1844.4766355140187,2011.388785046729,2563.7457943925233,2493.328971962617,2838.740186915888,3152.2579439252336,2191.095327102804,2361.0672897196264,2216.6728971962616,2028.222429906542,1737.381308411215,2278.6504672897195,1913.777570093458,3455.467289719626,9042.480373831775,7435.366355140187,4014.4018691588785,2757.0766355140186,2306.841121495327,2846.5607476635514,2368.2056074766356,2154.2467289719625,1994.3794392523364,2973.185046728972,2448.792523364486,2226.8130841121497,2177.8803738317756,2338.3906542056075,3047.56261682243,7121.132710280373,12854.158878504673,9949.214953271028,11190.398130841122,6074.435514018692,3852.2897196261683,2910.92523364486,2118.755140186916,1881.7588785046728,1710.5626168224298,1849.8205607476636,1867.3084112149534,2142.381308411215,2097.411214953271,2537.2130841121493,2014.8822429906543,2683.463551401869,3180.0654205607475,2476.3308411214953,1944.540186915888,1831.592523364486,1801.2971962616823,2211.11214953271,2745.6280373831773,4681.029906542056,10489.880373831777,8498.121495327103,4420.216822429907,3435.871028037383,3183.345794392523,2617.5794392523367,2090.992523364486,2377.022429906542,3081.6037383177572,2638.0560747663553,3335.7981308411213,6646.0635514018695,9971.284112149533,6405.358878504673,3570.996261682243,2648.758878504673,2308.229906542056,2017.7682242990654,1578.1383177570094,1648.16261682243,1414.8411214953271,1892.0598130841122,1426.8523364485982,1907.385046728972,2079.7682242990654,2048.728971962617,2719.7196261682243,2407.8280373831776,1917.5532710280374,2392.770093457944,2212.1719626168224,2098.6280373831773,2240.011214953271,2195.1046728971965,1730.5570093457943,1944.9046728971962,2260.9719626168226,4224.545794392523,8966.854205607477,5830.1158878504675,3897.527102803738,2910.106542056075,2713.758878504673,2325.882242990654,1727.1327102803739,1738.478504672897,1831.0224299065421,1905.6242990654205,1976.8822429906543,3703.299065420561,9432.27663551402,7085.897196261682,4618.472897196261,4100.964485981309,3568.0878504672896,5196.2467289719625,4293.515887850467,7021.183177570094,18168.041121495327,15370.117757009346,8876.807476635515,6994.484112149533,4491.024299065421,3931.5719626168225,4791.629906542056,4115.829906542056,2812.6392523364484,2724.28785046729,3835.2205607476635,7962.818691588785,7502.809345794392,4475.157009345794,3245.9065420560746,3080.2355140186914,4649.878504672897,9049.897196261682,6376.966355140187,5975.7532710280375,4208.994392523365,3300.52523364486,3105.9271028037383,5074.222429906542,10695.345794392524,12857.390654205608,14091.031775700934,9301.902803738318,5592.856074766355,4150.8,3032.089719626168,3181.25046728972,3726.7981308411213,2717.3588785046727,2370.351401869159,2539.706542056075,2362.966355140187,1993.5289719626169,1751.1607476635513,1817.7009345794393,1469.5364485981308,1621.9252336448599,1976.358878504673,2775.9532710280373,3736.9121495327104,6920.669158878504,11066.194392523365,19872.934579439254,12124.747663551401,8678.614953271028,10109.164485981308,7612.734579439252,8299.568224299066,12831.271028037383,7371.140186915888,4868.732710280374,3465.0392523364485,2848.3420560747663,2115.1794392523366,2315.1084112149533,1716.3233644859813,1871.0766355140188,2579.493457943925,6755.27476635514,17699.998130841122,12385.966355140186,7381.829906542056,5564.895327102804,4237.439252336449,4367.5570093457945,6780.211214953271,18953.56261682243,34723.62990654205,20681.91401869159,12940.685981308412,10729.783177570094,7062.36261682243,5786.426168224299,6144.076635514019,4538.919626168225,4913.7532710280375,4423.252336448598,3389.2691588785046,3096.5383177570093,2495.5682242990656,2965.659813084112,3433.506542056075,3179.4280373831775,4658.579439252337,14374.510280373832,29252.248598130842,19860.779439252336,11828.502803738318,7992.457943925234,6400.657943925234,8885.095327102803,16548.60186915888,21476.26355140187,18125.0261682243,17436.882242990654,14705.28598130841,9893.983177570093,8476.727102803738,7785.061682242991,5137.869158878505,3329.085981308411,2663.510280373832,2350.777570093458,2024.4205607476636,2260.3962616822428,2851.392523364486,3430.893457943925,4814.979439252336,3626.844859813084,2648.958878504673,2336.581308411215,2114.5345794392524,2042.007476635514,1867.6822429906542,2462.302803738318,2757.4093457943927,2330.0018691588784,1850.2093457943924,2279.5719626168225,2582.0934579439254,4290.323364485981,5974.934579439252,4669.007476635514,3977.680373831776,7355.65046728972,9671.089719626169,9923.777570093458,10968.83738317757,7001.543925233645,7907.160747663552,17405.745794392522,14706.519626168225,14509.6,11319.8,7019.009345794392,5349.330841121496,4469.2205607476635,3481.5943925233646,3161.6560747663552,3022.8056074766355,3137.6037383177572,2552.6392523364484,2755.8467289719624,3284.9943925233647,4953.947663551402,9089.568224299066,17810.198130841123,18199.55327102804,10936.035514018691,7176.28785046729,7426.059813084112,10591.91214953271,9425.071028037382,6277.796261682243,5881.682242990654,4453.869158878505,3719.4598130841123,3590.0504672897196,2801.9831775700936,2065.4392523364486,1935.9644859813084,1715.478504672897,1789.1177570093457,1524.8205607476636,1798.5420560747664,2859.9869158878505,6255.0635514018695,17589.170093457942,18072.603738317757,11251.476635514018,7966.652336448598,6249.198130841121,6516.018691588785,5369.011214953271,4161.218691588785,3767.7084112149532,3745.92523364486,3372.0560747663553,4498.6485981308415,4597.226168224299,3270.8971962616824,3331.63738317757,6530.420560747663,4346.308411214954,3053.1420560747665,2253.489719626168,2414.422429906542,2934.1981308411214,2946.472897196262,2516.7457943925233,3042.3121495327105,3661.192523364486,3329.618691588785,5067.684112149533,14880.895327102804,13598.86168224299,9158.728971962617,10576.05046728972,9414.0261682243,6912.05046728972,8328.915887850468,6530.121495327103,4143.871028037383,2855.0766355140186,2545.7644859813086,1996.5271028037382,2227.5663551401867,2740.8803738317756,2762.1420560747665,2330.826168224299,2176.218691588785,1898.407476635514,1902.1383177570094,2191.4093457943927,2896.0710280373833,1894.151401869159,1765.7271028037383,1493.8429906542056,1497.4056074766356,1637.2392523364485,1874.9794392523365,1785.8915887850467,2051.117757009346,1664.1532710280374,1719.0411214953272,1731.0598130841122,2237.910280373832,2307.2261682242993,2206.2523364485983,2938.2280373831777,4974.024299065421,4431.0,3234.0280373831774,2335.9345794392525,1957.9196261682243,1681.4990654205608,1803.4934579439253,1622.6093457943925,1784.8018691588786,1722.188785046729,1743.607476635514,2399.3757009345795,3046.0616822429906,5650.188785046729,5892.998130841122,4041.089719626168,4529.585046728972,7924.915887850468,7614.177570093458,5700.527102803739,5079.91214953271,6942.357009345795,6498.897196261682,5468.955140186916,5925.218691588785,4626.028037383177,3794.988785046729,5505.185046728972,5729.94953271028,7713.607476635514,12106.642990654205,7903.059813084112,6279.657943925234,6834.927102803738,5341.3252336448595,4421.334579439253,3268.229906542056,2321.9233644859814,2163.8654205607477,2383.407476635514,4939.553271028038,6126.614953271028,5432.186915887851,4248.573831775701,3065.0971962616823,2516.8168224299066,3272.9121495327104,2877.622429906542,2883.07476635514,2176.3532710280374,2055.32523364486,2540.07476635514,5767.553271028038,5407.228037383177,4034.36261682243,2994.0280373831774,3426.633644859813,4186.340186915888,4961.9102803738315,6392.996261682243,9971.46355140187,6529.979439252336,6658.902803738318,9285.211214953271,10808.351401869159,9850.70093457944,14256.63738317757,9121.801869158879,5862.811214953271,4576.4,3553.8,2399.6822429906542,1912.1233644859813,1474.340186915888,1433.1831775700934,1312.3981308411214,1692.618691588785,2936.4168224299065,4406.42429906542,3163.6392523364484,2945.9439252336447,2991.7214953271027,4288.261682242991,12842.8,19562.353271028038,12219.981308411216,9476.370093457945,9258.16261682243,12701.790654205608,8525.792523364486,5880.691588785046,5921.973831775701,4364.0373831775705,3162.63738317757,3023.089719626168,5929.854205607477,13041.6,12748.280373831776,7867.3644859813085,5012.895327102804,4089.0934579439254,4177.130841121495,3984.919626168224,3461.164485981308,6069.570093457944,8275.818691588785,12382.730841121494,11731.957009345795,25362.521495327102,30194.300934579438,19827.770093457944,15270.957009345795,22449.742056074767,18792.028037383177,13513.457943925234,8982.272897196262,6753.278504672897,5364.117757009346,4210.616822429906,2969.6934579439253,2693.089719626168,3662.9794392523363,9533.383177570093,14298.29906542056,9899.185046728971,8809.246728971963,19272.94953271028,22446.254205607478,14981.03738317757,10722.280373831776,11791.57570093458,17448.816822429908,21390.1214953271,28969.413084112148,19078.467289719625,11541.459813084111,7664.596261682243,5352.9364485981305,4000.022429906542,3778.3700934579438,4411.489719626168,3135.867289719626,2526.0504672897196,2065.328971962617,2502.0579439252338,3180.5084112149534,5314.054205607476,15904.063551401869,17997.48598130841,11225.867289719627,8842.52523364486,7625.904672897196,5669.181308411215,3952.4654205607476,3176.9644859813084,3312.732710280374,9567.114018691589,16029.867289719627,10562.392523364486,10476.467289719627,11426.41121495327,8898.10093457944,15257.818691588785,14560.56448598131,9165.065420560748,5729.758878504673,4122.71214953271,3577.3046728971963,2970.4766355140187,2059.8168224299066,1798.0523364485982,1554.4504672897197,1529.6448598130842,1532.973831775701,1628.1607476635513,1928.8579439252337,2267.095327102804,1791.056074766355,2331.4542056074765,2088.5831775700935,2071.822429906542,2287.489719626168,2402.5906542056073,2328.499065420561,2057.985046728972,1700.222429906542,1881.1233644859813,1770.8691588785048,1881.592523364486,1524.3495327102803,1371.9233644859812,1435.8542056074766,1559.5981308411215,2405.100934579439,4607.336448598131,4803.955140186916,6081.005607476635,11974.003738317757,8899.15140186916,6217.244859813084,5975.360747663552,6456.77570093458,4778.252336448598,3452.9383177570094,3024.4205607476633,2556.7757009345796,2898.882242990654,3725.67476635514,7279.646728971963,13324.119626168223,9413.96261682243,6036.914018691588,5094.267289719626,7698.618691588785,9638.41308411215,13338.715887850467,14540.98691588785,14933.297196261683,9350.370093457945,6312.930841121495,5562.2859813084115,4424.704672897196,3179.2392523364488,2484.8971962616824,2411.7981308411213,2743.388785046729,6819.048598130841,6897.818691588785,7261.871028037383,7611.009345794392,6900.383177570094,5115.257943925234,4548.263551401869,3563.47476635514,2813.7532710280375,2488.2579439252336,2511.6280373831773,2505.9607476635515,4259.730841121495,11309.23738317757,10054.4,7249.048598130841,7066.456074766355,12257.491588785047,25815.26355140187,19428.142056074765,12368.553271028037,8487.201869158878,6395.155140186916,5071.394392523364,6069.841121495327,17397.940186915886,28582.25981308411,22777.519626168225,15490.246728971963,10178.805607476635,7523.177570093458,7119.308411214954,14674.52523364486,15532.743925233644,18259.48598130841,27382.29906542056,19861.37570093458,16972.919626168223,26582.293457943924,20868.83925233645,13293.379439252336,8689.366355140188,6068.271028037383,4637.9626168224295,3479.5682242990656,2787.8971962616824,3190.222429906542,4331.186915887851,9767.155140186916,19670.319626168224,13888.72336448598,8784.55140186916,7099.551401869159,6070.842990654206,4558.633644859813,3594.248598130841,3685.506542056075,5402.145794392523,7478.715887850467,16981.543925233644,28279.031775700936,25044.979439252336,15316.222429906542,10455.530841121496,10217.052336448598,7366.869158878505,4885.448598130841,3818.6037383177572,3573.585046728972,4262.652336448598,7082.796261682243,5519.859813084112,3993.0971962616823,3087.271028037383,3502.1757009345793,9917.134579439253,13233.033644859814,11394.493457943925,7887.659813084112,5532.717757009345,5436.988785046729,3936.3943925233643,3132.0242990654206,2710.2317757009346,2657.3009345794394,3865.92523364486,11696.03738317757,11282.607476635514,7295.897196261682,5091.108411214953,5178.336448598131,9824.708411214953,22128.011214953272,21177.641121495326,13551.310280373831,9104.229906542056,6293.3906542056075,4379.897196261682,3444.7364485981307,2962.2,2958.489719626168,6343.85046728972,12450.242990654206,8381.267289719626,6661.577570093458,6209.760747663551,4756.186915887851,3302.392523364486,2956.23738317757,2782.0710280373833,2619.8691588785045,2338.553271028037,3777.2523364485983,9253.284112149533,13585.947663551402,9695.557009345794,8299.441121495327,5395.723364485982,3885.6130841121494,3038.128971962617,2691.7457943925233,2466.930841121495,5581.633644859813,17463.51214953271,24246.123364485982,16688.992523364486,10286.128971962617,6683.960747663551,4806.4168224299065,3401.6766355140185,2703.9028037383177,2508.2261682242993,3325.03738317757,2982.9794392523363,3379.0560747663553,3913.192523364486,7974.947663551402,18446.92336448598,21664.783177570094,17525.504672897197,15402.82429906542,19965.642990654207,14100.555140186916,8595.480373831775,5954.205607476635,4533.6,3789.1981308411214,3302.276635514019,3228.951401869159,4749.846728971963,4734.943925233645,3728.3719626168227,5253.7009345794395,11414.585046728971,8547.897196261682,5579.676635514019,5755.785046728972,7964.934579439252,6280.3514018691585,7686.231775700935,13628.545794392523,9828.607476635514,6617.951401869159,4565.594392523364,4907.620560747663,13578.751401869158,15430.54953271028,10540.190654205608,7126.549532710281,5476.656074766355,5964.942056074767,7997.540186915888,8176.291588785047,5621.549532710281,4950.618691588785,3297.5383177570093,2818.671028037383,2873.4317757009344,2476.229906542056,2258.0934579439254,1998.441121495327,1631.3682242990653,1528.7570093457944,1729.5364485981308,2227.2056074766356,1810.0485981308411,1737.781308411215,1469.2728971962617,2034.4710280373831,4115.256074766355,4619.927102803738,4268.657943925234,6233.171962616822,5404.132710280373,6519.56261682243,12064.153271028037,8837.730841121494,5870.7925233644855,4889.971962616823,10404.0,11990.56261682243,7245.678504672897,4810.708411214953,3741.3495327102805,4666.2467289719625,4747.441121495327,3844.2915887850468,5224.672897196262,13833.031775700934,10862.457943925234,7566.7532710280375,7229.63738317757,14402.809345794392,11385.900934579438,7261.708411214953,4841.523364485981,4443.938317757009,3758.542056074766,3627.973831775701,2515.5644859813083,2102.1308411214955,2840.5401869158877,3172.1345794392523,2396.76261682243,2372.43738317757,1970.1869158878505,1746.211214953271,1374.226168224299,1413.785046728972,1390.12523364486,2307.4205607476633,2471.7532710280375,2503.248598130841,2972.3607476635516,2663.833644859813,2243.347663551402,2263.1570093457944,2465.1084112149533,2540.0728971962617,1783.1158878504673,2015.0691588785046,2775.9233644859814,3746.267289719626,4808.91214953271,5506.056074766355,4634.63738317757,4998.2205607476635,4179.534579439252,4886.482242990654,3546.0448598130843,3864.6093457943925,3809.1943925233645,3034.0,2405.185046728972,2202.1757009345793,2280.022429906542,3700.5607476635514,9092.94953271028,9064.368224299065,5919.545794392523,4091.515887850467,2936.1401869158876,2298.553271028037,1817.3476635514019,1822.1102803738318,1847.7401869158878,2227.614953271028,1979.441121495327,2518.8280373831776,2510.4822429906544,2427.0504672897196,2114.8392523364487,2194.3214953271026,3728.930841121495,6232.771962616823,6403.269158878505,6345.9364485981305,5549.314018691589,8556.061682242991,19481.097196261682,14629.353271028038,9710.624299065421,7381.809345794392,5883.381308411215,3871.9028037383177,2685.1532710280376,2284.951401869159,2055.9177570093457,1872.8934579439253,1528.4317757009346,1639.2242990654206,1961.5495327102803,2723.8317757009345,3605.448598130841,4493.534579439252,3023.418691588785,2302.7158878504674,1748.5644859813085,1607.9158878504672,1361.6579439252337,2075.826168224299,2295.293457943925,2035.3719626168224,1683.981308411215,2941.8429906542056,2870.351401869159,2368.7271028037385,2202.328971962617,2491.407476635514,2071.463551401869,1708.5121495327103,1378.641121495327,1373.4616822429907,1212.848598130841,1545.1663551401869,1616.6897196261682,1623.5009345794392,1405.12523364486,1372.970093457944,1208.014953271028,1297.388785046729,1216.1214953271028,1534.2093457943924,1289.2485981308412,1537.4841121495326,1859.4355140186915,2211.2953271028036,4725.826168224299,7141.951401869159,6051.358878504673,4053.8467289719624,2669.3102803738316,2304.67476635514,1993.6953271028037,1939.3084112149534,1800.4504672897197,1711.992523364486,1455.4915887850468,1591.0130841121495,1894.7158878504672,4268.386915887851,15272.706542056074,13198.84859813084,8484.760747663551,6406.2336448598135,4925.738317757009,3367.973831775701,2330.585046728972,2475.899065420561,3793.996261682243,2961.4,2187.9682242990652,1893.588785046729,1552.4,1453.7214953271027,1351.3719626168224,2006.6429906542055,3636.3308411214953,3465.2897196261683,2349.0710280373833,2050.6205607476636,2296.1981308411214,2834.8859813084114,2280.8130841121497,2146.452336448598,1651.4299065420562,1625.0205607476635,1329.6018691588786,1415.0429906542056,1783.370093457944,4025.2242990654204,3094.7532710280375,2266.3532710280374,1719.4280373831775,1859.8822429906543,2421.7457943925233,2170.3046728971963,1635.7401869158878,1561.5869158878504,1197.4186915887851,1178.2785046728973,1219.7308411214954,1302.7102803738317,1519.822429906542,2510.5121495327103,6143.667289719626,6673.403738317757,4586.306542056075,4104.852336448598,5196.422429906542,5198.179439252336,3631.685981308411,4327.444859813084,3146.9831775700936,2550.7682242990654,1843.7794392523365,1625.9495327102804,1324.5682242990654,1375.3532710280374,1167.2242990654206,1340.9009345794393,1256.618691588785,1610.970093457944,1983.9140186915888,2408.1420560747665,1886.0766355140188,1690.0654205607477,1572.5140186915887,2398.4654205607476,3291.728971962617,5338.551401869159,20100.48971962617,36289.489719626166,22955.57196261682,13404.351401869159,8409.915887850468,5527.842990654206,3394.2018691588787,2393.936448598131,1684.7252336448598,1603.4710280373831,1430.2411214953272,1570.588785046729,1689.9289719626167,1822.2822429906541,1645.8336448598131,1681.1327102803739,1976.9102803738317,2520.3700934579438,2014.7028037383177,1901.3364485981308,1565.366355140187,1698.3009345794392,1878.014953271028,2098.7943925233644,1804.8317757009345,1880.614953271028,1595.1121495327102,1662.9943925233645,1681.392523364486,2831.2,4961.553271028038,15635.6,30034.467289719625,18909.783177570094,10781.469158878504,7192.730841121495,4636.685981308411,3891.9345794392525,4549.871028037383,5077.790654205607,4453.979439252336,3170.170093457944,2248.785046728972,2246.829906542056,3352.4,8987.183177570094,27463.676635514017,19981.51028037383,11039.740186915888,7440.829906542056,5311.699065420561,4283.820560747664,3022.9831775700936,2588.100934579439,3595.2168224299066,4521.543925233645,2965.702803738318,2563.8392523364487,2318.452336448598,2145.921495327103,2319.5794392523367,2420.9345794392525,1895.5794392523364,1629.6579439252337,1441.4934579439253,1423.7271028037383,1555.8728971962616,1930.3028037383178,2729.8280373831776,4048.0205607476637,3843.456074766355,2809.1364485981308,2128.2242990654204,1917.192523364486,1458.4280373831775,1392.4,1269.2934579439252,1380.7420560747664,1206.1271028037384,1261.1140186915889,1240.3607476635514,1301.7906542056076,1296.056074766355,1416.7644859813083,1103.188785046729,1163.0710280373833,1069.4542056074765,1296.029906542056,1562.403738317757,2018.755140186916,1593.2654205607478,1526.0336448598132,1908.1682242990655,2053.414953271028,1523.8616822429906,1383.3869158878504,1404.7514018691588,1620.7271028037383,1709.6841121495327,1563.818691588785,1198.7570093457944,1227.4299065420562,1198.173831775701,1588.12523364486,1380.2897196261683,1294.4467289719626,1216.0317757009345,1495.6859813084113,2016.4897196261682,3600.3831775700933,2417.985046728972,1969.5981308411215,2000.2429906542056,3031.919626168224,2058.271028037383,1647.4710280373831,1337.5009345794392,1352.0616822429906,1461.5065420560747,1693.0317757009345,1456.1757009345795,2107.23738317757,1810.8018691588786,1520.4766355140187,1237.2841121495328,1229.7588785046728,1190.4841121495326,1756.23738317757,5864.704672897196,6242.482242990654,3803.951401869159,3074.9551401869157,2263.9457943925236,1792.2953271028036,1941.4728971962618,2091.6785046728974,1663.4,1626.5158878504674,1442.7158878504672,1340.1140186915889,1266.403738317757,1913.8542056074766,2079.3607476635516,1807.0747663551401,2653.8168224299066,2892.9794392523363,1842.3738317757009,1619.4747663551402,1264.521495327103,1272.218691588785,1351.8672897196261,2863.940186915888,13461.27476635514,12927.770093457944,7968.811214953271,5288.8579439252335,4633.951401869159,6237.428037383178,3785.457943925234,2438.0504672897196,2120.4971962616823,3026.861682242991,2324.241121495327,1731.3719626168224,1297.3046728971963,1267.6859813084113,1179.9196261682243,1254.214953271028,1137.3682242990653,1249.0317757009345,1448.0485981308411,2135.042990654206,7979.654205607477,20996.743925233644,15382.945794392523,8139.900934579439,4750.016822429907,3022.3588785046727,1917.588785046729,1979.7401869158878,2559.652336448598,2071.6037383177572,1755.5308411214953,2237.4130841121496,1925.4299065420562,1723.1794392523364,1382.5607476635514,1550.9158878504672,1676.7028037383177,1673.0654205607477,2105.9644859813084,4734.7401869158875,7419.177570093458,6412.506542056075,4038.3327102803737,3193.9532710280373,4787.343925233645,4188.708411214953,3972.6205607476636,3548.248598130841,3029.3831775700933,2317.2654205607478,1738.917757009346,1539.8,1325.6467289719626,1298.3943925233646,1072.478504672897,1101.2056074766356,1067.2766355140186,1150.8822429906543,1051.9775700934579,1238.4504672897197,1054.5607476635514,1117.2803738317757,955.9532710280374,1104.9327102803738,1151.03738317757,1374.1644859813084,1241.2878504672897,1276.6242990654205,1292.8934579439253,2138.3532710280374,2214.1420560747665,2825.2785046728973,2843.9495327102804,2560.867289719626,2204.3570093457943,1875.056074766355,1872.2766355140186,2923.03738317757,4132.095327102804,3743.373831775701,2958.426168224299,2565.2803738317757,2007.7514018691588,1738.7327102803738,1449.4,1388.8822429906543,1264.0878504672896,1631.4317757009346,4714.715887850467,7922.291588785047,5160.472897196261,3441.6467289719626,2197.351401869159,1968.4467289719626,3253.9271028037383,3024.9813084112147,2174.03738317757,3052.6299065420562,8987.265420560747,12392.652336448598,11069.968224299066,6200.497196261682,3634.6056074766357,2569.5719626168225,1896.3943925233646,2786.177570093458,6987.553271028038,5339.596261682243,2945.697196261682,2017.4130841121496,1463.4280373831775,1352.4859813084113,1665.6822429906542,3376.3869158878506,3365.3719626168227,3171.452336448598,2277.100934579439,2704.3981308411217,8386.818691588785,13452.061682242991,14738.203738317758,8045.577570093458,4378.697196261683,3529.4766355140187,5758.403738317757,16542.6,10704.089719626169,5440.171962616822,4264.248598130841,3596.841121495327,2081.472897196262,1750.6504672897197,1347.9345794392523,1486.7570093457944,1714.3046728971963,1555.0280373831777,1434.7046728971964,1733.211214953271,1578.233644859813,2242.5607476635514,4562.553271028038,3403.8598130841124,1877.0747663551401,1507.8336448598131,1166.7308411214954,1322.9420560747662,1665.1943925233645,1447.755140186916,1145.6317757009347,1420.4168224299065,2066.0392523364485,2255.796261682243,1959.8859813084111,2921.7906542056076,2199.155140186916,2238.755140186916,5189.08785046729,4491.887850467289,2793.0971962616823,2015.4616822429907,1643.2485981308412,3829.659813084112,3727.029906542056,2432.267289719626,2452.6018691588783,3711.510280373832,3096.914018691589,3784.908411214953,3564.5177570093456,3420.155140186916,6662.388785046729,11765.36261682243,7378.465420560748,4043.418691588785,2369.1495327102803,1898.6429906542055,1385.188785046729,1321.6710280373832,1168.603738317757,1261.1981308411214,1390.2915887850468,3586.74953271028,7711.773831775701,5337.577570093458,3026.059813084112,4239.41308411215,12480.633644859812,10103.472897196261,4923.265420560748,3205.680373831776,2975.592523364486,4480.252336448598,4399.209345794393,3630.607476635514,2462.8317757009345,1801.7233644859814,1247.029906542056,1113.8990654205606,1108.6168224299065,1278.6317757009347,1121.8915887850467,1096.2915887850468,1296.7869158878505,2122.510280373832,1930.3644859813085,1748.667289719626,2314.347663551402,4585.555140186916,3834.7252336448596,2643.1046728971965,1997.3084112149534,5819.3775700934575,14700.218691588785,20698.532710280375,12303.127102803739,5423.203738317757,2597.0934579439254,1737.1177570093457,1276.917757009346,1828.7439252336449,1713.9719626168223,1434.0897196261683,1165.87476635514,1193.8336448598131,1067.233644859813,1151.7046728971964,1124.4859813084113,1435.9420560747662,1610.6542056074766,3062.3962616822428,14467.764485981308,23739.56635514019,12747.033644859814,5512.728971962617,2876.1514018691587,1890.788785046729,1369.7140186915888,1428.1607476635513,1344.4205607476636,1321.8429906542056,1198.1457943925234,1203.4429906542057,1304.414953271028,1603.6822429906542,1839.188785046729,1792.3271028037384,1486.151401869159,1560.478504672897,1706.4635514018692,4528.990654205608,16562.00934579439,30690.465420560748,22486.59813084112,9614.715887850467,4276.448598130841,2541.807476635514,1942.9046728971962,2038.1532710280374,1479.9327102803738,1307.3869158878504,1169.3532710280374,1157.2672897196262,1041.3289719626168,1204.0336448598132,1006.585046728972,1044.633644859813,1184.9102803738317,1205.611214953271,1113.7158878504672,1543.2392523364485,4544.205607476635,6874.616822429906,3738.9869158878505,1997.6822429906542,1306.577570093458,1268.12523364486,1499.4953271028037,1522.0785046728972,1206.4299065420562,1286.226168224299,1137.3532710280374,1265.5084112149532,1122.3682242990653,1323.9943925233645,1501.8130841121495,1636.151401869159,1380.1084112149533,1430.9140186915888,1240.8336448598131,1273.992523364486,1265.2411214953272,3542.0355140186916,8845.302803738317,7708.3121495327105,3363.71214953271,1883.777570093458,1257.9065420560748,1128.4897196261682,1198.3906542056075,1730.76261682243,2517.267289719626,7427.005607476635,9831.489719626168,5619.618691588785,2721.1943925233645,1793.244859813084,1343.1327102803739,1415.2915887850468,1202.9158878504672,1188.5794392523364,1076.5794392523364,1245.822429906542,1401.648598130841,1818.5158878504674,1668.2467289719625,1998.4,5460.968224299066,18744.99626168224,23004.011214953272,12244.117757009346,5799.235514018692,3402.7831775700934,1924.3196261682242,1473.936448598131,1044.2429906542056,1135.7177570093459,974.0897196261682,1035.12523364486,1006.0990654205607,1392.9588785046728,3470.214953271028,5169.100934579439,3249.495327102804,1808.3252336448597,1253.6616822429908,1158.603738317757,1004.1009345794392,1079.6242990654205,950.8429906542057,1074.6056074766354,929.9196261682243,1118.8897196261682,1064.3719626168224,1129.222429906542,1130.0728971962617,1139.6560747663552,1011.5289719626169,1319.0411214953272,1873.9158878504672,7281.646728971963,18923.3214953271,23606.38878504673,12587.73831775701,5717.175700934579,2902.6728971962616,1903.8504672897195,1221.6429906542055,1185.917757009346,1016.992523364486,1098.1663551401869,912.7532710280374,1009.2317757009346,1062.271028037383,1101.4915887850468,1006.0560747663551,1072.0971962616823,971.1364485981309,1078.6878504672898,961.2841121495327,1115.2803738317757,1762.358878504673,3016.5794392523367,3369.6691588785047,2209.8766355140187,1341.3046728971963,1172.0654205607477,983.6355140186915,1086.3794392523364,945.1271028037384,1053.9644859813084,963.5289719626169,1036.1663551401869,1043.8056074766355,1211.1308411214952,1186.3121495327102,1212.029906542056,1058.9046728971962,1160.747663551402,1032.7495327102804,1192.3831775700935,1118.9757009345794,1157.8130841121495,963.6280373831776,1047.629906542056,1095.6355140186915,1032.7532710280375,995.8560747663552,1144.2485981308412,1236.822429906542,1964.5383177570093,2475.014953271028,3034.6934579439253,1997.0691588785046,1388.8093457943926,1027.6261682242991,1043.996261682243,962.585046728972,1055.5383177570093,888.8635514018691,1033.4953271028037,1042.6616822429908,1321.222429906542,1279.9383177570094,1185.3794392523364,1024.7943925233644,1094.7869158878505,1030.8598130841121,1105.0523364485982,954.3177570093458,1094.7981308411215,966.3588785046729,1098.6093457943925,1015.7476635514018,1063.8018691588786,936.1401869158879,1078.8355140186916,1191.917757009346,1488.2934579439252,1490.0056074766355,1748.9457943925233,1457.773831775701,1736.1869158878505,1934.478504672897,2149.366355140187,1518.0747663551401,1247.2915887850468,1033.3196261682242,1114.4953271028037,1118.2859813084112,1283.6056074766354,1194.2242990654206,1313.4542056074765,1640.4448598130841,2292.67476635514,2763.8485981308413,2634.899065420561,1632.0523364485982,1258.151401869159,1087.788785046729,1126.4766355140187,1024.540186915888,1189.9794392523365,1107.826168224299,1331.4280373831775,1432.0878504672896,2603.9420560747662,8091.145794392523,17033.551401869157,24225.106542056074,25878.014953271027,14138.330841121495,6025.558878504673,2701.1028037383176,1882.6056074766354,1445.3046728971963,1560.4373831775702,1759.1364485981308,2096.0710280373833,2008.2878504672897,1782.540186915888,1392.5514018691588,1435.0168224299066,1386.8766355140187,1441.777570093458,1245.3551401869158,1207.5327102803737,1016.2523364485982,1121.4,921.1588785046729,1141.5327102803737,988.5121495327103,1093.3644859813085,959.1476635514018,987.6168224299065,856.7981308411215,942.2130841121495,923.5233644859813,1031.728971962617,892.0915887850467,1034.9028037383177,1305.785046728972,1440.1046728971962,1364.3551401869158,1494.4990654205608,1426.4392523364486,3026.4093457943927,7811.5214953271025,12328.418691588786,16347.381308411215,16758.469158878506,9359.16074766355,4035.588785046729,2193.3495327102805,1988.5252336448598,1934.1476635514018
581.4237588652483,503.90602836879435,530.7943262411347,464.39539007092196,589.4875886524823,431.74468085106383,540.8492907801418,526.0141843971631,555.927304964539,526.0691489361702,582.8209219858156,507.3244680851064,615.7429078014185,476.209219858156,593.9290780141844,614.863475177305,656.0709219858156,613.2464539007092,593.25,567.8989361702128,608.5762411347517,569.6205673758865,677.8031914893617,600.395390070922,693.5265957446809,678.1489361702128,649.4751773049645,591.2872340425532,642.6099290780141,581.104609929078,692.1932624113475,609.7304964539007,707.3776595744681,634.9787234042553,709.2127659574468,609.2783687943263,729.3741134751773,591.2836879432624,711.3049645390071,598.0975177304964,709.9219858156029,640.6755319148937,626.4078014184397,716.9414893617021,668.5106382978723,534.6950354609929,647.572695035461,726.2712765957447,750.9060283687943,629.1187943262412,721.3900709219859,691.3209219858156,714.2358156028369,690.8439716312057,745.9574468085107,597.6400709219859,723.7801418439716,653.3900709219859,690.281914893617,632.8439716312057,700.186170212766,640.3333333333334,688.1063829787234,623.3244680851063,738.0762411347517,654.1223404255319,727.9592198581561,670.0177304964539,621.9787234042553,729.0975177304964,679.2890070921986,669.918439716312,726.3812056737588,642.9929078014185,714.0460992907801,677.1631205673759,742.0265957446809,678.8049645390071,693.8723404255319,822.6808510638298,771.4255319148937,674.4893617021277,731.5478723404256,715.9840425531914,740.4751773049645,696.4822695035461,779.9024822695036,651.6294326241135,708.6879432624113,711.4840425531914,747.1436170212766,661.9787234042553,779.5443262411347,761.3191489361702,724.6914893617021,747.3918439716313,750.1489361702128,724.5443262411347,790.572695035461,701.0212765957447,788.3687943262412,716.6578014184397,749.3687943262412,704.7801418439716,679.1613475177305,693.2358156028369,809.3936170212766,667.9202127659574,764.5460992907801,700.331560283688,643.6241134751773,837.5425531914893,830.9858156028369,743.5602836879433,775.3617021276596,735.7712765957447,841.145390070922,715.6879432624113,798.2872340425532,768.1329787234042,768.549645390071,774.7695035460993,822.9485815602837,737.6276595744681,796.613475177305,707.7056737588653,767.7411347517731,721.9485815602837,843.563829787234,796.4858156028369,817.8599290780141,761.1790780141844,839.9804964539007,738.6985815602837,755.2890070921986,738.8652482269504,819.3333333333334,778.8209219858156,821.6347517730496,668.886524822695,772.4521276595744,690.9698581560284,675.2907801418439,822.1950354609929,857.8617021276596,755.7553191489362,778.0390070921986,774.8067375886525,784.8049645390071,797.9343971631206,787.3687943262412,728.8120567375887,768.322695035461,746.0443262411347,847.5124113475177,801.186170212766,787.5780141843971,782.6897163120567,766.8085106382979,688.3652482269504,829.7482269503546,797.0921985815603,766.9609929078014,777.75,832.9007092198582,772.927304964539,798.8705673758865,795.2730496453901,846.9645390070922,718.2039007092199,866.9716312056737,798.8457446808511,843.5762411347517,772.3900709219859,739.9131205673759,869.0868794326241,888.6578014184397,775.4734042553191,851.7677304964539,756.6702127659574,895.3670212765958,787.2269503546099,800.0514184397163,799.8758865248227,770.3333333333334,755.5017730496454,833.0390070921986,813.5124113475177,792.7198581560284,822.418439716312,824.9769503546099,808.0354609929078,840.854609929078,775.3457446808511,858.2801418439716,766.4893617021277,860.8829787234042,818.468085106383,827.9982269503546,884.2375886524823,804.9929078014185,833.8741134751773,875.2801418439716,822.8173758865248,849.7429078014185,770.8067375886525,733.3475177304964,912.7269503546099,815.3758865248227,833.5904255319149,871.7039007092199,803.9397163120567,859.7943262411347,793.8758865248227,855.4893617021277,814.0354609929078,863.6843971631206,781.9893617021277,819.0904255319149,791.1985815602837,843.1294326241135,840.0177304964539,877.7943262411347,811.6205673758865,875.4432624113475,862.5478723404256,833.4645390070922,787.200354609929,816.5656028368794,868.1719858156029,877.8670212765958,842.8882978723404,866.2429078014185,874.7801418439716,864.9166666666666,871.8280141843971,802.2056737588653,779.4609929078014,782.7269503546099,914.3049645390071,866.6932624113475,826.6666666666666,789.9840425531914,815.3421985815603,824.8297872340426,808.0904255319149,849.0673758865248,755.6117021276596,811.049645390071,833.831560283688,783.9964539007092,829.4308510638298,768.6418439716313,772.8900709219859,839.7978723404256,794.8102836879433,797.2056737588653,806.7695035460993,842.9468085106383,834.7535460992908,832.3067375886525,855.7127659574468,871.200354609929,766.1666666666666,889.7890070921986,807.7127659574468,841.4609929078014,882.4042553191489,835.5585106382979,812.0017730496454,882.8244680851063,948.604609929078,897.3882978723404,813.1294326241135,944.4166666666666,857.9716312056737,864.1152482269504,866.7925531914893,851.5106382978723,844.177304964539,880.1471631205674,778.6507092198582,813.7890070921986,848.968085106383,846.8439716312057,881.7783687943263,858.6294326241135,877.1223404255319,854.5921985815603,780.6223404255319,880.5620567375887,807.718085106383,835.5124113475177,842.6382978723404,874.6985815602837,845.7411347517731,887.2127659574468,797.5372340425532,863.0460992907801,815.9432624113475,862.9822695035461,815.1187943262412,787.1347517730496,974.2677304964539,897.281914893617,891.6719858156029,833.186170212766,811.4645390070922,861.799645390071,838.5549645390071,853.9414893617021,883.8581560283687,829.113475177305,833.9698581560284,891.4326241134752,829.9556737588653,910.9946808510638,815.0868794326241,846.1028368794326,867.6897163120567,897.3156028368794,857.9007092198582,897.604609929078,898.2783687943263,889.5390070921986,844.0691489361702,878.0957446808511,891.3812056737588,837.1843971631206,916.3847517730496,914.6382978723404,855.177304964539,900.4804964539007,810.6755319148937,777.427304964539,1015.0177304964539,1039.290780141844,924.1613475177305,914.0602836879433,906.6719858156029,946.6152482269504,845.9539007092199,917.9521276595744,836.2092198581561,879.8829787234042,935.0053191489362,821.7943262411347,915.2836879432624,972.1081560283687,916.4911347517731,957.7641843971631,905.5762411347517,913.1081560283687,894.0602836879433,934.2234042553191,936.1897163120567,927.4131205673759,889.2535460992908,898.3741134751773,889.2836879432624,874.0567375886525,880.1968085106383,926.7340425531914,925.6595744680851,931.5567375886525,852.072695035461,822.2163120567376,959.1737588652483,957.3971631205674,917.4574468085107,944.5602836879433,999.9663120567376,1095.2074468085107,1026.6843971631206,953.3936170212766,906.7429078014185,910.1790780141844,918.418439716312,968.3989361702128,913.1471631205674,931.1028368794326,968.427304964539,974.8528368794326,960.4397163120567,980.9716312056737,908.7943262411347,999.0195035460993,925.2322695035461,973.4468085106383,943.322695035461,1007.4875886524823,975.1985815602837,944.1418439716313,926.6400709219859,957.2783687943263,903.7092198581561,954.0443262411347,919.3297872340426,849.395390070922,1058.145390070922,946.6560283687943,964.7304964539007,995.7553191489362,939.3404255319149,1019.8794326241135,960.5673758865248,972.2641843971631,1034.2925531914893,1014.6329787234042,939.5514184397163,996.8652482269504,930.0868794326241,942.1489361702128,995.6489361702128,1060.1914893617022,1027.5035460992908,1068.0017730496454,1000.2411347517731,1023.3297872340426,978.2216312056737,982.6081560283687,1037.6897163120568,988.3297872340426,995.718085106383,1054.8262411347519,1028.9184397163122,1037.2943262411347,1011.5141843971631,1050.008865248227,914.0195035460993,966.3776595744681,1190.7198581560283,1021.2216312056737,1099.095744680851,1063.8031914893618,1014.6418439716313,1120.462765957447,1170.4326241134752,1224.2748226950355,1054.2056737588653,1054.6843971631206,978.8794326241135,969.3102836879433,1023.1755319148937,1046.1117021276596,1000.322695035461,1053.6790780141844,1001.3652482269504,1053.8741134751774,1032.4219858156027,1006.9556737588653,985.2712765957447,1076.5124113475176,995.831560283688,1052.0744680851064,1086.4875886524824,1047.5124113475176,977.8847517730496,941.7464539007092,954.7854609929078,988.2748226950355,915.218085106383,946.918439716312,1077.4982269503546,1086.5762411347519,954.2606382978723,999.2322695035461,1039.3067375886526,1185.4468085106382,1145.8280141843973,1139.6790780141844,970.7783687943263,1018.4982269503546,1006.1914893617021,1040.9414893617022,1150.3936170212767,1160.6755319148936,1111.212765957447,994.2624113475177,985.7145390070922,1010.5,1023.8617021276596,1123.7517730496454,1091.5425531914893,1075.0514184397164,1024.5921985815603,1039.5106382978724,1031.4982269503546,1162.0531914893618,1149.014184397163,1253.622340425532,1104.2695035460993,1084.1418439716313,989.700354609929,980.3297872340426,1115.2251773049645,1061.223404255319,979.5939716312057,1087.9060283687943,1092.037234042553,1095.9964539007092,1127.7943262411347,1090.4822695035461,1036.2304964539007,1083.877659574468,1126.5886524822695,1247.5797872340424,1057.3936170212767,1107.354609929078,1099.4893617021276,1150.709219858156,1120.7801418439717,1093.4539007092199,1047.322695035461,1246.436170212766,1175.9219858156027,1108.5,1087.8989361702127,1125.7712765957447,1118.281914893617,1169.1737588652481,1110.650709219858,1093.7748226950355,1028.1258865248226,1108.7960992907801,1040.0815602836878,952.8812056737588,1153.645390070922,1088.47695035461,1051.1578014184397,1071.1666666666667,1063.5620567375886,1132.2943262411347,1042.7836879432625,1113.0460992907801,1096.3475177304965,1039.595744680851,1118.4751773049645,1106.0177304964539,985.0230496453901,1143.3918439716313,1068.3918439716313,1075.5017730496454,995.1985815602837,1117.2482269503546,1075.02304964539,1061.712765957447,1064.4343971631206,1034.1205673758866,992.3741134751773,1096.7925531914893,1054.613475177305,1083.241134751773,1076.6950354609928,1124.927304964539,1007.5531914893617,1110.7216312056737,1028.8156028368794,1079.0035460992908,1090.2836879432625,1165.5354609929077,1116.590425531915,1100.6897163120568,1175.040780141844,1258.2624113475176,1144.7535460992908,1200.5833333333333,1151.677304964539,1280.645390070922,1167.2216312056737,1205.4060283687943,1157.0833333333333,1017.3829787234042,1093.4255319148936,1200.3386524822695,1157.7925531914893,1183.7216312056737,1038.2517730496454,1067.136524822695,1046.9237588652481,1245.9184397163122,1284.5975177304965,1239.2021276595744,1107.877659574468,1037.186170212766,992.5372340425532,1185.299645390071,1126.1347517730496,1296.7624113475176,1149.4929078014184,1097.9024822695035,1262.2801418439717,1405.8351063829787,1268.0691489361702,1149.9024822695035,1030.7960992907801,1087.3794326241134,1040.4237588652481,1119.686170212766,1137.7393617021276,1153.3758865248226,1087.5709219858156,1074.7836879432625,1035.9964539007092,1156.8918439716313,1139.622340425532,1243.9290780141844,1039.845744680851,1150.1418439716313,1018.2783687943263,1114.7464539007092,1101.2251773049645,1359.47695035461,1054.1702127659576,1039.7925531914893,998.1347517730496,1126.1826241134752,1142.2482269503546,1261.8209219858156,1040.2056737588653,1039.6737588652481,927.8847517730496,1073.3421985815603,1248.5053191489362,1243.654255319149,1075.5921985815603,1125.8315602836878,1067.072695035461,1215.0780141843973,1143.0921985815603,1143.7109929078015,1101.491134751773,1097.7836879432625,1141.3067375886526,1218.5815602836878,1070.026595744681,1018.8156028368794,1078.2216312056737,1287.5017730496454,1399.1897163120568,1567.2535460992908,1233.9450354609928,1197.8510638297873,1099.4255319148936,1100.4308510638298,1062.0478723404256,1113.4822695035461,1074.586879432624,1283.5531914893618,1050.8936170212767,1067.6914893617022,958.4840425531914,1008.2092198581561,951.6471631205674,1007.436170212766,1072.4964539007092,1226.1471631205675,1184.8244680851064,1104.3670212765958,1034.104609929078,1126.613475177305,1072.122340425532,1149.677304964539,1161.2198581560283,1137.7393617021276,1030.072695035461,1035.8687943262412,992.0585106382979,1045.9822695035461,1007.1631205673759,1116.1648936170213,1074.7695035460993,1168.3705673758866,1199.345744680851,1362.0425531914893,1083.8351063829787,1113.4343971631206,1010.8971631205674,1026.7659574468084,975.1400709219859,1106.8989361702127,1038.0815602836878,1211.1471631205675,1245.72695035461,1500.0762411347519,1563.9184397163122,1192.5283687943263,1178.6117021276596,1190.2021276595744,1093.6879432624114,1491.1329787234042,1737.0531914893618,1644.7624113475176,1813.1170212765958,1521.508865248227,1080.9645390070923,1158.4148936170213,1057.904255319149,1167.3156028368794,1163.0921985815603,1479.150709219858,1821.6063829787233,1564.9946808510638,1388.4219858156027,1560.549645390071,1432.3812056737588,1476.9450354609928,1375.4698581560283,1753.3191489361702,2562.8439716312055,3151.198581560284,2448.294326241135,1900.1843971631206,1529.9893617021276,1489.677304964539,1591.799645390071,2303.8421985815603,2647.549645390071,1576.1418439716313,1375.3528368794325,1322.7978723404256,1325.1099290780141,1343.8705673758866,1161.7943262411347,1305.8670212765958,1214.8918439716313,1571.2482269503546,1704.8049645390072,1442.7322695035461,1140.4060283687943,1229.4840425531916,1180.9804964539007,1482.764184397163,1907.9078014184397,2405.067375886525,2604.8936170212764,2202.159574468085,1449.9840425531916,1726.813829787234,1416.7340425531916,1398.200354609929,1557.5248226950355,1981.2659574468084,1730.0709219858156,1355.2659574468084,1466.7659574468084,1416.0301418439717,1404.8475177304965,1895.2517730496454,1609.8244680851064,1414.2943262411347,1602.2606382978724,1508.8989361702127,1207.1560283687943,1347.6063829787233,1554.8102836879432,2169.6897163120566,1774.962765957447,1824.3014184397164,1566.7464539007092,1375.1790780141844,1266.0177304964539,1312.177304964539,1404.104609929078,1756.3262411347519,1925.0975177304965,1841.3936170212767,2405.195035460993,3090.005319148936,3779.1347517730496,2985.72695035461,2421.1418439716313,1911.5177304964539,1737.086879432624,1494.5567375886526,1198.4716312056737,1333.2429078014184,1488.8439716312057,1922.3528368794325,2404.0620567375886,1747.927304964539,1327.209219858156,1303.8120567375886,1456.9113475177305,1510.218085106383,1146.400709219858,1378.1241134751774,1440.2890070921985,1944.8209219858156,2840.04609929078,3527.1205673758864,1788.5248226950355,1441.4964539007092,1349.8599290780141,1782.1063829787233,2286.52304964539,2183.9645390070923,1493.4787234042553,1435.099290780142,1356.1382978723404,1638.7039007092199,1515.8085106382978,1835.6648936170213,2517.9663120567375,3478.1932624113474,2206.4379432624114,2199.299645390071,2450.2375886524824,1708.2659574468084,1368.8936170212767,1471.3351063829787,1697.3156028368794,2529.1932624113474,3196.040780141844,2422.4574468085107,1705.0975177304965,1799.6028368794325,2252.02304964539,1579.5053191489362,1214.6028368794325,1365.3067375886526,1225.3014184397164,1304.3280141843973,1270.5035460992908,1533.3989361702127,1239.2836879432625,1362.586879432624,1222.386524822695,1234.063829787234,1143.6968085106382,1265.1436170212767,1315.8280141843973,1703.1152482269504,1632.3687943262412,1881.2145390070923,1379.3581560283687,1395.4219858156027,1205.4219858156027,1306.4840425531916,1404.572695035461,1631.27304964539,1635.9290780141844,1761.1808510638298,1677.0797872340424,1678.5159574468084,1480.6578014184397,1617.3989361702127,1840.6790780141844,1677.2854609929077,1602.2854609929077,2074.27304964539,1862.563829787234,1623.4379432624114,1470.4698581560283,1463.758865248227,1402.3599290780141,1770.4751773049645,2267.803191489362,2511.003546099291,1741.9982269503546,1359.47695035461,1405.0797872340424,1950.2446808510638,1601.2074468085107,1835.2748226950355,2010.7216312056737,1988.3244680851064,1893.7570921985816,1800.9893617021276,1602.7695035460993,1712.1205673758866,1335.2553191489362,1421.4414893617022,1380.4663120567375,1505.7695035460993,1379.7677304964539,1479.1843971631206,1347.0886524822695,1491.5478723404256,1736.3528368794325,1663.4202127659576,1435.991134751773,1535.5851063829787,1466.1897163120568,1588.927304964539,1781.099290780142,1880.4964539007092,1829.349290780142,1825.7978723404256,1660.3687943262412,1938.590425531915,2248.445035460993,2643.9202127659573,2631.2659574468084,2245.6471631205673,1868.973404255319,2175.308510638298,2218.404255319149,2059.746453900709,1971.2198581560283,2002.741134751773,1811.8421985815603,1851.5797872340424,1764.5460992907801,1738.7145390070923,1783.4468085106382,1877.4893617021276,1749.0106382978724,2829.1932624113474,2917.1631205673757,1967.7340425531916,1797.741134751773,2135.127659574468,1571.3351063829787,1828.8528368794325,1700.1258865248226,1644.7375886524824,1792.8581560283687,2184.0248226950353,2712.281914893617,3006.5,1780.1028368794325,2013.9929078014184,2762.4432624113474,3909.991134751773,4824.7943262411345,3723.868794326241,2417.501773049645,1953.9078014184397,2226.136524822695,2789.508865248227,3012.0,4065.631205673759,3962.1613475177305,3864.563829787234,4606.7216312056735,5002.867021276596,4791.349290780142,3230.9202127659573,2580.459219858156,3303.1897163120566,2328.9166666666665,1669.9397163120568,1673.6028368794325,2022.6010638297873,2099.624113475177,2068.7393617021276,1850.6489361702127,2101.1028368794327,2217.7340425531916,1795.159574468085,1891.1897163120568,2927.2659574468084,3013.996453900709,2446.4024822695037,2187.2198581560283,2456.54609929078,1880.9875886524824,1922.1843971631206,2101.1471631205673,2554.418439716312,2701.1418439716313,2418.5602836879434,1819.8439716312057,1642.7890070921985,1483.5195035460993,1874.063829787234,2542.3475177304963,2909.345744680851,2397.778368794326,2155.099290780142,1853.590425531915,2558.900709219858,2893.0939716312055,2338.4858156028367,3039.244680851064,3273.0248226950353,2456.705673758865,2987.078014184397,2930.095744680851,2964.450354609929,2321.6152482269504,1913.9804964539007,2128.2340425531916,2821.1648936170213,3773.404255319149,4924.923758865249,4303.608156028369,4321.656028368794,3529.5301418439717,3479.0141843971633,3179.7925531914893,3528.77304964539,3936.7659574468084,3732.253546099291,4461.810283687943,4729.058510638298,3133.173758865248,2399.026595744681,1897.531914893617,2223.468085106383,2430.3900709219856,3348.6170212765956,3683.6329787234044,3364.5159574468084,3469.9609929078015,3776.6063829787236,4589.38475177305,5135.0336879432625,3536.8333333333335,4052.148936170213,3957.9432624113474,2959.423758865248,3271.06914893617,4001.8209219858154,3578.2198581560283,3427.6099290780144,2984.675531914894,3824.118794326241,3801.5195035460993,3896.613475177305,3857.423758865248,4598.659574468085,3646.150709219858,3097.8971631205673,3055.058510638298,3775.303191489362,3845.595744680851,3295.4840425531916,2443.7978723404253,1971.026595744681,1543.9822695035461,1765.1613475177305,1621.9060283687943,1503.4379432624114,1458.5124113475176,1658.1578014184397,1406.7393617021276,1466.7677304964539,1480.258865248227,1478.1471631205675,1423.6684397163122,1539.9166666666667,1655.485815602837,1833.3315602836878,1756.2145390070923,2577.1294326241136,3464.398936170213,3030.8156028368794,2257.8368794326243,1550.9609929078015,1322.1613475177305,1628.7783687943263,1889.9450354609928,2230.303191489362,1489.6879432624114,1647.991134751773,1539.9255319148936,1665.3794326241134,1803.8333333333333,1849.4290780141844,1291.8421985815603,1406.276595744681,1442.5070921985816,1690.0017730496454,1820.6648936170213,2011.0567375886526,2397.6524822695037,2971.090425531915,2329.659574468085,2060.1648936170213,2299.398936170213,1642.0549645390072,1391.8280141843973,1477.2393617021276,1424.1968085106382,1753.968085106383,2419.5939716312055,3093.482269503546,1860.586879432624,1918.2659574468084,2263.721631205674,2791.8120567375886,3541.4521276595747,2556.8439716312055,1724.5780141843973,2398.4645390070923,2029.5124113475176,1680.0567375886526,1326.4485815602836,1699.5921985815603,2050.0602836879434,2649.5620567375886,1911.7943262411347,2240.29609929078,2287.340425531915,2127.698581560284,1342.7624113475176,1482.9024822695035,1518.8085106382978,1945.8031914893618,2676.576241134752,4538.632978723404,5579.696808510638,5882.20744680851,3284.20390070922,1794.8244680851064,1368.6808510638298,1405.604609929078,1244.6329787234042,1471.1985815602836,1482.3741134751774,2069.5656028368794,2361.595744680851,2910.450354609929,3472.3297872340427,4276.008865248227,2213.675531914894,1902.776595744681,1810.1294326241134,2043.877659574468,2125.7375886524824,3060.0868794326243,3978.3971631205673,3278.778368794326,2343.0390070921985,3170.918439716312,2422.698581560284,1613.4574468085107,1436.2393617021276,1729.485815602837,2097.5602836879434,3235.0851063829787,2543.7836879432625,1810.0390070921985,1765.599290780142,2055.6790780141846,2177.526595744681,2426.93085106383,2046.2039007092199,1689.4078014184397,2063.471631205674,2133.3971631205673,1972.9574468085107,3199.8936170212764,3030.881205673759,1922.9202127659576,1806.5017730496454,2764.528368794326,2940.70390070922,2364.496453900709,2709.0301418439717,3900.6170212765956,5387.570921985815,3840.0656028368794,1953.5886524822695,1586.3262411347519,1269.836879432624,1431.4485815602836,1365.377659574468,1792.0939716312057,1539.2198581560283,1450.764184397163,1266.9804964539007,1344.75,1092.8687943262412,1233.9397163120568,1267.540780141844,1316.537234042553,1341.537234042553,1356.6294326241134,1092.8794326241134,1417.4450354609928,1433.3280141843973,1341.5301418439717,1116.6808510638298,1253.8014184397164,1112.5425531914893,1234.3333333333333,1172.6187943262412,1326.9875886524824,1095.4024822695035,1257.6648936170213,1082.136524822695,1394.2836879432625,1193.822695035461,1243.3989361702127,1097.7251773049645,1210.413120567376,1122.741134751773,1213.6117021276596,1190.0017730496454,1443.163120567376,1144.6755319148936,1233.836879432624,1135.6205673758866,1213.0691489361702,1061.1400709219859,1150.572695035461,1315.9343971631206,1489.0106382978724,1476.3102836879432,1415.491134751773,1399.7322695035461,1747.4326241134752,1841.5602836879432,1608.7606382978724,1704.6294326241134,2352.2624113475176,1583.973404255319,1291.2606382978724,1142.2677304964539,1245.5212765957447,1242.627659574468,1169.595744680851,1087.0070921985816,1309.491134751773,1058.5,1273.840425531915,1091.1010638297873,1251.8173758865248,1167.5212765957447,1165.7677304964539,1080.436170212766,1184.4148936170213,1185.8067375886526,1525.6932624113474,1776.8280141843973,1645.014184397163,1320.4237588652481,1294.3617021276596,1461.9822695035461,1455.712765957447,1255.8351063829787,1416.5620567375886,1455.540780141844,1668.4698581560283,1287.8687943262412,1179.8280141843973,1153.8829787234042,1283.9219858156027,1248.9716312056737,1669.0656028368794,1946.1099290780141,1777.014184397163,1270.0159574468084,1350.8439716312057,1439.8617021276596,1943.6790780141844,1443.4379432624114,1434.0797872340424,1514.0283687943263,1860.0939716312057,2003.9964539007092,2032.1187943262412,1590.5797872340424,1474.3563829787233,1313.1968085106382,1634.5248226950355,1332.6790780141844,1260.6524822695035,1061.909574468085,1230.7978723404256,1394.6578014184397,1453.0478723404256,1532.8510638297873,1776.709219858156,1411.950354609929,1698.886524822695,2096.854609929078,2252.900709219858,1567.5833333333333,1679.636524822695,1817.7251773049645,1650.4893617021276,1526.0939716312057,1754.8847517730496,1905.886524822695,2247.5159574468084,1614.5673758865248,1915.8351063829787,2254.2801418439717,3023.8421985815603,1941.462765957447,1777.8528368794325,1708.427304964539,1758.950354609929,2167.18085106383,3508.168439716312,4443.803191489362,3335.0567375886526,2665.308510638298,3232.2836879432625,2029.218085106383,1647.973404255319,1972.6932624113474,2820.0797872340427,2351.868794326241,2672.0248226950353,2405.7340425531916,2572.9113475177305,2459.2429078014184,3440.767730496454,2677.6578014184397,1912.1258865248226,1524.9751773049645,1729.3315602836878,2242.304964539007,2045.97695035461,1382.2251773049645,1770.5425531914893,2617.427304964539,3672.950354609929,2480.175531914894,3018.072695035461,3145.7606382978724,3055.313829787234,4187.175531914893,3319.6170212765956,2324.544326241135,3892.6790780141846,4837.345744680851,2759.5709219858154,2129.122340425532,3246.6648936170213,4875.2109929078015,5457.99645390071,4751.129432624113,3640.3156028368794,2806.136524822695,3041.3918439716313,4875.702127659574,6883.932624113475,4643.86524822695,3285.909574468085,5071.604609929078,8388.471631205673,5606.980496453901,3385.322695035461,2067.3475177304963,1841.413120567376,2040.6489361702127,3156.8439716312055,3314.0159574468084,3361.2925531914893,4172.007092198582,6355.492907801418,4373.934397163121,2620.874113475177,1988.468085106383,1492.2783687943263,1312.2748226950355,1619.627659574468,1593.6205673758866,1991.1968085106382,3064.8209219858154,3336.682624113475,2035.3847517730496,1732.1560283687943,1777.2659574468084,1760.0159574468084,1426.063829787234,1749.968085106383,2327.581560283688,3451.2340425531916,2644.22695035461,2309.1578014184397,2316.645390070922,1752.9485815602836,1474.5744680851064,1686.7393617021276,2355.574468085106,2393.258865248227,1566.322695035461,1601.5106382978724,1491.2712765957447,1835.177304964539,1395.700354609929,1550.9414893617022,1549.645390070922,2168.445035460993,2523.02304964539,2270.5425531914893,1827.936170212766,1515.659574468085,1387.2074468085107,1590.3333333333333,1486.7978723404256,1566.9698581560283,1915.3794326241134,1824.6436170212767,1452.1613475177305,1515.9237588652481,1314.1719858156027,1581.7304964539007,2083.1790780141846,3256.826241134752,2334.498226950355,1631.6205673758866,1548.7145390070923,1501.287234042553,1397.1489361702127,1685.9397163120568,1396.5531914893618,1522.2695035460993,1780.813829787234,2542.70390070922,3473.686170212766,3677.191489361702,1822.4822695035461,1751.8475177304965,2160.1418439716313,2420.005319148936,1581.1028368794325,1475.1294326241134,1393.9822695035461,2024.6400709219859,1841.7304964539007,2191.200354609929,2671.0124113475176,2016.0762411347519,1924.0656028368794,2273.377659574468,1595.3297872340424,1661.7960992907801,2014.531914893617,2208.8333333333335,1335.7925531914893,1374.8351063829787,1161.863475177305,1296.7535460992908,1233.8244680851064,1432.4308510638298,1367.468085106383,1843.0443262411347,2722.872340425532,2323.618794326241,1262.136524822695,1269.700354609929,1216.6081560283687,1503.6436170212767,1200.6489361702127,1431.349290780142,1144.6666666666667,1433.787234042553,1305.3918439716313,1254.4929078014184,1228.4804964539007,1326.0851063829787,1329.563829787234,1856.5549645390072,2228.345744680851,1722.0886524822695,1544.950354609929,2507.748226950355,2524.817375886525,1518.7163120567375,1384.4698581560283,1611.4237588652481,1525.9397163120568,1519.3067375886526,1214.9432624113474,1523.5851063829787,1865.604609929078,2355.9432624113474,2694.299645390071,2012.3475177304965,1400.8900709219859,1585.3758865248226,1633.6010638297873,2248.728723404255,1708.9326241134752,1763.9716312056737,1692.7429078014184,2250.031914893617,1649.4804964539007,1617.5336879432625,1903.3031914893618,2147.241134751773,1386.104609929078,1442.3510638297873,1662.677304964539,2820.7695035460993,3574.171985815603,2126.5851063829787,1705.4290780141844,1900.8794326241134,1442.8031914893618,1506.2712765957447,1516.8014184397164,1682.3563829787233,1479.7925531914893,1524.4982269503546,1430.77304964539,2113.058510638298,3569.6347517730496,3730.290780141844,1631.218085106383,1465.4539007092199,1302.2890070921985,1367.5656028368794,1425.5070921985816,1658.1010638297873,1396.209219858156,1988.4308510638298,1810.9485815602836,1733.8297872340424,1270.8475177304965,1270.8315602836878,1118.4840425531916,1290.3847517730496,1216.5921985815603,1494.9787234042553,1694.485815602837,1897.02304964539,1410.526595744681,1355.9539007092199,1221.5656028368794,1497.677304964539,1593.8439716312057,1713.9787234042553,1699.735815602837,2244.418439716312,2008.0035460992908,1462.3581560283687,1364.1578014184397,1588.0939716312057,1846.0921985815603,2049.0070921985816,1942.8280141843973,2317.8368794326243,1857.0017730496454,1734.104609929078,1397.4379432624114,1626.4237588652481,1728.6719858156027,1811.037234042553,1381.8989361702127,1644.822695035461,1814.9397163120568,2828.7074468085107,4448.336879432624,4930.2216312056735,1871.0975177304965,1563.113475177305,1583.4751773049645,1443.6010638297873,1121.9663120567375,1374.5053191489362,1224.3510638297873,1327.4308510638298,1474.840425531915,1493.7517730496454,1200.7322695035461,1380.0106382978724,1233.154255319149,1328.8262411347519,1223.6170212765958,1505.613475177305,1388.8333333333333,1575.281914893617,1848.572695035461,2484.1631205673757,1804.2163120567375,1311.0549645390072,1165.241134751773,1366.9751773049645,1310.4946808510638,1853.3085106382978,1618.2960992907801,1568.1081560283687,1199.3563829787233,1535.5709219858156,1638.2712765957447,1564.8085106382978,1174.8475177304965,1285.5177304964539,1175.6258865248226,1235.7606382978724,1174.0744680851064,1368.3244680851064,1268.290780141844,1494.4166666666667,1445.7464539007092,1518.159574468085,1358.8599290780141,1395.9822695035461,1333.7624113475176,1610.968085106383,2248.6099290780144,2036.2446808510638,1178.9663120567375,1323.4716312056737,1226.1578014184397,1242.491134751773,1182.3510638297873,1404.5195035460993,1499.3439716312057,2370.505319148936,2279.746453900709,1944.8173758865248,1485.659574468085,1717.3971631205675,1644.1329787234042,1615.6932624113474,1734.3794326241134,2482.6205673758864,2941.503546099291,2276.0159574468084,1677.4397163120568,2109.2570921985816,2359.7198581560283,2660.8900709219856,1853.4308510638298,2015.4397163120568,3245.168439716312,3857.7695035460993,1848.677304964539,1465.4290780141844,1323.2287234042553,1428.9875886524824,1319.2375886524824,1517.7960992907801,1289.8741134751774,1423.4946808510638,1448.4645390070923,2047.0939716312057,3026.446808510638,4559.320921985815,3003.6400709219856,2175.0868794326243,1815.5212765957447,2282.317375886525,1743.5336879432625,2257.0851063829787,2624.078014184397,1761.5780141843973,1439.1968085106382,1845.4521276595744,2227.531914893617,2624.1117021276596,1715.299645390071,1776.4485815602836,2221.124113475177,3915.6028368794327,5958.921985815603,4104.622340425532,2939.675531914894,2678.6382978723404,2457.4343971631206,1955.650709219858,1565.5212765957447,1952.962765957447,2558.0833333333335,4890.7836879432625,4561.04255319149,2232.9858156028367,1556.150709219858,1970.1648936170213,2641.381205673759,3897.349290780142,2221.131205673759,2040.5531914893618,2440.72695035461,3666.5336879432625,2259.8882978723404,1618.2393617021276,1334.040780141844,1482.863475177305,1543.622340425532,2107.22695035461,2874.290780141844,4629.812056737589,4189.829787234043,5048.31914893617,6513.177304964539,3405.386524822695,2325.5939716312055,3450.771276595745,5437.636524822695,5448.994680851064,3036.558510638298,2362.95390070922,3135.7570921985816,5954.760638297872,6962.473404255319,2823.6400709219856,1615.0656028368794,1688.877659574468,1758.4468085106382,1791.7517730496454,1376.031914893617,1445.3031914893618,1451.2393617021276,1905.9663120567375,1900.1418439716313,2860.113475177305,3484.8971631205673,4372.22695035461,3244.374113475177,4234.232269503546,6673.52304964539,5310.265957446809,5770.085106382979,4413.271276595745,2791.049645390071,3101.624113475177,3479.374113475177,2119.8439716312055,1527.113475177305,1624.886524822695,2145.5975177304963,2476.9202127659573,1895.8882978723404,2074.97695035461,1853.8280141843973,2454.9804964539007,4185.320921985815,6878.140070921986,3376.4521276595747,1999.7659574468084,1863.5620567375886,1715.5159574468084,1758.9698581560283,2487.881205673759,4267.001773049646,7399.209219858156,6010.0390070921985,7779.326241134751,4675.482269503546,3881.375886524823,5244.992907801418,3756.3528368794327,2094.9521276595747,1832.5336879432625,1780.2464539007092,2201.446808510638,3334.72695035461,5838.08865248227,6161.5283687943265,5623.124113475177,5064.822695035461,5409.054964539007,2601.4645390070923,2492.1702127659573,2525.0478723404253,1966.599290780142,1567.209219858156,1543.4875886524824,1539.1719858156027,1809.008865248227,2322.7340425531916,3714.7978723404253,2992.067375886525,4507.218085106383,4237.218085106383,5583.781914893617,6947.86524822695,9941.583333333334,17384.79964539007,12984.491134751774,4316.673758865249,2540.248226950355,2486.3475177304963,4295.881205673759,4374.27304964539,5365.879432624113,9216.170212765957,7068.631205673759,3170.868794326241,1784.5425531914893,1551.604609929078,2065.8386524822695,2874.377659574468,4639.20390070922,4706.75,5901.718085106383,3294.494680851064,1819.3599290780141,1547.3563829787233,1586.6347517730496,1513.1666666666667,1829.7960992907801,2194.4343971631206,3231.863475177305,6243.101063829788,5014.349290780142,2166.3333333333335,2099.0248226950353,2486.0301418439717,4283.765957446809,4251.464539007092,7227.156028368794,5956.56914893617,3985.650709219858,1927.508865248227,1703.8191489361702,1789.450354609929,2040.6737588652481,2155.5567375886526,3618.7624113475176,6997.86524822695,5767.5443262411345,2409.6897163120566,1831.1702127659576,1467.3918439716313,1661.7783687943263,1617.8617021276596,1591.6063829787233,1593.9663120567375,2173.682624113475,1941.7659574468084,1965.3262411347519,2606.9645390070923,2803.0195035460993,2989.008865248227,5761.313829787234,8758.264184397163,5424.5336879432625,6804.391843971631,5576.406028368794,2402.95390070922,2059.1347517730496,1730.0602836879432,2094.8670212765956,1475.7960992907801,1523.5425531914893,1472.2836879432625,1480.2198581560283,1585.4822695035461,2341.1578014184397,3965.0141843971633,8068.324468085107,5378.687943262411,2901.4840425531916,1725.97695035461,1538.0549645390072,1322.235815602837,1316.0443262411347,1360.095744680851,1453.27304964539,1335.163120567376,1623.049645390071,2005.0017730496454,2765.4875886524824,5151.147163120568,5677.423758865249,2345.874113475177,2038.3617021276596,1929.7039007092199,1968.97695035461,1513.1063829787233,1649.9343971631206,1550.6312056737588,1508.5017730496454,1528.586879432624,2363.494680851064,2765.631205673759,5477.877659574468,3237.478723404255,1723.723404255319,1364.973404255319,1452.3315602836878,1344.813829787234,1448.5035460992908,1394.5514184397164,1503.3599290780141,1423.6968085106382,1760.5035460992908,2083.531914893617,3920.3102836879434,3934.148936170213,2293.4432624113474,2107.691489361702,2131.5567375886526,1638.5585106382978,1689.0762411347519,1446.3333333333333,1537.3280141843973,1558.0549645390072,1944.709219858156,2552.1400709219856,3778.255319148936,8339.329787234043,14539.618794326241,10094.175531914894,4242.7996453900705,2304.386524822695,2125.127659574468,1478.9414893617022,1419.1932624113474,1195.9024822695035,1331.5886524822695,1152.9148936170213,1250.8794326241134,1107.086879432624,1251.1666666666667,1132.3705673758866,1289.154255319149,1347.0248226950355,1662.6063829787233,1450.6382978723404,1557.9787234042553,1598.840425531915,1414.1294326241134,1306.223404255319,1401.0673758865248,1199.5514184397164,1448.1329787234042,1772.686170212766,2649.700354609929,1598.209219858156,1429.150709219858,1351.0833333333333,1878.0691489361702,1999.7109929078015,2189.150709219858,1698.8102836879432,1528.063829787234,1310.6613475177305,1730.9255319148936,1257.8971631205675,1537.072695035461,2050.6329787234044,3762.468085106383,3086.8368794326243,1884.2890070921985,1283.8297872340424,1334.514184397163,1366.276595744681,1575.9202127659576,1201.6010638297873,1269.0035460992908,1175.5620567375886,1456.4397163120568,1870.9645390070923,1837.7748226950355,2074.099290780142,2327.7978723404253,1656.3049645390072,1698.9308510638298,1507.0709219858156,1469.3812056737588,1256.1489361702127,1404.709219858156,1300.2216312056737,1669.8510638297873,1850.6081560283687,1761.2304964539007,1496.014184397163,1937.3475177304965,2328.3670212765956,2795.824468085106,2740.654255319149,2555.599290780142,1791.159574468085,1502.6081560283687,1364.4751773049645,1512.3936170212767,1520.322695035461,1564.709219858156,1391.0195035460993,1555.154255319149,1806.0248226950355,2521.324468085106,2845.97695035461,1971.2198581560283,2147.936170212766,2634.578014184397,2355.991134751773,2216.2109929078015,1825.5425531914893,2360.317375886525,2833.75,3329.228723404255,2833.9343971631206,2074.817375886525,1699.813829787234,2108.127659574468,3125.386524822695,3119.209219858156,2527.0939716312055,2362.2375886524824,1727.508865248227,1924.3989361702127,1518.6985815602836,1808.3297872340424,1939.6985815602836,2529.0567375886526,2234.409574468085,2013.586879432624,2145.423758865248,1839.6790780141844,1466.6347517730496,1492.790780141844,1474.0709219858156,1789.7251773049645,1636.163120567376,1525.1985815602836,1485.322695035461,1852.7677304964539,1608.8563829787233,2277.994680851064,2959.040780141844,2059.5851063829787,1602.7854609929077,2195.145390070922,2652.7624113475176,2260.8599290780144,2771.186170212766,4819.7943262411345,4037.799645390071,2551.3847517730496,2287.218085106383,2048.517730496454,1946.799645390071,2137.998226950355,1900.1117021276596,2293.9024822695037,1580.2659574468084,1747.0035460992908,1863.8847517730496,1796.700354609929,2061.4060283687945,2925.2145390070923,1905.336879432624,1701.8847517730496,1904.1666666666667,2561.02304964539,3086.3333333333335,4982.13475177305,6993.817375886525,4454.900709219858,2737.794326241135,2342.2659574468084,2963.8918439716313,5519.540780141844,7773.751773049646,3850.578014184397,2359.618794326241,2837.6347517730496,4487.75,5007.952127659574,4341.624113475177,2204.2251773049647,1738.1932624113474,1780.2375886524824,1426.3209219858156,2068.45390070922,2048.0939716312055,4001.5620567375886,2866.331560283688,1932.787234042553,1727.5248226950355,1861.840425531915,2395.9148936170213,3141.874113475177,3610.196808510638,5322.423758865249,6565.2056737588655,8747.20390070922,9020.734042553191,5376.946808510638,7121.764184397163,10996.978723404256,6150.124113475177,4273.482269503546,5124.677304964539,3417.2624113475176,3629.776595744681,3068.175531914894,2673.6152482269504,4685.326241134751,7634.47695035461,4412.643617021276,3742.9202127659573,7266.980496453901,9521.04964539007,4108.863475177305,2526.4840425531916,2960.122340425532,3890.941489361702,9223.290780141844,11310.398936170213,5487.59219858156,5607.691489361702,7973.425531914893,4757.269503546099,3594.9024822695037,3904.8971631205673,4100.120567375887,3800.0851063829787,2451.196808510638,2121.824468085106,3507.932624113475,3658.223404255319,3816.3581560283687,2488.051418439716,2008.7340425531916,2360.4202127659573,2139.875886524823,1579.5851063829787,1805.1719858156027,2319.2163120567375,4703.547872340426,3847.255319148936,2134.253546099291,1557.6985815602836,1508.0797872340424,1526.3794326241134,2120.576241134752,3288.8936170212764,5305.9609929078015,2575.1117021276596,2241.317375886525,2643.9627659574467,3853.521276595745,7141.923758865249,5580.445035460993,3055.281914893617,2168.801418439716,1703.2606382978724,2190.491134751773,2488.6843971631206,2041.0248226950355,1810.1382978723404,2023.3315602836878,2364.3599290780144,3051.221631205674,1970.927304964539,1705.1117021276596,1616.090425531915,1729.8351063829787,1974.75,1792.3936170212767,1604.6241134751774,1695.9663120567375,1703.6152482269504,1629.6826241134752,1472.095744680851,1691.7163120567375,1520.5159574468084,1494.186170212766,1458.258865248227,2433.5106382978724,2864.6205673758864,4142.001773049646,2294.4840425531916,1651.8244680851064,1411.6294326241134,1663.5833333333333,1388.3262411347519,1539.212765957447,1662.5212765957447,3121.9078014184397,3420.1028368794327,2068.1613475177305,1624.072695035461,2172.648936170213,4543.473404255319,3597.0159574468084,1807.4237588652481,1566.9060283687943,1438.8900709219859,1512.4485815602836,1429.531914893617,1397.6755319148936,1402.5656028368794,1651.8280141843973,2308.831560283688,2132.97695035461,1515.2446808510638,1489.5425531914893,1485.6648936170213,1638.845744680851,1461.7393617021276,2219.627659574468,1960.5886524822695,2718.7145390070923,5039.664893617021,6824.340425531915,3098.2624113475176,2072.851063829787,1673.9521276595744,1597.7446808510638,1395.0691489361702,1906.6099290780141,2161.328014184397,3354.3209219858154,3200.2872340425533,2003.2287234042553,1546.6560283687943,1419.627659574468,1207.6471631205675,1297.459219858156,1158.8120567375886,1295.3173758865248,1376.9663120567375,1847.9804964539007,1287.150709219858,1208.3936170212767,1051.9024822695035,1137.4929078014184,1054.8067375886526,1163.3209219858156,1092.7287234042553,1314.613475177305,1279.7287234042553,2041.991134751773,2784.101063829787,7430.9503546099295,9724.390070921985,5126.879432624113,2952.253546099291,1939.5744680851064,1362.6524822695035,1382.3244680851064,1491.9787234042553,1506.7836879432625,1185.4929078014184,1290.5656028368794,1123.872340425532,1264.959219858156,1643.2517730496454,2639.5372340425533,2143.7429078014184,1601.904255319149,1377.3741134751774,1464.037234042553,1238.1312056737588,1306.663120567376,1235.2890070921985,1407.927304964539,1294.5124113475176,1494.5017730496454,1318.0939716312057,1522.9468085106382,1725.1312056737588,2038.2056737588653,2132.1560283687945,2421.9148936170213,1603.491134751773,1515.6258865248226,1288.872340425532,1348.8209219858156,1320.4485815602836,1787.3421985815603,2180.3439716312055,1774.6382978723404,1370.163120567376,1412.5177304964539,1392.0070921985816,1407.7925531914893,1159.6063829787233,1151.3670212765958,1317.0124113475176,1401.4148936170213,1298.209219858156,1754.5301418439717,1494.299645390071,1576.1152482269504,1730.3971631205675,1624.6843971631206,1482.572695035461,1592.104609929078,1496.4468085106382,1796.1489361702127,1600.0815602836878,2202.803191489362,1703.863475177305,1445.2535460992908,1313.313829787234,1800.9929078014184,1178.7446808510638,1376.5017730496454,1241.1666666666667,1425.47695035461,1483.7553191489362,1598.723404255319,1515.7322695035461,1585.3439716312057,1295.6648936170213,1376.7287234042553,1444.6719858156027,1521.3563829787233,1237.6418439716313,1366.540780141844,1632.8510638297873,1749.781914893617,2096.7429078014184,1859.9414893617022,1633.8847517730496,1544.654255319149,1319.6205673758866,1422.5159574468084,1340.0691489361702,1484.468085106383,1286.6205673758866,1413.3847517730496,1427.6613475177305,1441.0354609929077,1252.7375886524824,1383.9787234042553,1262.1329787234042,1781.0602836879432,1274.3351063829787,1432.0531914893618,1581.2783687943263,2042.8085106382978,1523.6932624113474,1647.299645390071,1876.3936170212767,3338.090425531915,2989.0106382978724,4355.351063829788,2868.101063829787,2209.0567375886526,1724.1843971631206,1554.9539007092199,1403.2322695035461,1499.031914893617,1220.313829787234,1333.2624113475176,1209.962765957447,1399.5017730496454,1423.1187943262412,2046.127659574468,2805.7748226950353,2676.7606382978724,3102.2641843971633,2591.278368794326,1857.4414893617022,1798.2482269503546,1702.9468085106382,2142.3936170212764,3341.994680851064,3015.7198581560283,1776.6347517730496,1696.2553191489362,1430.6170212765958,1540.154255319149,1653.1294326241134,1610.9574468085107,1432.3067375886526,1547.0443262411347,1372.3421985815603,1485.1843971631206,1753.6400709219859,3252.6790780141846,5679.521276595745,4183.54609929078,2835.6117021276596,2809.8829787234044,2142.177304964539,1815.2783687943263,1630.1294326241134,1917.3670212765958,1775.877659574468,1855.3652482269504,2709.27304964539,4905.650709219858,2880.2340425531916,2232.3067375886526,2406.125886524823,3065.3971631205673,2868.9645390070923,2305.8936170212764,2806.122340425532,5413.554964539007,3106.1063829787236,2625.9609929078015,3328.326241134752,6446.108156028369,10961.081560283688,6273.390070921986,3381.8156028368794,2629.195035460993,2460.054964539007,2372.7393617021276,2223.698581560284,2227.941489361702,2687.2890070921985,5993.946808510638,4309.730496453901,3104.6613475177305,3106.099290780142,2691.4858156028367,2044.2890070921985,2195.831560283688,3456.445035460993,6028.828014184397,5449.804964539007,3267.43085106383,2287.540780141844,1878.2712765957447,1606.9148936170213,2124.113475177305,3802.395390070922,3939.5141843971633,3300.3670212765956,5667.171985815603,4586.7836879432625,3771.868794326241,4827.404255319149,9564.570921985816,10801.647163120568,7223.875886524823,5415.63475177305,3352.822695035461,2283.2695035460993,1954.845744680851,1728.718085106383,2115.173758865248,1759.4946808510638,1757.6560283687943,2160.808510638298,1919.3563829787233,1546.4946808510638,1612.473404255319,1533.1702127659576,1958.7943262411347,2158.182624113475,2410.840425531915,2332.028368794326,2753.75,5080.001773049646,15284.68439716312,21471.66843971631,11628.351063829787,7281.86170212766,5884.835106382979,6950.677304964539,9824.356382978724,6511.948581560284,7357.290780141844,4557.078014184397,3627.6932624113474,3589.1631205673757,2936.372340425532,2198.79609929078,2076.7358156028367,2043.9343971631206,3332.7145390070923,2715.4858156028367,3330.840425531915,4592.379432624113,3540.2198581560283,2607.02304964539,2092.436170212766,1634.9716312056737,1716.1755319148936,1653.8297872340424,1905.8475177304965,1785.6241134751774,1952.590425531915,2489.7695035460993,2428.351063829787,2706.590425531915,3009.6028368794327,2114.8297872340427,2318.6631205673757,2182.0070921985816,1980.4946808510638,1688.1187943262412,2231.8652482269504,1853.8102836879432,3306.927304964539,8586.132978723404,7070.9503546099295,3823.278368794326,2646.2801418439717,2216.4432624113474,2709.9432624113474,2257.5248226950353,2068.5141843971633,1909.3528368794325,2802.9627659574467,2337.7163120567375,2154.145390070922,2102.0,2250.886524822695,2897.308510638298,6741.2109929078015,12152.659574468085,9364.359929078015,10519.60815602837,5731.0283687943265,3649.8900709219856,2767.595744680851,2040.3173758865248,1821.086879432624,1660.0886524822695,1796.395390070922,1804.7340425531916,2069.948581560284,2012.7482269503546,2468.8971631205673,1945.090425531915,2543.554964539007,2987.0567375886526,2367.625886524823,1871.622340425532,1779.6099290780141,1749.8085106382978,2137.4379432624114,2617.8971631205673,4427.689716312057,9945.64184397163,8076.156028368794,4213.189716312057,3305.75,3120.909574468085,2571.2109929078015,2034.663120567376,2289.074468085106,2907.9521276595747,2519.654255319149,3133.5939716312055,6181.492907801418,9338.333333333334,6045.66134751773,3386.9432624113474,2536.2021276595747,2215.1028368794327,1946.5531914893618,1536.154255319149,1614.5035460992908,1387.0354609929077,1868.040780141844,1393.0514184397164,1835.9432624113474,1990.6666666666667,1963.3173758865248,2558.136524822695,2290.503546099291,1836.4982269503546,2274.271276595745,2101.9893617021276,2015.7109929078015,2151.6329787234044,2125.505319148936,1676.104609929078,1875.5212765957447,2163.301418439716,3986.54609929078,8419.462765957447,5526.812056737589,3770.7925531914893,2820.2198581560283,2596.3617021276596,2233.074468085106,1674.4982269503546,1691.854609929078,1761.97695035461,1847.0425531914893,1903.6471631205675,3509.5390070921985,8841.851063829787,6655.670212765957,4339.45390070922,3896.7127659574467,3357.9609929078015,4950.806737588652,4129.99645390071,6559.937943262411,16776.693262411347,14196.60815602837,8195.962765957447,6484.010638297872,4187.285460992908,3681.5939716312055,4445.507092198582,3842.895390070922,2646.5939716312055,2558.8936170212764,3577.696808510638,7340.352836879432,6926.381205673759,4181.484042553191,3050.8900709219856,2907.2641843971633,4326.517730496454,8347.074468085106,5896.067375886525,5531.058510638298,3923.5886524822695,3109.1329787234044,2911.6702127659573,4709.817375886525,9811.627659574468,11818.040780141844,12945.166666666666,8631.372340425532,5194.72695035461,3887.0602836879434,2853.3581560283687,2984.7695035460993,3479.8475177304963,2570.468085106383,2246.2570921985816,2394.9893617021276,2228.753546099291,1909.4255319148936,1685.0762411347519,1748.8262411347519,1419.2145390070923,1569.7712765957447,1897.5886524822695,2626.554964539007,3497.8882978723404,6436.650709219858,10206.682624113475,18368.721631205673,11220.196808510638,8039.099290780142,9296.789007092199,7049.219858156029,7756.429078014185,12102.241134751774,6938.932624113475,4602.663120567376,3279.945035460993,2711.709219858156,2035.104609929078,2252.001773049645,1659.3386524822695,1804.235815602837,2457.0939716312055,6369.287234042553,16750.060283687944,11720.120567375887,6986.890070921986,5257.562056737589,4006.290780141844,4103.829787234043,6318.982269503546,17769.707446808512,32892.04255319149,19480.46985815603,12123.283687943262,10012.498226950354,6596.475177304965,5399.9503546099295,5703.61170212766,4236.432624113475,4559.25354609929,4125.368794326241,3165.70390070922,2919.4148936170213,2357.8617021276596,2774.4521276595747,3197.4627659574467,2982.5124113475176,4338.404255319149,13419.058510638299,27645.41134751773,18633.41843971631,11052.661347517731,7475.349290780142,5985.663120567376,8254.079787234043,15354.363475177304,20052.313829787236,16904.242907801417,16301.72695035461,13729.386524822696,9210.021276595744,7834.881205673759,7177.381205673759,4761.686170212766,3121.3421985815603,2518.0070921985816,2236.8652482269504,1931.6719858156027,2145.5939716312055,2666.1400709219856,3195.095744680851,4455.895390070922,3388.9858156028367,2490.2978723404253,2219.732269503546,2005.854609929078,1967.0921985815603,1790.4787234042553,2337.1436170212764,2599.659574468085,2225.927304964539,1774.6719858156027,2208.803191489362,2438.186170212766,4001.863475177305,5552.7216312056735,4366.645390070922,3719.75,6804.06914893617,8987.985815602837,9282.601063829787,10334.11524822695,6599.20390070922,7411.45744680851,16449.89539007092,13862.244680851063,13474.425531914894,10525.971631205673,6554.060283687943,4981.640070921986,4167.636524822695,3258.8475177304963,2975.994680851064,2833.9148936170213,2955.104609929078,2408.386524822695,2603.241134751773,3085.191489361702,4621.551418439716,8426.372340425532,16708.602836879432,17213.94680851064,10366.304964539007,6772.425531914893,6999.2996453900705,9880.331560283688,8794.854609929078,5852.9663120567375,5467.882978723404,4152.693262411348,3478.372340425532,3354.8599290780144,2655.02304964539,1962.3936170212767,1858.4964539007092,1651.0797872340424,1730.8812056737588,1470.3351063829787,1731.209219858156,2699.5372340425533,5815.682624113475,16517.99645390071,17001.602836879432,10537.15780141844,7454.702127659574,5830.446808510638,6054.671985815603,4986.11170212766,3886.3581560283687,3506.875886524823,3496.778368794326,3155.0620567375886,4179.026595744681,4291.2216312056735,3081.7659574468084,3128.8156028368794,6134.643617021276,4093.1879432624114,2898.2854609929077,2140.7109929078015,2293.8102836879434,2747.7801418439717,2779.301418439716,2368.978723404255,2858.0124113475176,3414.0390070921985,3136.8368794326243,4746.085106382979,14041.205673758865,12851.150709219859,8615.212765957447,9857.778368794327,8755.86170212766,6430.363475177305,7762.498226950354,6115.31914893617,3910.1081560283687,2701.3067375886526,2417.6347517730496,1895.2198581560283,2116.7074468085107,2571.0248226950353,2602.9379432624114,2209.001773049645,2070.4698581560283,1805.7712765957447,1827.2216312056737,2071.840425531915,2750.627659574468,1804.6400709219859,1701.2482269503546,1443.7570921985816,1451.3156028368794,1573.5336879432625,1797.8031914893618,1709.5195035460993,1962.6879432624114,1599.1205673758866,1660.4751773049645,1652.4751773049645,2122.741134751773,2176.2358156028367,2079.496453900709,2760.4893617021276,4623.604609929078,4116.599290780142,3040.2748226950353,2212.0070921985816,1868.5425531914893,1610.264184397163,1735.7606382978724,1561.787234042553,1712.287234042553,1646.9414893617022,1676.6471631205675,2256.8102836879434,2863.563829787234,5234.895390070922,5504.058510638298,3782.3882978723404,4268.473404255319,7433.5283687943265,7159.691489361702,5339.122340425532,4741.691489361702,6415.04609929078,6012.060283687943,5065.035460992908,5487.668439716312,4309.136524822695,3545.0106382978724,5073.790780141844,5307.462765957447,7171.18085106383,11351.246453900709,7417.59219858156,5874.79609929078,6329.891843971631,4967.515957446809,4111.464539007092,3076.6063829787236,2196.6117021276596,2067.248226950355,2247.7109929078015,4564.370567375887,5652.446808510638,5031.053191489362,3961.0354609929077,2882.4698581560283,2371.904255319149,3063.349290780142,2695.97695035461,2741.3120567375886,2065.0868794326243,1962.3049645390072,2394.578014184397,5316.101063829788,4997.494680851064,3759.991134751773,2801.0886524822695,3195.1436170212764,3877.654255319149,4605.24645390071,5975.308510638298,9417.808510638299,6149.491134751773,6197.578014184397,8576.312056737588,10021.70744680851,9182.122340425532,13424.491134751774,8578.127659574468,5537.728723404255,4299.482269503546,3356.6347517730496,2284.691489361702,1842.9237588652481,1426.3014184397164,1395.663120567376,1272.6932624113474,1626.0797872340424,2738.040780141844,4081.0354609929077,2956.294326241135,2788.2074468085107,2796.8563829787236,3987.136524822695,11942.624113475178,18346.95035460993,11404.968085106382,8814.382978723404,8611.93439716312,11943.484042553191,8031.774822695035,5538.212765957447,5513.79255319149,4095.9078014184397,2971.246453900709,2841.0975177304963,5471.776595744681,12188.18439716312,11977.237588652482,7390.34219858156,4706.7996453900705,3850.303191489362,3893.1117021276596,3710.9432624113474,3220.317375886525,5612.537234042553,7683.239361702128,11599.189716312057,10916.533687943262,23748.36170212766,28347.413120567377,18524.686170212764,14200.331560283688,21015.16489361702,17586.96453900709,12586.132978723404,8360.969858156028,6282.50354609929,4971.063829787234,3919.778368794326,2774.182624113475,2528.4521276595747,3397.895390070922,8876.913120567377,13390.36524822695,9257.806737588653,8205.595744680852,18069.312056737588,21167.554964539006,14064.368794326241,10021.290780141844,11025.551418439716,16379.109929078015,19970.375886524824,27299.221631205673,17917.712765957447,10822.012411347518,7205.36524822695,5034.524822695035,3765.0354609929077,3516.781914893617,4105.72695035461,2925.363475177305,2383.6648936170213,1955.7624113475176,2382.9290780141846,2973.2890070921985,4950.63475177305,14925.367021276596,17006.939716312056,10574.36524822695,8282.432624113475,7102.968085106383,5299.382978723404,3701.255319148936,2989.886524822695,3107.6666666666665,8985.131205673759,15182.196808510638,9998.640070921985,9852.790780141844,10753.682624113475,8351.622340425532,14369.390070921985,13791.040780141844,8663.570921985816,5424.166666666667,3907.20390070922,3373.1347517730496,2814.177304964539,1962.781914893617,1728.5195035460993,1503.6382978723404,1477.9308510638298,1470.2517730496454,1565.2517730496454,1822.6914893617022,2180.7801418439717,1701.0248226950355,2209.241134751773,1974.508865248227,1966.2429078014184,2159.1170212765956,2265.7198581560283,2193.2836879432625,1963.5709219858156,1620.9219858156027,1797.5656028368794,1689.0531914893618,1801.2695035460993,1467.287234042553,1329.790780141844,1396.5602836879432,1512.863475177305,2252.478723404255,4256.070921985815,4431.519503546099,5642.90780141844,11219.696808510638,8372.719858156028,5820.351063829788,5560.9503546099295,5970.927304964539,4443.693262411348,3223.9609929078015,2839.5833333333335,2399.6932624113474,2714.0390070921985,3464.3581560283687,6780.923758865249,12507.581560283688,8872.99290780142,5694.9556737588655,4797.00354609929,7178.68085106383,8959.774822695035,12439.014184397163,13569.308510638299,14020.599290780141,8785.765957446809,5931.785460992908,5200.835106382979,4136.166666666667,2994.2145390070923,2362.5939716312055,2287.877659574468,2580.8333333333335,6358.886524822695,6453.0390070921985,6746.599290780142,7060.870567375887,6385.666666666667,4750.992907801418,4227.382978723404,3315.7375886524824,2642.517730496454,2330.078014184397,2371.1843971631206,2347.195035460993,3970.372340425532,10527.459219858156,9401.202127659575,6744.636524822695,6560.849290780142,11422.812056737588,24381.687943262412,18299.205673758865,11641.686170212766,7968.969858156029,6012.732269503546,4759.423758865249,5650.145390070922,16223.902482269503,26901.68439716312,21331.666666666668,14469.661347517731,9513.652482269503,7036.40780141844,6614.255319148936,13684.27304964539,14549.202127659575,17062.14893617021,25833.89539007092,18680.01418439716,15889.459219858156,25053.886524822694,19701.40070921986,12522.909574468085,8167.70744680851,5719.015957446809,4358.437943262411,3286.313829787234,2618.517730496454,3010.625886524823,4020.794326241135,9102.38829787234,18569.91843971631,13130.556737588653,8293.32269503546,6662.184397163121,5678.70744680851,4275.340425531915,3353.3333333333335,3429.4609929078015,4992.909574468085,6935.18085106383,15906.79255319149,26651.593971631206,23662.7304964539,14458.687943262412,9838.629432624113,9554.02304964539,6894.301418439716,4588.54255319149,3569.2109929078015,3341.173758865248,3938.1329787234044,6537.29609929078,5121.562056737589,3733.932624113475,2899.445035460993,3283.3333333333335,9269.79964539007,12395.49290780142,10592.528368794327,7377.473404255319,5151.484042553191,5054.397163120568,3670.771276595745,2942.0390070921985,2544.9893617021276,2504.313829787234,3612.8652482269504,11000.902482269503,10672.390070921985,6912.83865248227,4814.585106382979,4864.443262411348,9050.129432624113,20649.41134751773,19827.75354609929,12660.122340425532,8490.482269503545,5892.9663120567375,4117.374113475177,3244.718085106383,2767.017730496454,2780.294326241135,5902.79255319149,11659.056737588653,7864.606382978724,6223.916666666667,5775.443262411348,4450.684397163121,3098.971631205674,2783.6081560283687,2609.9060283687945,2488.4663120567375,2205.5195035460993,3528.801418439716,8603.982269503545,12739.780141843972,9054.264184397163,7727.173758865249,5031.7836879432625,3651.4432624113474,2862.9751773049647,2540.9698581560283,2332.1790780141846,5207.391843971631,16316.86170212766,22736.457446808512,15659.386524822696,9661.879432624113,6282.790780141844,4541.109929078014,3218.8918439716313,2571.909574468085,2366.0797872340427,3105.101063829787,2784.946808510638,3159.817375886525,3624.508865248227,7380.927304964539,17293.98404255319,20278.63475177305,16404.85460992908,14329.533687943262,18585.99645390071,13159.054964539007,8026.377659574468,5572.097517730496,4232.072695035461,3543.4343971631206,3083.221631205674,3019.301418439716,4374.0390070921985,4377.4716312056735,3471.349290780142,4877.026595744681,10674.076241134751,8028.148936170212,5230.030141843971,5330.847517730496,7322.336879432624,5806.909574468085,7116.687943262411,12786.16489361702,9214.824468085106,6216.290780141844,4301.156028368794,4591.65780141844,12650.304964539007,14457.154255319148,9845.09219858156,6667.099290780142,5108.343971631206,5545.33865248227,7349.29255319149,7542.324468085107,5188.459219858156,4607.193262411348,3064.4698581560283,2639.3421985815603,2682.8617021276596,2327.636524822695,2122.0141843971633,1899.4787234042553,1560.5354609929077,1470.9698581560283,1638.8333333333333,2104.22695035461,1712.5549645390072,1665.7482269503546,1401.276595744681,1914.7287234042553,3797.054964539007,4260.269503546099,3919.7925531914893,5709.374113475177,4971.97695035461,6019.171985815603,11212.645390070922,8240.102836879432,5485.932624113475,4571.390070921986,9698.898936170213,11263.460992907801,6811.037234042553,4534.932624113475,3516.945035460993,4330.345744680851,4395.7836879432625,3597.695035460993,4845.63829787234,12946.297872340425,10183.425531914894,7096.50354609929,6745.647163120568,13526.13475177305,10708.017730496455,6833.41134751773,4559.445035460993,4161.0283687943265,3499.959219858156,3360.1152482269504,2345.601063829787,1973.5390070921985,2644.8599290780144,2958.386524822695,2255.0159574468084,2227.246453900709,1860.6258865248226,1670.5035460992908,1324.049645390071,1369.0797872340424,1333.7039007092199,2166.8120567375886,2307.0,2348.1382978723404,2762.4202127659573,2496.3829787234044,2103.645390070922,2136.0868794326243,2311.7925531914893,2410.6205673758864,1693.3670212765958,1908.1950354609928,2580.4875886524824,3462.6613475177305,4410.340425531915,5087.29609929078,4266.689716312057,4611.258865248227,3858.5159574468084,4518.647163120568,3292.8599290780144,3579.645390070922,3516.125886524823,2828.209219858156,2265.1152482269504,2083.0336879432625,2133.955673758865,3424.531914893617,8331.031914893618,8352.109929078015,5464.175531914893,3804.744680851064,2744.3971631205673,2168.991134751773,1723.7429078014184,1742.9326241134752,1748.095744680851,2113.0248226950353,1873.72695035461,2358.418439716312,2346.776595744681,2299.6631205673757,1991.1968085106382,2063.1932624113474,3415.446808510638,5686.923758865249,5848.285460992908,5821.86524822695,5100.359929078014,7879.193262411348,18191.89539007092,13708.058510638299,9063.122340425532,6865.475177304965,5464.255319148936,3623.1631205673757,2528.70390070922,2159.978723404255,1941.6152482269504,1787.6790780141844,1461.2517730496454,1572.8971631205675,1844.290780141844,2549.9609929078015,3319.923758865248,4148.654255319149,2809.27304964539,2168.021276595745,1655.336879432624,1540.0354609929077,1305.8581560283687,1953.886524822695,2144.6578014184397,1937.7482269503546,1596.340425531915,2722.441489361702,2667.7393617021276,2220.622340425532,2062.47695035461,2328.7978723404253,1956.9556737588653,1629.3581560283687,1320.758865248227,1326.9663120567375,1168.6578014184397,1479.2375886524824,1526.3315602836878,1546.345744680851,1352.709219858156,1327.6081560283687,1166.8918439716313,1255.5460992907801,1167.7553191489362,1469.549645390071,1238.7074468085107,1476.436170212766,1757.468085106383,2083.790780141844,4338.345744680851,6573.445035460993,5561.0390070921985,3761.8421985815603,2489.421985815603,2174.863475177305,1877.5460992907801,1849.549645390071,1697.427304964539,1634.968085106383,1392.0177304964539,1518.6524822695035,1793.936170212766,3954.6843971631206,14165.432624113475,12321.191489361701,7897.909574468085,5962.65780141844,4583.040780141844,3166.5425531914893,2192.063829787234,2309.505319148936,3503.0195035460993,2768.526595744681,2055.436170212766,1797.2836879432625,1479.235815602837,1398.186170212766,1291.2039007092199,1889.27304964539,3354.425531914894,3227.1205673758864,2201.8120567375886,1933.1117021276596,2153.45390070922,2647.4113475177305,2130.2127659574467,2013.7056737588653,1560.0017730496454,1561.1968085106382,1276.4521276595744,1365.1187943262412,1677.2712765957447,3722.0851063829787,2884.686170212766,2137.455673758865,1634.2606382978724,1766.959219858156,2258.432624113475,2046.0549645390072,1551.8386524822695,1501.0939716312057,1155.3705673758866,1144.7890070921985,1192.099290780142,1269.4946808510638,1442.1312056737588,2337.868794326241,5490.051418439716,6001.656028368794,4157.61170212766,3746.5975177304963,4657.47695035461,4665.741134751773,3257.72695035461,3875.2393617021276,2847.776595744681,2347.5390070921985,1717.5939716312057,1541.354609929078,1272.1258865248226,1338.354609929078,1128.7446808510638,1298.6081560283687,1211.468085106383,1538.0921985815603,1866.47695035461,2242.1170212765956,1767.8882978723404,1610.014184397163,1490.8617021276596,2245.8829787234044,3049.0939716312055,4925.04255319149,18667.632978723403,34274.57624113475,21644.98404255319,12623.478723404256,7916.790780141844,5218.237588652482,3201.3581560283687,2274.7836879432625,1610.2251773049645,1544.264184397163,1377.663120567376,1509.2801418439717,1607.0354609929077,1739.1382978723404,1570.1702127659576,1612.2943262411347,1856.2854609929077,2361.303191489362,1888.741134751773,1816.700354609929,1497.636524822695,1623.4645390070923,1777.8315602836878,1979.5283687943263,1700.604609929078,1787.2748226950355,1526.8670212765958,1592.3102836879432,1594.9822695035461,2638.4645390070923,4571.420212765957,14493.455673758865,28338.258865248226,17836.7109929078,10157.097517730497,6789.351063829788,4374.18085106383,3633.031914893617,4185.828014184397,4651.445035460993,4091.932624113475,2943.1666666666665,2096.8439716312055,2106.3936170212764,3098.7659574468084,8293.381205673759,25836.228723404256,18867.72695035461,10404.544326241135,6997.7943262411345,4971.693262411348,4006.2145390070923,2819.8900709219856,2423.9166666666665,3305.099290780142,4163.978723404255,2753.308510638298,2391.276595744681,2162.2570921985816,2007.4946808510638,2154.5656028368794,2271.1294326241136,1790.1489361702127,1555.0939716312057,1372.700354609929,1357.1950354609928,1479.709219858156,1817.7960992907801,2525.636524822695,3734.404255319149,3549.748226950355,2621.721631205674,2007.4875886524824,1820.8652482269504,1398.4113475177305,1347.6808510638298,1223.363475177305,1338.7836879432625,1168.409574468085,1227.1241134751774,1202.6790780141844,1263.5762411347519,1251.913120567376,1379.904255319149,1076.2145390070923,1139.4326241134752,1042.776595744681,1265.0460992907801,1486.537234042553,1913.723404255319,1517.1684397163122,1458.27304964539,1801.6010638297873,1942.4078014184397,1460.7748226950355,1334.822695035461,1342.9308510638298,1537.037234042553,1629.0514184397164,1508.0851063829787,1165.349290780142,1197.8244680851064,1160.0549645390072,1518.7978723404256,1329.459219858156,1259.7677304964539,1176.0531914893618,1439.8918439716313,1886.7659574468084,3340.9060283687945,2266.895390070922,1869.2340425531916,1873.363475177305,2826.423758865248,1936.2960992907801,1579.6152482269504,1287.6755319148936,1305.9308510638298,1390.2570921985816,1618.9290780141844,1392.2464539007092,1989.1790780141844,1717.663120567376,1463.3687943262412,1197.3209219858156,1199.5124113475176,1155.7482269503546,1677.3794326241134,5407.95744680851,5812.975177304965,3571.732269503546,2883.8670212765956,2136.0921985815603,1708.1560283687943,1827.6170212765958,1970.6843971631206,1575.909574468085,1556.4432624113474,1378.5815602836878,1299.5106382978724,1217.9609929078015,1808.0585106382978,1953.3581560283687,1718.8120567375886,2458.854609929078,2701.540780141844,1744.9219858156027,1557.586879432624,1216.7340425531916,1233.3280141843973,1300.8386524822695,2672.322695035461,12415.29964539007,11997.359929078015,7379.017730496454,4923.16134751773,4272.88829787234,5743.4716312056735,3514.948581560284,2285.659574468085,1980.2659574468084,2815.9131205673757,2191.4148936170213,1655.6578014184397,1246.8510638297873,1229.854609929078,1137.9060283687943,1212.3989361702127,1103.2482269503546,1204.9414893617022,1382.3280141843973,2010.2783687943263,7297.595744680851,19459.68439716312,14358.280141843972,7622.340425531915,4450.99645390071,2856.432624113475,1819.7340425531916,1875.709219858156,2372.5,1952.491134751773,1653.1737588652481,2100.003546099291,1818.063829787234,1637.7925531914893,1324.491134751773,1484.9893617021276,1589.468085106383,1594.1400709219859,1962.3085106382978,4333.879432624113,6752.620567375887,5875.232269503546,3736.2429078014184,2963.5336879432625,4389.317375886525,3866.936170212766,3657.195035460993,3282.705673758865,2809.3652482269504,2179.2304964539007,1645.223404255319,1475.9379432624114,1268.7836879432625,1255.72695035461,1040.8705673758866,1074.0797872340424,1033.5514184397164,1119.3014184397164,1026.863475177305,1206.099290780142,1022.4432624113475,1093.8439716312057,933.7535460992908,1077.2535460992908,1105.5336879432625,1325.1400709219859,1194.9078014184397,1233.4875886524824,1235.413120567376,2001.136524822695,2066.340425531915,2626.2695035460993,2632.6631205673757,2382.3599290780144,2072.6063829787236,1781.6702127659576,1761.22695035461,2696.4698581560283,3800.2358156028367,3455.9060283687945,2744.8581560283687,2399.898936170213,1884.3297872340424,1660.7890070921985,1394.735815602837,1342.0124113475176,1215.2890070921985,1559.336879432624,4313.945035460993,7306.5496453900705,4771.808510638298,3222.271276595745,2073.6117021276596,1863.6578014184397,3007.150709219858,2823.70390070922,2041.0354609929077,2821.131205673759,8148.356382978724,11255.125886524822,10113.306737588653,5713.480496453901,3375.991134751773,2412.0886524822695,1789.4379432624114,2570.423758865248,6359.54255319149,4917.806737588652,2742.31914893617,1908.1613475177305,1397.723404255319,1298.2606382978724,1565.6205673758866,3111.2978723404253,3096.473404255319,2938.4166666666665,2122.074468085106,2507.028368794326,7591.654255319149,12266.806737588653,13610.099290780141,7478.927304964539,4076.501773049645,3294.6879432624114,5290.9716312056735,15361.271276595744,10006.879432624113,5101.49645390071,3956.4645390070923,3346.81914893617,1958.7287234042553,1663.9840425531916,1285.4450354609928,1412.5762411347519,1611.4202127659576,1481.6241134751774,1362.840425531915,1634.4414893617022,1509.0,2090.3705673758864,4164.514184397163,3163.1897163120566,1764.4964539007092,1448.5354609929077,1130.6914893617022,1272.1347517730496,1573.526595744681,1392.1418439716313,1106.7163120567375,1360.5212765957447,1919.090425531915,2110.308510638298,1831.654255319149,2716.0797872340427,2068.0301418439717,2097.3900709219856,4779.524822695035,4180.34219858156,2611.7890070921985,1918.2836879432625,1557.758865248227,3518.8599290780144,3435.136524822695,2278.0620567375886,2278.445035460993,3428.0141843971633,2873.445035460993,3488.8156028368794,3274.9840425531916,3147.2624113475176,6040.421985815603,10720.487588652482,6780.037234042553,3760.124113475177,2222.0372340425533,1807.712765957447,1327.9804964539007,1287.6648936170213,1138.909574468085,1228.436170212766,1340.7712765957447,3317.631205673759,7040.505319148936,4934.86170212766,2811.8882978723404,3874.6400709219856,11349.886524822696,9287.97695035461,4554.847517730496,2985.6648936170213,2751.551418439716,4107.026595744681,4031.758865248227,3357.54609929078,2290.8918439716313,1705.4751773049645,1198.0567375886526,1078.8386524822695,1065.7677304964539,1228.758865248227,1070.8563829787233,1057.3812056737588,1238.372340425532,1989.473404255319,1810.781914893617,1655.973404255319,2139.1117021276596,4200.141843971631,3532.3581560283687,2470.8120567375886,1866.7854609929077,5288.487588652482,13364.287234042553,19089.98404255319,11439.363475177304,5071.320921985815,2452.0354609929077,1659.0177304964539,1220.531914893617,1719.8297872340424,1599.1471631205675,1369.0035460992908,1120.0567375886526,1156.3510638297873,1038.8120567375886,1121.9609929078015,1083.9929078014184,1373.122340425532,1527.0070921985816,2839.7606382978724,13184.618794326241,21920.820921985814,11833.093971631206,5149.008865248227,2713.304964539007,1808.549645390071,1320.968085106383,1378.718085106383,1295.462765957447,1278.0124113475176,1161.25,1169.9078014184397,1251.4308510638298,1522.599290780142,1731.563829787234,1705.1010638297873,1420.1099290780141,1500.2517730496454,1616.7340425531916,4146.370567375887,15121.882978723404,28651.75,21185.602836879432,9084.015957446809,4050.3156028368794,2425.4751773049647,1838.5833333333333,1929.4840425531916,1416.849290780142,1269.427304964539,1133.9202127659576,1130.0833333333333,1014.2446808510638,1171.1790780141844,980.0851063829788,1019.1258865248227,1153.741134751773,1176.4893617021276,1084.9397163120568,1477.099290780142,4166.168439716312,6327.395390070922,3482.159574468085,1902.8386524822695,1262.0620567375886,1229.4698581560283,1430.7535460992908,1457.5390070921985,1164.212765957447,1246.5975177304965,1102.6684397163122,1226.8829787234042,1088.2340425531916,1279.2801418439717,1421.2039007092199,1553.936170212766,1319.2216312056737,1374.2429078014184,1192.3280141843973,1233.2198581560283,1215.2890070921985,3269.3617021276596,8094.445035460993,7128.218085106383,3156.248226950355,1798.8475177304965,1216.6382978723404,1100.3812056737588,1165.4787234042553,1654.1187943262412,2331.9840425531916,6750.400709219858,8968.466312056738,5198.826241134751,2548.168439716312,1704.735815602837,1286.3209219858156,1364.2836879432625,1164.7748226950355,1163.099290780142,1054.5939716312057,1211.895390070922,1340.1808510638298,1720.8882978723404,1580.1719858156027,1899.3333333333333,5079.27304964539,17541.728723404256,21731.47695035461,11584.508865248226,5449.652482269504,3208.813829787234,1832.3971631205675,1422.9219858156027,1016.8014184397163,1111.8918439716313,953.0478723404256,1014.2801418439716,981.9698581560284,1328.6826241134752,3200.7801418439717,4762.994680851064,3023.303191489362,1722.872340425532,1211.599290780142,1130.5921985815603,983.2304964539007,1061.0390070921985,931.4698581560284,1054.9716312056737,910.572695035461,1094.3670212765958,1037.3386524822695,1100.1914893617022,1103.9237588652481,1114.1063829787233,984.3670212765958,1278.0975177304965,1774.7854609929077,6800.241134751773,17722.397163120568,22285.482269503547,11908.109929078015,5404.308510638298,2749.159574468085,1829.2446808510638,1179.799645390071,1157.3563829787233,997.3723404255319,1077.7695035460993,889.6258865248227,989.2624113475177,1046.0443262411347,1085.6205673758866,988.299645390071,1056.2748226950355,954.0886524822695,1062.3741134751774,943.168439716312,1087.936170212766,1655.4946808510638,2776.604609929078,3105.349290780142,2077.803191489362,1284.3510638297873,1141.7340425531916,962.386524822695,1067.5354609929077,929.7641843971631,1036.02304964539,945.6099290780141,1018.8209219858156,1019.6418439716313,1173.8758865248226,1144.4875886524824,1176.7783687943263,1027.9166666666667,1136.1312056737588,1005.8262411347517,1158.7624113475176,1086.4964539007092,1131.2375886524824,939.5035460992908,1023.1170212765958,1074.1826241134752,1014.177304964539,977.0939716312057,1113.2393617021276,1189.0585106382978,1855.8262411347519,2296.0620567375886,2816.6613475177305,1875.5744680851064,1338.9539007092199,1002.5939716312057,1025.0531914893618,946.7978723404256,1039.2322695035461,873.1329787234042,1017.1648936170212,1014.9663120567376,1282.636524822695,1238.5390070921985,1159.1241134751774,1003.177304964539,1073.7943262411347,1010.1790780141844,1084.822695035461,936.2322695035461,1077.4751773049645,949.5443262411347,1082.1187943262412,998.9007092198582,1043.0851063829787,914.0248226950355,1055.7464539007092,1159.900709219858,1431.372340425532,1413.6312056737588,1656.212765957447,1385.8847517730496,1645.8528368794325,1813.0886524822695,2021.1312056737588,1446.5585106382978,1211.6400709219859,1010.7393617021277,1091.4468085106382,1088.0195035460993,1249.4184397163122,1155.186170212766,1273.863475177305,1549.427304964539,2132.145390070922,2542.099290780142,2452.3067375886526,1546.526595744681,1215.6329787234042,1056.709219858156,1096.6170212765958,993.7606382978723,1157.3971631205675,1069.0797872340424,1287.9698581560283,1363.485815602837,2439.973404255319,7524.521276595745,15933.38475177305,22707.554964539006,24399.427304964538,13358.290780141844,5712.168439716312,2566.154255319149,1812.0177304964539,1389.3705673758866,1489.3563829787233,1659.104609929078,1969.4716312056737,1887.427304964539,1698.3670212765958,1328.5478723404256,1379.473404255319,1329.1985815602836,1389.1950354609928,1208.122340425532,1176.904255319149,991.2730496453901,1100.2517730496454,900.6223404255319,1119.264184397163,964.645390070922,1071.1578014184397,938.9875886524823,971.3687943262412,843.0248226950355,929.1347517730496,911.6808510638298,1018.2517730496454,876.2039007092199,1013.9202127659574,1264.1418439716313,1385.8936170212767,1301.3741134751774,1436.985815602837,1366.8882978723404,2854.895390070922,7315.2836879432625,11555.7304964539,15321.81560283688,15800.558510638299,8872.147163120568,3840.040780141844,2087.900709219858,1880.9148936170213,1813.776595744681
580.7659963436929,503.9305301645338,530.3656307129799,465.78793418647166,592.7568555758684,432.83363802559415,542.8848263254114,525.7294332723949,557.5082266910421,526.6526508226691,584.1590493601462,508.85009140767824,617.274223034735,478.2138939670932,596.5228519195613,616.3327239488117,656.0036563071297,617.0127970749543,595.3180987202925,569.0968921389397,608.7385740402194,572.3107861060329,677.9926873857404,600.0694698354662,695.6691042047532,678.3400365630713,650.4588665447898,593.7934186471664,643.4862888482633,582.7696526508226,692.3400365630713,611.2175502742231,707.418647166362,636.725776965265,708.7842778793419,610.7915904936015,730.7568555758684,592.5996343692871,710.7970749542961,599.091407678245,712.0804387568555,642.5502742230348,627.3802559414991,718.0621572212066,669.72760511883,536.9341864716636,651.0566727605119,727.4021937842779,751.0749542961609,630.5027422303474,721.8464351005484,691.5594149908592,715.9780621572212,690.5923217550275,743.6599634369287,599.963436928702,725.4844606946983,653.8391224862888,690.3839122486289,633.981718464351,702.0036563071297,641.2138939670932,688.0127970749543,624.4533820840951,738.3564899451554,656.0457038391224,727.7129798903107,672.9012797074954,622.6636197440585,729.2925045703839,680.4680073126143,669.6928702010969,725.3382084095064,645.5173674588665,714.036563071298,680.9744058500914,743.1736745886654,680.7440585009141,693.1133455210238,823.6106032906764,772.3089579524681,674.8756855575868,732.0822669104205,717.4424131627056,740.5009140767825,695.5703839122486,782.5009140767825,651.9177330895795,710.6764168190128,714.2870201096893,747.5191956124314,661.8153564899452,778.3546617915905,762.1499085923217,725.6453382084095,748.3564899451554,752.5393053016453,725.81718464351,791.5886654478976,703.3857404021937,789.1864716636197,717.327239488117,751.2595978062158,706.528336380256,681.5411334552102,694.8464351005484,810.0475319926874,669.7239488117002,767.945155393053,702.2669104204754,645.8574040219379,839.5722120658136,833.0987202925046,744.1316270566728,776.5886654478976,736.7970749542961,844.274223034735,716.617915904936,800.4241316270567,770.7074954296161,770.5758683729433,778.5484460694698,823.7440585009141,740.2851919561243,797.5758683729433,709.1206581352834,768.9762340036563,721.5447897623401,844.2193784277879,797.4972577696526,818.6764168190128,761.0475319926874,842.127970749543,739.4387568555759,754.9908592321755,740.0493601462523,818.81718464351,778.5521023765996,822.2102376599635,668.8318098720292,775.0036563071297,693.0347349177331,677.7879341864717,822.9195612431445,859.1334552102377,757.7440585009141,779.1499085923217,775.8208409506399,786.2614259597806,800.1572212065813,787.6855575868373,730.471663619744,769.6453382084095,746.9213893967093,849.9597806215722,802.8592321755027,787.6855575868373,783.8244972577696,769.4533820840951,691.036563071298,831.7129798903107,800.327239488117,767.5831809872029,780.6581352833638,833.4040219378428,774.0895795246801,800.0201096892139,796.762340036563,849.1389396709324,718.5356489945156,868.1974405850092,800.7970749542961,845.581352833638,772.9872029250457,740.6087751371115,870.8244972577696,889.0146252285192,776.0274223034735,853.2559414990859,759.1901279707496,894.0,789.9378427787934,799.81718464351,801.0840950639854,770.9360146252285,756.946983546618,835.1261425959781,815.2614259597806,796.0255941499086,823.2943327239489,825.7934186471664,810.3235831809872,844.1060329067642,776.9506398537477,860.0676416819013,768.6489945155394,863.3308957952468,820.7696526508226,829.3491773308958,885.2340036563071,806.5319926873857,835.7714808043876,874.855575868373,825.4954296160878,850.7166361974406,773.5795246800732,734.8500914076783,913.4168190127971,817.7148080438757,835.0694698354662,873.4277879341864,804.363802559415,862.0438756855576,795.053016453382,855.0511882998172,815.7074954296161,864.1334552102377,783.81718464351,821.0767824497258,793.8811700182815,845.3747714808044,842.1389396709324,879.1901279707496,812.9396709323584,874.8665447897623,864.8263254113346,833.0968921389397,788.3199268738574,819.0566727605119,868.7129798903107,877.2230347349177,842.9963436928703,868.981718464351,876.0073126142596,865.6745886654479,873.1627056672761,803.6581352833638,780.6453382084095,782.9908592321755,914.7714808043876,869.2029250457039,827.3875685557587,792.6489945155394,816.0731261425959,825.18281535649,808.1297989031078,849.435100548446,754.764168190128,812.7733089579525,837.0091407678245,785.2998171846435,830.0237659963437,770.6636197440585,774.1681901279708,840.8702010968922,795.7586837294333,798.4058500914077,808.7531992687386,843.3564899451554,835.290676416819,834.254113345521,857.3382084095064,873.6197440585009,765.4515539305302,891.2065813528336,808.5063985374771,842.1188299817185,883.3107861060329,834.7020109689214,815.2248628884827,884.0457038391224,949.3747714808044,898.9945155393053,814.9268738574041,945.5978062157221,859.0054844606947,865.1736745886654,867.0822669104205,852.4698354661791,843.6142595978063,880.81718464351,780.9341864716636,815.4478976234004,849.0621572212066,846.363802559415,881.6343692870201,859.4826325411335,877.5941499085923,855.6160877513711,781.363802559415,879.8574040219379,810.7531992687386,837.4570383912248,843.7897623400365,873.2047531992688,847.3912248628885,887.7714808043876,801.6910420475319,865.564899451554,818.7001828153565,863.2212065813528,816.2010968921389,787.4698354661791,975.3107861060329,897.2394881170019,892.2468007312614,834.5393053016453,811.7349177330896,864.5356489945156,840.2084095063985,855.0877513711151,886.4387568555759,829.8409506398538,835.6215722120658,894.1060329067642,830.7824497257769,909.9012797074954,816.7733089579525,847.0877513711151,869.6581352833638,900.6032906764168,858.7696526508226,899.235831809872,901.4277879341864,890.9652650822669,843.9122486288849,880.1480804387569,891.4661791590494,838.7184643510055,917.4003656307129,916.0749542961609,858.8628884826326,901.8299817184643,814.4606946983547,780.6508226691042,1017.2047531992688,1042.5502742230346,925.7330895795246,915.4771480804387,908.3546617915905,950.1243144424132,846.4753199268739,918.3546617915905,837.800731261426,882.1206581352834,938.8226691042048,823.0274223034735,916.4661791590494,976.0091407678245,920.1407678244973,961.3564899451554,906.8117001828153,914.3985374771481,896.5155393053017,937.3747714808044,941.0895795246801,928.7074954296161,890.4040219378428,902.8372943327239,892.4223034734918,875.5831809872029,880.4643510054844,929.3912248628885,928.8866544789762,932.1297989031078,853.327239488117,823.5484460694698,962.3162705667276,959.6160877513711,920.3180987202925,946.8738574040219,1002.1572212065813,1096.6069469835465,1028.5374771480804,956.6837294332724,909.0987202925046,912.0237659963437,919.7166361974406,969.7404021937842,913.7769652650823,932.5904936014625,971.745886654479,976.8409506398538,964.2468007312614,984.9597806215722,910.1389396709324,1000.091407678245,925.8025594149908,975.6983546617915,946.1407678244973,1009.4643510054844,977.0420475319927,945.0859232175503,927.4680073126143,958.9195612431445,906.5941499085923,957.2925045703839,924.5703839122486,853.4917733089579,1058.9762340036564,948.8665447897623,966.3546617915905,997.1243144424132,941.5831809872029,1026.1663619744058,962.5795246800732,974.0786106032907,1037.8409506398536,1017.3308957952468,943.6197440585009,998.8226691042048,932.237659963437,944.8299817184643,997.5246800731261,1064.636197440585,1033.6508226691042,1071.7294332723948,1004.5118829981718,1024.418647166362,981.4478976234004,984.4241316270567,1039.6197440585008,994.2687385740402,999.9981718464351,1060.6215722120658,1035.3327239488117,1043.8318098720292,1019.1718464351005,1054.0255941499086,916.2577696526508,969.2285191956124,1195.9524680073125,1024.2120658135284,1105.453382084095,1066.8610603290676,1020.1553930530165,1125.764168190128,1179.765996343693,1231.3254113345522,1059.1462522851918,1056.4844606946983,980.9670932358318,973.672760511883,1026.237659963437,1050.8665447897624,1007.8647166361974,1057.1389396709324,1004.5393053016453,1057.6928702010969,1032.6508226691042,1007.8354661791591,983.2614259597806,1078.3729433272395,999.1389396709324,1054.928702010969,1087.3893967093236,1048.2522851919562,979.2029250457039,944.4223034734918,958.5118829981718,991.8446069469835,917.9177330895795,950.3473491773309,1079.3071297989031,1091.870201096892,958.3180987202925,1001.6014625228519,1043.6453382084096,1189.473491773309,1146.8665447897624,1139.1535648994516,973.3382084095064,1019.9890310786107,1008.0603290676416,1045.2705667276052,1156.0402193784278,1162.6160877513712,1111.0219378427787,996.3546617915905,988.7513711151737,1011.3528336380256,1026.3199268738574,1126.4241316270566,1094.3820840950639,1078.2833638025595,1025.837294332724,1042.0493601462522,1033.965265082267,1166.0146252285192,1151.7733089579524,1256.1115173674589,1106.3382084095065,1085.5904936014624,990.5941499085923,984.0493601462523,1118.2065813528336,1060.6471663619743,979.892138939671,1087.2778793418647,1092.5137111517367,1097.0694698354662,1128.8135283363802,1093.2285191956125,1036.672760511883,1085.5100548446069,1128.3180987202925,1250.107861060329,1062.5776965265081,1107.7056672760511,1097.36563071298,1145.4332723948812,1119.5685557586837,1093.1901279707495,1045.3564899451553,1247.9542961608774,1176.4442413162706,1111.0146252285192,1087.8683729433271,1126.0767824497257,1113.9067641681902,1158.6965265082267,1106.54478976234,1092.762340036563,1028.3126142595977,1109.1371115173674,1039.652650822669,952.3473491773309,1152.784277879342,1089.7294332723948,1056.1773308957952,1071.6489945155392,1064.1188299817184,1135.343692870201,1044.109689213894,1113.636197440585,1102.656307129799,1042.72760511883,1121.3144424131626,1105.6124314442413,986.1901279707496,1143.0968921389397,1063.3363802559415,1073.2687385740403,998.4917733089579,1119.5703839122486,1077.709323583181,1061.8555758683729,1066.7020109689213,1036.5338208409507,994.3619744058501,1097.7495429616088,1056.7166361974405,1085.1663619744058,1079.2833638025595,1125.8446069469835,1011.054844606947,1110.107861060329,1027.1389396709324,1077.563071297989,1086.9305301645338,1163.5137111517367,1112.367458866545,1097.2321755027422,1172.4058500914077,1253.4314442413163,1139.8244972577697,1198.890310786106,1148.925045703839,1271.870201096892,1160.2303473491772,1202.0402193784278,1152.870201096892,1016.2925045703839,1094.3308957952468,1195.4899451553931,1152.8336380255942,1183.5612431444242,1038.0840950639854,1067.0603290676418,1047.2778793418647,1246.056672760512,1279.036563071298,1234.8117001828155,1108.2943327239489,1036.4972577696526,992.2138939670932,1185.0621572212067,1129.6069469835465,1302.2230347349177,1154.5374771480804,1102.3180987202925,1267.4259597806215,1418.2650822669104,1273.2943327239489,1151.5118829981718,1033.8866544789762,1091.8537477148082,1044.4076782449727,1128.6106032906764,1147.6197440585008,1162.3820840950639,1096.1352833638025,1081.6307129798904,1042.4789762340038,1164.979890310786,1147.2778793418647,1249.4625228519196,1046.1170018281537,1157.6435100548447,1022.3327239488117,1115.2650822669104,1099.5685557586837,1355.8427787934186,1056.9305301645338,1041.6599634369286,1000.81718464351,1132.7568555758685,1150.6106032906764,1267.3144424131626,1042.4259597806215,1042.2065813528336,931.8409506398538,1078.5685557586837,1260.0383912248628,1256.2321755027422,1084.0402193784278,1137.9872029250457,1079.6928702010969,1232.1334552102376,1158.2431444241315,1153.0475319926875,1106.071297989031,1100.3601462522852,1145.7769652650823,1221.475319926874,1071.7733089579524,1021.7897623400365,1082.4021937842779,1291.744058500914,1407.8409506398536,1574.8464351005484,1242.0658135283363,1206.054844606947,1106.4040219378428,1106.341864716636,1068.7915904936015,1118.7001828153566,1078.8226691042048,1290.5685557586837,1054.18281535649,1068.3034734917733,962.235831809872,1015.1590493601462,956.1151736745886,1009.2157221206581,1076.453382084095,1231.7166361974405,1188.4021937842779,1108.0292504570384,1036.8665447897624,1129.782449725777,1071.6471663619743,1154.051188299817,1167.2632541133455,1140.4314442413163,1031.943327239488,1037.7915904936015,992.5594149908592,1048.9085923217551,1009.564899451554,1120.3491773308958,1079.8135283363802,1170.8683729433271,1206.1919561243144,1369.2961608775138,1088.603290676417,1116.4223034734919,1010.7915904936015,1026.3199268738574,976.6325411334552,1107.3839122486288,1035.9926873857405,1208.4351005484461,1238.0255941499086,1478.107861060329,1526.583180987203,1181.7184643510054,1178.0840950639854,1188.0950639853747,1085.1462522851918,1469.3912248628885,1693.347349177331,1607.6928702010969,1764.0694698354662,1497.2650822669104,1078.45155393053,1160.5923217550273,1060.0658135283363,1169.2522851919562,1161.4606946983547,1463.9305301645338,1782.5155393053017,1548.8976234003655,1395.5868372943328,1573.2778793418647,1444.416819012797,1481.945155393053,1374.1755027422303,1726.8464351005484,2490.9908592321754,3045.217550274223,2379.857404021938,1883.1956124314443,1526.9908592321756,1488.4131627056672,1577.5100548446069,2250.3034734917733,2556.3473491773307,1555.946983546618,1375.3327239488117,1323.0585009140768,1311.0968921389397,1328.4405850091407,1159.3528336380257,1300.4698354661791,1203.4936014625227,1546.2084095063985,1662.18281535649,1420.071297989031,1136.6398537477148,1221.8866544789762,1171.0804387568555,1464.0420475319927,1852.4387568555758,2319.530164533821,2506.5393053016455,2133.4643510054843,1428.0859232175503,1690.367458866545,1395.6179159049361,1380.6654478976234,1519.6051188299816,1931.4954296160877,1686.2778793418647,1342.2102376599635,1448.6691042047532,1401.762340036563,1386.5978062157221,1856.6489945155392,1575.8281535648994,1392.7038391224862,1575.6654478976234,1498.6270566727605,1205.7385740402194,1334.3071297989031,1530.2504570383912,2117.73126142596,1739.2815356489946,1789.8610603290676,1529.1352833638025,1354.8500914076783,1253.109689213894,1308.1243144424132,1388.928702010969,1717.656307129799,1868.689213893967,1798.819012797075,2326.104204753199,2987.7641681901277,3621.5009140767825,2882.6032906764167,2345.4972577696526,1873.1572212065814,1698.3199268738574,1481.2870201096891,1197.9104204753198,1324.3180987202925,1467.979890310786,1876.744058500914,2319.4661791590493,1717.0383912248628,1324.217550274223,1300.4223034734919,1448.2413162705668,1501.3126142595977,1144.6398537477148,1373.1407678244973,1424.6142595978063,1903.4680073126142,2741.433272394881,3384.473491773309,1744.7422303473493,1429.3162705667276,1336.798903107861,1749.508226691042,2210.5703839122484,2117.08957952468,1467.5009140767825,1426.8994515539305,1351.1407678244973,1624.8500914076783,1495.6288848263255,1804.420475319927,2443.266910420475,3345.9561243144426,2137.687385740402,2143.0603290676418,2363.2943327239486,1685.998171846435,1363.9323583180987,1458.164533820841,1669.9579524680073,2453.8062157221207,3071.1956124314443,2345.9140767824497,1685.943327239488,1769.0822669104205,2188.9561243144426,1555.308957952468,1211.288848263254,1363.0840950639854,1225.925045703839,1295.8628884826326,1259.2029250457038,1508.0639853747714,1233.7385740402194,1371.1042047531992,1231.034734917733,1237.4990859232175,1146.839122486289,1263.1425959780622,1298.1937842778793,1671.8665447897624,1590.63436928702,1822.636197440585,1359.1572212065814,1386.0054844606948,1201.9122486288848,1304.0639853747714,1387.672760511883,1592.7897623400365,1597.5685557586837,1724.9853747714808,1643.4771480804388,1677.563071297989,1477.689213893967,1580.0274223034735,1790.5539305301645,1644.5137111517367,1574.471663619744,2039.7915904936015,1856.709323583181,1628.8665447897624,1469.3034734917733,1460.4442413162706,1404.5941499085923,1763.4606946983547,2241.073126142596,2515.1206581352835,1745.288848263254,1363.5740402193785,1419.109689213894,1975.4862888482633,1610.1974405850092,1817.3290676416818,1954.2833638025595,1934.1499085923217,1836.6873857404023,1759.711151736746,1579.7531992687386,1695.9707495429616,1335.8098720292505,1424.0914076782449,1377.8025594149908,1503.2961608775138,1388.892138939671,1490.2742230347349,1364.2230347349177,1505.6617915904935,1747.1023765996345,1656.8793418647167,1434.2979890310787,1550.0932358318098,1479.7861060329067,1599.1133455210238,1781.5904936014624,1867.420475319927,1786.5612431444242,1797.2303473491772,1650.7678244972578,1911.8062157221207,2205.510054844607,2615.4606946983545,2639.983546617916,2234.1206581352835,1843.4606946983547,2142.8263254113344,2178.513711151737,2030.6087751371115,1942.160877513711,1998.8336380255942,1832.0804387568555,1856.4351005484461,1757.5521023765996,1712.001828153565,1747.870201096892,1859.7970749542962,1756.4606946983547,2831.0073126142597,2920.568555758684,1965.6819012797075,1803.762340036563,2131.2102376599632,1582.1901279707495,1851.7586837294332,1714.8884826325411,1643.6691042047532,1778.3893967093236,2176.4789762340038,2732.7568555758685,2997.9872029250455,1773.4241316270566,1999.9414990859232,2733.0274223034735,3913.943327239488,4843.6087751371115,3754.438756855576,2434.4095063985374,1980.0420475319927,2242.201096892139,2820.616087751371,3070.4808043875687,4124.725776965265,4014.2998171846434,3897.107861060329,4593.851919561243,5021.1206581352835,4791.073126142596,3247.1005484460693,2548.7714808043875,3192.597806215722,2276.1316270566726,1685.0109689213893,1692.9031078610603,2055.204753199269,2129.382084095064,2072.0201096892138,1825.1316270566729,2058.316270566728,2157.586837294333,1787.2212065813528,1908.8098720292505,2960.998171846435,3054.162705667276,2449.568555758684,2159.9780621572213,2411.104204753199,1862.1407678244973,1939.0639853747714,2120.8665447897624,2561.4844606946986,2721.850091407678,2439.8446069469837,1840.8062157221207,1659.2065813528336,1487.1334552102376,1885.2065813528336,2558.2340036563073,2895.6672760511883,2364.9012797074956,2166.380255941499,1870.1133455210238,2584.1389396709324,2904.798903107861,2357.0,3070.457038391225,3290.8263254113344,2474.3308957952468,3025.8610603290676,2958.325411334552,2975.73126142596,2338.144424131627,1920.9031078610603,2127.9798903107862,2836.380255941499,3829.5393053016455,4983.829981718464,4363.9049360146255,4352.427787934186,3501.4606946983545,3394.9122486288848,3110.413162705667,3512.6051188299816,3956.9670932358317,3766.204753199269,4479.564899451554,4694.314442413162,3120.9341864716635,2433.787934186472,1931.4241316270566,2260.7586837294334,2460.2504570383912,3352.418647166362,3665.7001828153566,3353.9762340036564,3491.9762340036564,3791.367458866545,4591.614259597806,5158.798903107861,3525.3510054844605,3947.72760511883,3866.6672760511883,2975.180987202925,3290.4808043875687,4007.9872029250455,3581.040219378428,3424.63802559415,2978.018281535649,3842.2303473491775,3865.524680073126,3957.204753199269,3911.6819012797073,4686.736745886655,3706.888482632541,3126.7513711151737,3041.6819012797073,3704.1371115173674,3770.1882998171845,3245.3912248628885,2441.036563071298,1994.5210237659962,1567.6928702010969,1795.7166361974405,1644.4954296160877,1516.2230347349177,1466.308957952468,1661.4387568555758,1422.7568555758685,1487.837294332724,1489.3199268738574,1486.9067641681902,1429.436928702011,1532.636197440585,1628.3564899451553,1806.4460694698355,1735.5868372943328,2518.1389396709324,3342.3400365630714,2925.382084095064,2193.7678244972576,1545.7221206581353,1319.508226691042,1613.892138939671,1846.4314442413163,2177.146252285192,1481.3546617915904,1644.7879341864716,1545.0621572212067,1672.6453382084096,1806.0968921389397,1839.1023765996345,1291.7696526508228,1405.219378427788,1438.6508226691042,1672.1956124314443,1785.9159049360146,2001.1937842778793,2436.1224862888484,2997.5722120658133,2317.113345521024,2029.6252285191956,2256.0475319926873,1635.7422303473493,1400.2303473491772,1493.471663619744,1433.201096892139,1761.0109689213893,2419.7751371115173,3068.438756855576,1846.4881170018282,1915.8555758683729,2251.486288848263,2732.3564899451553,3422.1937842778793,2501.475319926874,1731.034734917733,2423.038391224863,2058.738574040219,1686.5557586837294,1324.8866544789762,1686.8025594149908,2012.107861060329,2580.8244972577695,1870.491773308958,2201.998171846435,2279.038391224863,2137.126142595978,1349.3546617915904,1486.5850091407679,1515.8299817184643,1926.2120658135284,2612.6087751371115,4385.54113345521,5377.038391224863,5678.396709323583,3205.382084095064,1789.4095063985376,1368.8555758683729,1411.4351005484461,1250.4387568555758,1477.8226691042048,1489.4040219378428,2064.9140767824497,2339.531992687386,2874.5575868372944,3389.6581352833637,4150.875685557587,2187.400365630713,1910.9725776965265,1814.0786106032906,2035.1572212065814,2098.8811700182814,2985.9707495429616,3838.2303473491775,3181.6471663619745,2304.4259597806217,3077.3546617915904,2361.0639853747716,1615.839122486289,1440.1425959780622,1721.765996343693,2061.45521023766,3164.7202925045704,2512.9323583180985,1803.2449725776964,1749.5502742230346,2020.8994515539305,2130.073126142596,2377.926873857404,2007.3893967093236,1694.8665447897624,2068.744058500914,2122.738574040219,1930.4954296160877,3084.164533820841,2912.4497257769654,1888.4680073126142,1779.6782449725777,2687.4442413162706,2841.8171846435102,2301.9561243144426,2621.9159049360146,3766.319926873857,5166.195612431444,3719.7641681901277,1958.363802559415,1595.7586837294332,1277.3071297989031,1443.8519195612432,1380.6252285191956,1814.5356489945154,1558.2797074954296,1455.073126142596,1263.4478976234004,1344.4223034734919,1097.5868372943328,1232.8446069469835,1273.6142595978063,1326.9945155393052,1357.9542961608774,1363.8080438756856,1098.2943327239489,1429.453382084095,1450.1334552102376,1347.8464351005484,1122.1681901279708,1261.9853747714808,1121.1389396709324,1251.107861060329,1188.652650822669,1336.3564899451553,1100.126142595978,1262.2833638025595,1086.8537477148082,1403.6453382084096,1205.0237659963436,1250.5393053016453,1106.6983546617917,1219.3510054844608,1132.8281535648994,1224.3564899451553,1205.129798903108,1462.0859232175503,1157.053016453382,1236.8135283363802,1138.9707495429616,1222.2669104204754,1070.4606946983547,1160.109689213894,1336.5557586837294,1512.5319926873858,1497.579524680073,1426.3711151736745,1398.9689213893967,1729.4424131627056,1800.3199268738574,1596.9213893967094,1700.0950639853747,2346.1773308957954,1588.8135283363802,1298.054844606947,1154.6745886654478,1258.1864716636198,1253.4259597806215,1177.2595978062157,1089.9707495429616,1315.1151736745887,1065.6398537477148,1286.689213893967,1101.436928702011,1261.2760511882998,1181.1864716636198,1176.7970749542962,1090.8610603290676,1193.5539305301645,1196.815356489945,1544.9360146252286,1802.9524680073125,1664.0127970749543,1344.526508226691,1316.4808043875685,1487.107861060329,1474.689213893967,1264.780621572212,1425.071297989031,1455.3692870201096,1646.8464351005484,1283.5959780621572,1185.5886654478977,1163.632541133455,1295.5319926873858,1264.3564899451553,1693.1480804387568,1986.6745886654478,1811.6252285191956,1282.4058500914077,1347.4296160877514,1428.3162705667276,1910.0475319926875,1433.8976234003655,1454.0877513711152,1549.6288848263255,1913.4497257769654,2072.2449725776964,2089.206581352834,1618.4149908592321,1486.7696526508228,1331.1499085923217,1662.63436928702,1350.8775137111518,1269.0402193784278,1070.1042047531992,1239.4149908592321,1403.201096892139,1453.308957952468,1512.343692870201,1747.051188299817,1416.0457038391226,1719.8683729433271,2129.0658135283365,2272.528336380256,1579.5886654478977,1697.254113345521,1834.2778793418647,1656.288848263254,1544.2029250457038,1773.0493601462522,1912.3491773308958,2233.575868372943,1593.4442413162706,1895.7970749542962,2207.4113345521023,2949.380255941499,1921.5959780621572,1768.6197440585008,1695.1389396709324,1771.6855575868374,2202.9341864716635,3577.8592321755027,4530.844606946984,3406.692870201097,2724.857404021938,3290.579524680073,2057.4076782449724,1665.0786106032906,1991.2029250457038,2856.5155393053014,2373.6489945155395,2688.1297989031077,2429.2285191956125,2597.1188299817186,2428.872029250457,3336.8062157221207,2631.3473491773307,1924.5557586837294,1526.107861060329,1716.0329067641683,2208.9780621572213,2035.5904936014624,1391.1755027422303,1787.2047531992687,2660.6563071297987,3746.1334552102376,2544.0091407678246,3069.4808043875687,3184.3363802559415,3035.9926873857403,4140.808043875685,3310.8098720292505,2285.8117001828155,3753.319926873857,4633.376599634369,2687.6581352833637,2127.7239488117,3263.206581352834,4901.491773308958,5387.531992687385,4667.237659963437,3651.740402193784,2795.835466179159,2960.73491773309,4677.6343692870205,6565.032906764168,4462.047531992687,3196.4259597806217,4880.645338208409,8043.422303473491,5493.148080438757,3414.2961608775136,2079.0109689213896,1833.8829981718463,2014.1206581352833,3100.9744058500914,3305.5009140767825,3338.6453382084096,4051.586837294333,6139.352833638026,4306.340036563071,2646.2632541133457,2021.981718464351,1507.745886654479,1324.4625228519196,1645.4076782449727,1613.3290676416818,2006.1352833638025,3089.2084095063983,3371.1224862888484,2083.9762340036564,1768.0493601462522,1813.7477148080438,1788.6069469835465,1435.2504570383912,1754.0274223034735,2324.7038391224864,3396.4478976234004,2609.0859232175503,2296.4095063985374,2301.9926873857403,1756.0292504570384,1482.8007312614259,1707.5776965265081,2406.586837294333,2444.5484460694697,1598.4680073126142,1622.107861060329,1511.2522851919562,1857.2248628884827,1417.4332723948812,1569.5137111517367,1565.0493601462522,2190.857404021938,2558.0822669104205,2257.9670932358317,1795.9597806215722,1523.473491773309,1407.0639853747714,1609.2833638025595,1498.4460694698355,1550.5009140767825,1861.4040219378428,1784.0091407678244,1442.4588665447898,1505.63802559415,1319.583180987203,1595.3363802559415,2108.654478976234,3300.3711151736748,2359.2979890310785,1661.453382084095,1581.1005484460695,1518.1243144424132,1418.7550274223036,1717.4954296160877,1411.8829981718463,1527.6691042047532,1784.160877513711,2580.2851919561244,3504.583180987203,3656.09323583181,1834.7879341864716,1777.3071297989031,2215.489945155393,2482.0329067641683,1605.3491773308958,1486.0457038391226,1420.1901279707495,2077.3363802559415,1882.0786106032906,2204.8848263254113,2675.2504570383912,2037.5978062157221,1960.4789762340038,2310.382084095064,1614.5685557586837,1680.0383912248628,2046.7733089579524,2239.1937842778793,1354.948811700183,1392.418647166362,1171.4424131627056,1305.8244972577697,1245.1992687385741,1441.6873857404023,1379.5009140767825,1857.4954296160877,2743.2760511883,2335.0987202925044,1269.2778793418647,1280.36563071298,1229.6435100548447,1512.491773308958,1214.0585009140768,1450.870201096892,1159.9177330895795,1454.201096892139,1324.164533820841,1265.3235831809873,1243.1901279707495,1342.5319926873858,1342.235831809872,1877.8519195612432,2258.9780621572213,1738.9689213893967,1567.491773308958,2561.00365630713,2571.418647166362,1533.7678244972578,1399.5100548446069,1625.4095063985376,1540.0329067641683,1533.201096892139,1217.1535648994516,1519.288848263254,1842.6782449725777,2321.08957952468,2707.9542961608777,2024.129798903108,1415.0,1605.8537477148082,1653.3747714808044,2262.2961608775136,1717.6087751371115,1778.8793418647167,1715.7861060329067,2287.053016453382,1660.6179159049361,1598.0274223034735,1879.6800731261426,2122.0475319926873,1381.63436928702,1451.3345521023766,1681.3491773308958,2871.6526508226693,3626.6124314442413,2145.886654478976,1731.54844606947,1928.1864716636198,1452.3930530164535,1509.892138939671,1502.7129798903109,1679.001828153565,1484.6215722120658,1524.9360146252286,1444.528336380256,2143.531992687386,3648.6508226691044,3804.9195612431445,1659.2285191956125,1486.711151736746,1313.5539305301645,1367.508226691042,1405.8683729433271,1637.4442413162706,1377.3692870201096,1971.1206581352833,1786.2815356489946,1721.5557586837294,1280.819012797075,1277.0895795246802,1125.1371115173674,1298.5356489945154,1232.3601462522852,1517.0895795246802,1737.2102376599635,1946.0164533820841,1424.453382084095,1359.471663619744,1233.8117001828155,1526.5319926873858,1624.784277879342,1745.528336380256,1733.4588665447898,2282.895795246801,2041.2102376599635,1469.581352833638,1362.4954296160877,1588.9579524680073,1857.4314442413163,2043.8446069469835,1938.9360146252286,2357.6983546617917,1883.839122486289,1744.9762340036564,1405.3126142595977,1642.9670932358317,1765.4588665447898,1831.453382084095,1400.0932358318098,1659.3528336380257,1822.8683729433271,2833.959780621572,4496.612431444241,4989.330895795247,1883.9378427787933,1561.5868372943328,1567.1791590493601,1446.106032906764,1126.420475319927,1381.7751371115173,1233.2522851919562,1339.0475319926875,1492.5210237659962,1505.7129798903109,1209.707495429616,1392.6416819012798,1251.5393053016453,1343.0822669104205,1240.1517367458866,1527.0237659963436,1409.0402193784278,1594.9670932358317,1890.2138939670933,2533.2468007312614,1826.5301645338209,1317.1042047531992,1166.001828153565,1366.8884826325411,1322.453382084095,1874.327239488117,1655.4351005484461,1595.5594149908593,1215.9049360146253,1562.4241316270566,1678.0274223034735,1586.9049360146253,1184.9360146252286,1294.5685557586837,1188.018281535649,1244.9012797074954,1184.6416819012798,1380.3784277879342,1287.7221206581353,1519.3510054844608,1465.948811700183,1539.7367458866545,1382.7385740402194,1409.6160877513712,1346.782449725777,1634.4588665447898,2292.872029250457,2065.5923217550276,1192.6800731261426,1340.8007312614259,1242.1389396709324,1252.3327239488117,1191.2230347349177,1417.4405850091407,1520.367458866545,2431.7897623400368,2349.6965265082267,1980.343692870201,1515.1937842778793,1759.327239488117,1686.420475319927,1645.9835466179159,1779.9122486288848,2570.213893967093,3054.782449725777,2342.9378427787933,1713.1755027422303,2149.597806215722,2377.8244972577695,2645.0274223034735,1871.0822669104205,2060.5374771480806,3339.206581352834,3958.99634369287,1889.9122486288848,1481.9506398537478,1342.343692870201,1446.473491773309,1334.3162705667276,1528.7312614259597,1298.9159049360146,1437.9616087751372,1469.8117001828155,2080.0091407678246,3099.1170018281537,4658.054844606947,3091.5027422303474,2232.3400365630714,1849.1937842778793,2311.6508226691044,1779.308957952468,2315.674588665448,2689.621572212066,1789.36563071298,1448.5978062157221,1842.603290676417,2195.983546617916,2581.4296160877516,1723.5356489945154,1790.3034734917733,2230.586837294333,3933.5923217550276,5985.895795246801,4173.091407678245,2987.4259597806217,2749.416819012797,2547.310786106033,2006.892138939671,1595.126142595978,1975.6599634369286,2588.0219378427787,4928.72029250457,4602.27239488117,2275.111517367459,1583.2595978062157,2002.7056672760511,2694.201096892139,3970.1352833638025,2258.8610603290676,2077.8793418647165,2505.127970749543,3765.5356489945157,2316.577696526508,1637.0383912248628,1352.3144424131626,1497.2120658135284,1555.180987202925,2106.1188299817186,2873.833638025594,4654.98903107861,4267.667276051188,5184.943327239488,6672.872029250457,3489.8446069469837,2389.469835466179,3547.5191956124313,5571.323583180987,5487.484460694698,3037.376599634369,2391.857404021938,3187.1553930530163,6026.056672760512,7029.656307129799,2866.6069469835465,1643.3400365630714,1714.7312614259597,1793.0146252285192,1828.453382084095,1393.6617915904935,1458.5521023765996,1460.6087751371115,1912.7787934186472,1919.3564899451553,2914.4606946983545,3554.5539305301645,4458.080438756856,3302.323583180987,4301.460694698355,6753.616087751371,5265.383912248629,5599.610603290676,4305.0950639853745,2804.491773308958,3191.416819012797,3590.6636197440585,2167.7166361974405,1557.2413162705668,1651.4131627056672,2199.5393053016455,2543.0676416819015,1945.1151736745887,2130.566727605119,1888.925045703839,2497.1919561243144,4278.945155393053,7017.81718464351,3453.144424131627,2043.7934186471664,1910.8592321755027,1741.658135283364,1783.943327239488,2531.511882998172,4366.170018281536,7554.047531992687,6171.486288848263,7947.822669104205,4750.407678244973,3905.6581352833637,5286.692870201097,3840.963436928702,2143.261425959781,1871.4076782449727,1829.3345521023766,2255.252285191956,3430.7696526508225,6021.204753199268,6298.665447897623,5743.164533820841,5213.244972577697,5539.563071297989,2660.893967093236,2560.8994515539307,2614.6124314442413,2015.9122486288848,1599.2449725776964,1573.3345521023766,1575.7531992687386,1854.5063985374773,2401.886654478976,3860.071297989031,3089.800731261426,4634.221206581353,4356.3656307129795,5749.652650822669,7126.383912248629,10124.961608775136,17657.96709323583,13250.142595978063,4439.575868372944,2599.164533820841,2538.8135283363804,4386.234003656307,4461.683729433273,5492.925045703839,9427.073126142595,7266.212065813528,3256.4460694698355,1815.9195612431445,1582.8336380255942,2117.201096892139,2960.725776965265,4788.345521023766,4864.784277879342,6114.811700182815,3406.413162705667,1857.6416819012798,1578.4277879341864,1615.8848263254113,1547.0950639853747,1868.1590493601464,2242.729433272395,3298.4497257769654,6372.899451553931,5127.19012797075,2216.8610603290676,2148.157221206581,2568.5484460694697,4461.323583180987,4433.606946983547,7544.639853747714,6234.009140767825,4138.968921389397,1982.1718464351006,1738.8555758683729,1845.0621572212067,2098.577696526508,2200.8628884826326,3706.160877513711,7166.641681901279,5897.26873857404,2475.7769652650823,1868.2998171846434,1498.4844606946983,1699.9853747714808,1650.5228519195612,1617.1791590493601,1634.9945155393052,2243.307129798903,2001.3235831809873,2024.3583180987202,2705.3016453382083,2891.73126142596,3056.9762340036564,5889.80987202925,8926.575868372944,5545.82084095064,6967.144424131627,5693.895795246801,2465.424131627057,2115.8647166361975,1759.9561243144424,2099.3400365630714,1485.36197440585,1545.473491773309,1497.2248628884827,1500.784277879342,1610.4808043875685,2390.7623400365633,4081.00365630713,8268.241316270567,5515.005484460695,2994.2870201096894,1766.7202925045704,1566.8336380255942,1340.8793418647167,1331.0292504570384,1377.8994515539305,1476.3345521023766,1361.4460694698355,1654.0786106032906,2053.4259597806217,2820.034734917733,5259.27239488117,5779.72029250457,2365.63436928702,2047.5923217550273,1973.473491773309,2009.051188299817,1533.1188299817184,1684.2047531992687,1583.6800731261426,1535.6855575868374,1561.107861060329,2407.7897623400368,2838.542961608775,5623.73126142596,3317.888482632541,1750.2486288848263,1386.2303473491772,1469.9140767824497,1363.4351005484461,1468.798903107861,1418.106032906764,1523.2705667276052,1443.5612431444242,1798.6069469835465,2144.4424131627056,4054.6691042047532,4068.486288848263,2373.367458866545,2184.7239488117,2202.4515539305303,1684.1700182815357,1721.051188299817,1473.8848263254113,1560.8647166361975,1592.7422303473493,1997.963436928702,2633.961608775137,3885.0201096892138,8602.475319926874,14981.351005484461,10399.718464351006,4371.290676416819,2371.6051188299816,2173.2303473491775,1510.8043875685557,1441.416819012797,1211.074954296161,1341.5740402193785,1165.4387568555758,1260.6124314442413,1119.6288848263255,1268.5374771480804,1147.290676416819,1309.5758683729434,1379.073126142596,1705.5228519195612,1493.4661791590493,1597.3345521023766,1633.1901279707495,1435.7202925045704,1326.6672760511883,1414.1334552102376,1209.5338208409507,1470.765996343693,1828.5850091407679,2748.4789762340038,1637.5667276051188,1450.9213893967094,1377.6672760511883,1933.1005484460695,2063.380255941499,2264.2303473491775,1747.4021937842779,1555.5575868372944,1336.9579524680073,1753.5758683729434,1278.0219378427787,1565.6197440585008,2117.742230347349,3933.319926873857,3219.219378427788,1935.6782449725777,1308.636197440585,1354.8025594149908,1392.8976234003655,1617.0804387568555,1219.107861060329,1282.8043875685557,1190.0932358318098,1480.6051188299816,1920.341864716636,1880.5594149908593,2145.104204753199,2395.8043875685557,1682.3217550274223,1725.1773308957952,1535.8117001828155,1490.8263254113347,1270.689213893967,1420.6124314442413,1322.36197440585,1708.1224862888482,1907.1663619744058,1801.8829981718463,1525.782449725777,1988.689213893967,2413.8610603290676,2878.800731261426,2852.5484460694697,2640.745886654479,1836.8025594149908,1525.981718464351,1384.1974405850092,1536.9323583180987,1551.6855575868374,1592.4661791590493,1410.8318098720292,1580.7915904936015,1855.4936014625227,2615.6069469835465,2956.2815356489946,2028.872029250457,2207.0109689213896,2701.691042047532,2364.6691042047532,2238.1334552102376,1868.0822669104205,2431.8756855575866,2946.948811700183,3477.9707495429616,2953.9561243144426,2144.5027422303474,1746.0475319926875,2174.2285191956125,3267.1316270566726,3253.561243144424,2625.489945155393,2435.038391224863,1754.892138939671,1951.1773308957952,1548.7477148080438,1851.0804387568555,1996.928702010969,2613.4826325411336,2301.511882998172,2037.6782449725777,2164.5155393053014,1869.709323583181,1491.3875685557587,1511.7312614259597,1496.2321755027422,1832.1535648994516,1680.1371115173674,1557.6764168190127,1514.020109689214,1899.0676416819013,1652.2943327239489,2364.491773308958,3089.4424131627056,2121.674588665448,1637.4314442413163,2240.2376599634367,2752.329067641682,2335.6489945155395,2872.853747714808,5054.787934186472,4235.939670932358,2650.378427787934,2375.6599634369286,2105.848263254113,1994.5594149908593,2179.9122486288848,1967.3180987202925,2378.321755027422,1610.1407678244973,1749.6252285191956,1857.6453382084096,1818.1755027422303,2129.73126142596,3045.888482632541,1970.2486288848263,1743.7879341864716,1965.2084095063985,2654.632541133455,3217.508226691042,5205.444241316271,7306.157221206581,4591.4990859232175,2818.617915904936,2401.014625228519,3045.3308957952468,5735.829981718464,8155.46617915905,4005.797074954296,2444.360146252285,2949.0109689213896,4716.946983546618,5260.363802559415,4551.519195612432,2281.9561243144426,1778.9049360146253,1821.7952468007313,1454.9524680073125,2100.489945155393,2118.7915904936017,4196.206581352833,2993.2321755027424,1982.7787934186472,1771.2047531992687,1910.1901279707495,2479.2340036563073,3262.127970749543,3764.6270566727603,5531.363802559415,6870.745886654479,9199.912248628885,9466.151736745887,5566.127970749543,7327.444241316271,11490.118829981719,6427.321755027422,4458.5283363802555,5386.619744058501,3567.9232175502743,3798.036563071298,3194.90676416819,2775.7733089579524,4912.908592321755,8046.937842778793,4624.493601462523,3905.819012797075,7622.795246800732,9968.5521023766,4269.923217550274,2608.617915904936,3039.7550274223036,4038.6416819012798,9630.892138939671,11787.952468007312,5675.201096892139,5760.060329067642,8195.307129798903,4944.201096892139,3741.1188299817186,4085.8994515539307,4296.73857404022,3986.654478976234,2530.468007312614,2184.3564899451553,3634.6069469835465,3809.784277879342,3991.3400365630714,2587.6691042047532,2068.1297989031077,2453.8117001828155,2209.5027422303474,1607.6599634369286,1835.2486288848263,2395.378427787934,4929.427787934186,4022.2943327239486,2194.9890310786104,1589.8866544789762,1533.184643510055,1558.9506398537478,2182.965265082267,3431.2888482632543,5540.601462522852,2669.3875685557587,2314.471663619744,2739.6270566727603,3988.148080438757,7390.349177330896,5796.210237659963,3169.678244972578,2226.453382084095,1747.5776965265081,2259.1224862888484,2582.786106032907,2102.4405850091407,1865.2230347349177,2082.9140767824497,2441.946983546618,3153.4990859232175,2023.1736745886653,1722.0292504570384,1637.63802559415,1766.8500914076783,2034.9177330895795,1820.3692870201096,1603.528336380256,1702.0877513711152,1744.5411334552102,1661.4936014625227,1501.0237659963436,1727.652650822669,1555.1042047531992,1521.0420475319927,1492.2650822669104,2498.890310786106,2984.7001828153566,4320.491773308958,2370.1316270566726,1682.071297989031,1437.4131627056672,1697.7184643510054,1416.2614259597806,1564.636197440585,1703.2595978062157,3241.8171846435102,3570.0127970749545,2128.0091407678246,1666.1864716636198,2234.850091407678,4722.46252285192,3730.7605118829983,1856.711151736746,1595.7568555758685,1466.691042047532,1526.071297989031,1432.8884826325411,1411.1188299817184,1429.6672760511883,1685.8482632541134,2385.579524680073,2187.475319926874,1534.1736745886653,1509.164533820841,1519.5118829981718,1674.0877513711152,1493.5722120658136,2273.345521023766,2020.2815356489946,2801.709323583181,5236.714808043876,7089.73857404022,3196.619744058501,2123.3948811700184,1708.0493601462522,1619.2961608775138,1418.363802559415,1959.7605118829981,2238.0877513711152,3493.6069469835465,3345.9195612431445,2069.4808043875687,1577.5374771480804,1439.9744058500914,1220.8098720292505,1309.126142595978,1172.6051188299816,1313.2650822669104,1410.8957952468008,1905.0493601462522,1314.1480804387568,1227.0895795246802,1063.926873857404,1147.308957952468,1068.45155393053,1174.6489945155392,1103.4314442413163,1333.8299817184643,1301.6873857404023,2077.4789762340038,2882.438756855576,7754.535648994515,10135.857404021937,5334.5539305301645,3061.36928702011,1989.5521023765996,1393.2394881170019,1402.3546617915904,1525.9780621572213,1536.6617915904935,1201.8117001828155,1307.8464351005484,1138.0621572212067,1281.7861060329067,1674.5904936014624,2731.26508226691,2215.053016453382,1637.8647166361975,1402.1316270566729,1492.5027422303474,1254.9378427787933,1322.7294332723948,1252.4972577696526,1426.7038391224862,1311.9232175502743,1518.9616087751372,1336.765996343693,1548.1206581352833,1768.036563071298,2087.1407678244973,2205.9012797074956,2478.3747714808046,1642.7349177330896,1543.4643510054846,1305.9360146252286,1366.1224862888482,1341.8427787934186,1824.948811700183,2252.2888482632543,1817.8318098720292,1394.3747714808044,1429.872029250457,1419.4954296160877,1432.4351005484461,1172.4351005484461,1163.8848263254113,1332.36197440585,1422.2979890310787,1319.219378427788,1797.5045703839123,1525.288848263254,1602.471663619744,1776.81718464351,1656.3546617915904,1515.2413162705668,1624.745886654479,1532.583180987203,1839.5319926873858,1641.7038391224862,2273.9872029250455,1749.1956124314443,1468.3893967093236,1331.9323583180987,1816.6270566727605,1191.6215722120658,1388.979890310786,1251.54844606947,1443.0127970749543,1515.0073126142595,1627.1480804387568,1540.6672760511883,1611.4478976234004,1312.5612431444242,1392.72760511883,1470.2979890310787,1546.636197440585,1253.4625228519196,1386.7897623400365,1661.0603290676418,1786.9067641681902,2159.1718464351006,1907.1243144424132,1675.745886654479,1569.8500914076783,1335.234003656307,1437.0383912248628,1355.0329067641683,1504.0219378427787,1301.127970749543,1430.6215722120658,1447.396709323583,1458.6179159049361,1267.4332723948812,1397.8976234003655,1273.8427787934186,1796.109689213894,1284.3180987202925,1449.071297989031,1620.2650822669104,2102.895795246801,1556.5319926873858,1674.3747714808044,1927.4113345521023,3463.3893967093236,3100.314442413163,4527.26873857404,2965.7605118829983,2267.6270566727603,1766.4058500914077,1582.343692870201,1421.8062157221207,1515.7477148080438,1233.4460694698355,1346.1681901279708,1223.1133455210238,1414.9561243144424,1445.5338208409507,2099.782449725777,2924.1224862888484,2772.305301645338,3222.797074954296,2679.095063985375,1905.6234003656307,1835.2742230347349,1745.9031078610603,2207.850091407678,3487.327239488117,3105.943327239488,1823.254113345521,1726.7733089579524,1452.2797074954296,1564.5191956124315,1688.129798903108,1636.8793418647167,1455.4771480804388,1570.8281535648994,1394.0146252285192,1506.1005484460695,1796.0255941499086,3378.7769652650823,5953.489945155393,4370.382084095064,2936.3363802559415,2913.1901279707495,2212.0840950639854,1854.5923217550273,1669.6617915904935,1973.4643510054846,1824.1023765996345,1899.8628884826326,2800.1736745886656,5112.478976234003,2981.6654478976234,2293.3985374771482,2498.872029250457,3185.585009140768,2976.8135283363804,2376.001828153565,2917.2833638025595,5650.9323583180985,3237.9232175502743,2714.793418647166,3458.2504570383912,6689.707495429616,11305.915904936015,6466.531992687385,3478.36928702011,2695.197440585009,2534.27239488117,2442.5009140767825,2299.8702010968923,2290.0457038391223,2775.255941499086,6232.791590493602,4468.736745886655,3206.3711151736748,3226.7568555758685,2782.6416819012798,2097.3436928702013,2251.800731261426,3595.6965265082267,6312.219378427788,5715.744058500914,3395.7129798903106,2359.4808043875687,1922.0676416819013,1640.4881170018282,2181.683729433272,3975.204753199269,4113.224862888483,3440.674588665448,5908.060329067642,4792.912248628885,3926.7513711151737,5041.9049360146255,9964.495429616089,11177.91407678245,7512.422303473491,5642.6873857404025,3471.73491773309,2343.7678244972576,1997.5685557586837,1764.1170018281537,2163.2285191956125,1801.491773308958,1794.416819012797,2219.961608775137,1962.288848263254,1573.8775137111518,1638.1535648994516,1562.8062157221207,2003.926873857404,2227.204753199269,2484.305301645338,2411.9744058500914,2836.9232175502743,5241.162705667276,15618.177330895795,21889.19744058501,11907.393053016453,7502.903107861061,6065.928702010969,7103.921389396709,10016.367458866545,6714.961608775137,7647.80987202925,4732.301645338209,3761.3546617915904,3743.144424131627,3047.416819012797,2260.3436928702013,2121.63802559415,2102.329067641682,3464.014625228519,2822.54478976234,3472.213893967093,4829.424131627056,3705.599634369287,2699.6270566727603,2140.636197440585,1669.946983546618,1746.4442413162706,1681.0457038391226,1942.9159049360146,1822.6069469835465,1999.0091407678244,2579.8647166361975,2502.2449725776964,2801.9725776965265,3111.4296160877516,2172.316270566728,2383.424131627057,2243.564899451554,2025.928702010969,1728.8628884826326,2264.473491773309,1886.436928702011,3364.6691042047532,8715.47349177331,7203.63802559415,3909.5173674588664,2697.4259597806217,2260.787934186472,2793.9561243144426,2328.2102376599632,2124.4076782449724,1961.63436928702,2915.9542961608777,2414.051188299817,2218.1188299817186,2159.3711151736748,2307.0475319926873,2978.632541133455,6880.937842778793,12416.407678244972,9612.206581352833,10795.243144424132,5887.780621572212,3747.9872029250455,2840.4625228519194,2084.2376599634367,1857.1444241316271,1692.235831809872,1829.5594149908593,1841.473491773309,2117.160877513711,2067.780621572212,2517.9689213893967,1993.5118829981718,2631.7751371115173,3114.149908592322,2438.6435100548447,1919.5648994515539,1812.1352833638025,1780.8994515539305,2177.360146252285,2691.3912248628885,4548.851919561243,10106.55941499086,8235.63802559415,4310.524680073127,3378.8628884826326,3200.0639853747716,2621.0274223034735,2079.1937842778793,2346.471663619744,3019.8299817184643,2598.1846435100547,3254.0292504570384,6442.427787934186,9628.144424131628,6224.837294332724,3479.5210237659962,2595.151736745887,2271.0603290676418,1996.071297989031,1563.9104204753198,1636.8062157221207,1405.4661791590493,1884.63436928702,1413.745886654479,1880.5886654478977,2049.0274223034735,2017.0621572212067,2658.617915904936,2368.413162705667,1889.5868372943328,2348.1535648994513,2170.0987202925044,2070.3345521023766,2222.904936014625,2188.9177330895795,1718.2102376599635,1922.2760511882998,2228.9122486288848,4104.431444241316,8671.095063985375,5703.681901279708,3899.034734917733,2900.7897623400368,2681.0676416819015,2296.981718464351,1712.2102376599635,1724.1919561243144,1807.001828153565,1886.6234003656307,1950.5502742230346,3603.90310786106,9104.789762340037,6883.113345521024,4495.398537477148,4018.1206581352835,3498.201096892139,5178.2285191956125,4314.605118829982,6846.151736745886,17544.965265082268,14932.581352833638,8616.733089579524,6810.336380255942,4377.595978062157,3836.266910420475,4670.952468007313,4023.0457038391223,2755.7148080438756,2666.102376599634,3749.5393053016455,7735.851919561243,7302.802559414991,4370.091407678245,3171.63071297989,3018.513711151737,4523.760511882998,8790.305301645338,6203.425959780621,5815.840950639854,4114.215722120658,3234.3729433272397,3037.053016453382,4939.46252285192,10348.557586837294,12475.54478976234,13667.597806215723,9076.127970749543,5452.4204753199265,4057.6672760511883,2966.1553930530163,3108.3400365630714,3633.8117001828155,2666.892138939671,2327.528336380256,2494.053016453382,2323.363802559415,1968.4844606946983,1729.3126142595977,1794.9835466179159,1452.6873857404023,1604.9341864716637,1946.8409506398536,2721.3363802559415,3646.2486288848263,6731.709323583181,10708.38756855576,19245.484460694697,11776.517367458866,8439.674588665448,9798.427787934186,7404.963436928702,8009.301645338209,12397.55941499086,7152.372943327239,4735.26873857404,3374.491773308958,2786.7074954296163,2081.617915904936,2290.0329067641683,1693.7257769652651,1846.6160877513712,2523.2321755027424,6525.542961608775,17061.478976234004,12037.371115173675,7206.255941499086,5436.694698354661,4137.627056672761,4260.568555758684,6581.497257769653,18246.755027422303,33557.12065813528,20061.460694698355,12545.314442413162,10426.793418647167,6869.0676416819015,5629.1206581352835,5977.5265082266915,4430.065813528337,4784.212065813528,4318.244972577697,3310.2815356489946,3036.839122486289,2450.3967093235833,2897.1170018281537,3361.961608775137,3112.6270566727603,4516.477148080438,13837.718464351006,28259.36197440585,19274.95429616088,11479.07129798903,7762.54844606947,6212.063985374772,8591.109689213894,15955.37659963437,20734.051188299818,17539.389396709325,16827.19012797075,14226.877513711152,9590.170018281535,8205.594149908593,7547.6343692870205,4991.709323583181,3251.941499085923,2611.6124314442413,2307.8647166361975,1989.782449725777,2220.63802559415,2788.893967093236,3347.422303473492,4696.096892138939,3550.621572212066,2596.6014625228518,2296.5886654478977,2081.7623400365633,2022.946983546618,1842.764168190128,2419.63071297989,2702.380255941499,2294.1151736745887,1820.4771480804388,2257.418647166362,2528.259597806216,4182.144424131627,5802.305301645339,4554.744058500914,3876.831809872029,7120.519195612432,9392.131627056673,9600.36928702011,10639.07129798903,6809.535648994515,7648.605118829982,16772.069469835467,14250.55941499086,14042.01462522852,11000.316270566727,6832.464351005485,5198.063985374772,4360.045703839122,3405.0073126142597,3096.6032906764167,2949.890310786106,3075.2413162705666,2497.312614259598,2693.4460694698355,3206.329067641682,4809.027422303474,8789.160877513712,17163.05667276051,17656.829981718463,10670.658135283364,6993.73857404022,7228.926873857404,10259.531992687385,9150.700182815357,6103.109689213894,5718.621572212066,4338.032906764168,3631.1316270566726,3498.928702010969,2750.6526508226693,2028.0914076782449,1907.744058500914,1691.7367458866545,1766.0164533820841,1504.7915904936015,1773.7257769652651,2791.0603290676418,6041.574040219379,16915.20109689214,17470.25411334552,10898.711151736747,7733.886654478976,6060.343692870201,6321.26142595978,5211.168190127971,4061.1206581352835,3670.8281535648994,3652.319926873857,3294.2303473491775,4371.756855575868,4483.281535648995,3196.928702010969,3240.7202925045704,6358.177330895795,4248.372943327239,2993.597806215722,2209.670932358318,2367.687385740402,2860.782449725777,2890.4808043875687,2461.001828153565,2971.0676416819015,3567.383912248629,3253.0676416819015,4898.54478976234,14326.040219378428,13150.37659963437,8869.166361974407,10221.166361974407,9125.775137111517,6706.478976234003,8066.897623400366,6353.815356489945,4049.3985374771482,2793.9670932358317,2495.0621572212067,1958.1882998171845,2184.436928702011,2673.0859232175503,2704.819012797075,2289.4460694698355,2135.850091407678,1866.8811700182816,1877.6288848263255,2145.7129798903106,2847.7605118829983,1863.7934186471664,1740.9213893967094,1477.2778793418647,1479.632541133455,1613.2669104204754,1848.819012797075,1758.7001828153566,2019.1517367458866,1645.0585009140768,1700.2486288848263,1700.7897623400365,2196.1005484460693,2259.8117001828155,2162.3546617915904,2865.6965265082267,4832.826325411334,4315.961608775137,3166.4661791590493,2292.2797074954296,1926.4771480804388,1654.9177330895795,1777.129798903108,1602.6453382084096,1760.658135283364,1692.8464351005484,1717.2084095063985,2345.890310786106,2974.255941499086,5469.7422303473495,5742.054844606947,3935.8208409506396,4406.789762340037,7609.888482632541,7359.6617915904935,5522.354661791591,4927.599634369287,6725.780621572212,6299.46252285192,5312.764168190128,5744.9323583180985,4509.045703839122,3698.9195612431445,5324.0402193784275,5568.658135283364,7410.506398537477,11671.296160877513,7659.371115173674,6089.321755027422,6629.851919561243,5191.323583180987,4299.427787934186,3196.09689213894,2275.142595978062,2130.9177330895795,2328.36928702011,4782.36197440585,5958.374771480804,5283.321755027422,4146.555758683729,3001.2888482632543,2464.416819012797,3192.148080438757,2809.1352833638025,2832.742230347349,2138.685557586837,2020.1115173674589,2480.945155393053,5595.349177330896,5259.522851919562,3937.888482632541,2922.546617915905,3337.8299817184643,4069.00365630713,4814.9597806215725,6146.789762340037,9613.6197440585,6312.837294332724,6439.26142595978,8949.513711151736,10462.829981718465,9480.64533820841,13739.811700182816,8814.888482632541,5688.72760511883,4433.925045703839,3464.744058500914,2344.9341864716635,1882.9707495429616,1456.8775137111518,1418.9616087751372,1297.5301645338209,1665.0109689213893,2857.345521023766,4280.681901279708,3087.636197440585,2884.0603290676418,2915.180987202925,4154.329067641682,12301.305301645338,18870.696526508225,11812.045703839123,9164.912248628885,8921.221206581353,12227.956124314442,8239.37294332724,5694.73491773309,5724.0127970749545,4246.076782449726,3082.7641681901277,2943.6691042047532,5717.418647166362,12534.840950639853,12321.040219378428,7612.18281535649,4857.453382084095,3970.5941499085925,4048.579524680073,3870.4936014625227,3365.418647166362,5858.511882998172,7961.411334552103,11900.321755027422,11277.513711151736,24307.901279707494,29139.80987202925,19156.844606946983,14697.570383912249,21558.393053016454,18134.643510054844,13036.314442413162,8690.659963436929,6532.531992687385,5195.899451553931,4093.1937842778793,2889.051188299817,2624.2943327239486,3541.0237659963436,9134.652650822669,13794.687385740403,9580.274223034736,8488.285191956124,18456.519195612433,21593.36197440585,14438.393053016453,10344.140767824498,11319.595978062158,16767.687385740403,20526.159049360147,27909.787934186472,18422.288848263255,11150.733089579524,7427.308957952468,5198.663619744058,3890.7056672760514,3662.961608775137,4293.983546617916,3058.418647166362,2471.7531992687386,2024.2705667276052,2451.0767824497257,3093.016453382084,5136.681901279708,15245.846435100548,17371.760511883,10849.367458866545,8549.553930530165,7387.290676416819,5508.3382084095065,3844.619744058501,3094.27239488117,3209.327239488117,9149.111517367459,15440.747714808043,10204.98537477148,10089.62705667276,11053.221206581353,8590.027422303474,14634.155393053017,14055.945155393052,8863.341864716636,5553.967093235832,4005.475319926874,3475.5502742230346,2900.738574040219,2016.4899451553931,1767.1005484460695,1534.1901279707495,1509.234003656307,1508.416819012797,1605.6124314442413,1887.3162705667276,2236.5703839122484,1760.0329067641683,2286.018281535649,2046.9378427787933,2031.7513711151737,2237.1718464351006,2352.058500914077,2279.201096892139,2024.2449725776964,1667.109689213894,1848.3583180987202,1735.9414990859232,1850.5594149908593,1505.234003656307,1357.5923217550273,1422.7605118829981,1541.4241316270566,2338.685557586837,4465.188299817185,4657.884826325411,5852.162705667276,11515.429616087751,8609.340036563071,6008.206581352833,5773.892138939671,6246.778793418647,4640.970749542962,3358.431444241316,2955.0420475319925,2492.307129798903,2825.3857404021937,3607.9890310786104,7003.861060329068,12809.36928702011,9097.98903107861,5843.294332723949,4938.080438756856,7436.63802559415,9274.484460694699,12842.780621572212,13949.347349177331,14378.564899451554,9023.837294332723,6094.213893967093,5383.574040219379,4291.00365630713,3094.9542961608777,2429.725776965265,2354.9341864716635,2664.4277879341867,6591.54844606947,6697.235831809872,7020.645338208409,7381.336380255942,6697.610603290676,4974.775137111517,4425.018281535649,3472.0639853747716,2751.3308957952468,2425.378427787934,2456.786106032907,2440.091407678245,4102.897623400366,10855.91407678245,9725.639853747714,7011.778793418647,6830.235831809872,11747.087751371115,24808.14259597806,18756.475319926874,11957.054844606948,8206.904936014625,6198.639853747714,4917.016453382084,5849.627056672761,16615.391224862888,27521.707495429615,22011.188299817186,14990.736745886654,9854.133455210238,7286.060329067642,6853.0676416819015,14062.478976234004,14962.005484460695,17492.402193784277,26341.495429616087,19161.11517367459,16294.6197440585,25522.521023765996,20146.407678244974,12843.564899451554,8414.983546617916,5892.111517367459,4499.711151736746,3398.0859232175503,2727.400365630713,3133.6489945155395,4193.656307129799,9347.837294332723,18896.729433272394,13414.747714808043,8496.318098720292,6866.606946983547,5879.45155393053,4433.078610603291,3507.566727605119,3615.683729433272,5239.844606946984,7225.429616087751,16232.091407678245,27111.345521023766,24132.01096892139,14773.217550274223,10072.800731261426,9864.601462522853,7129.53747714808,4741.875685557587,3702.219378427788,3471.3948811700184,4112.17915904936,6854.17915904936,5362.764168190128,3885.491773308958,3001.4625228519194,3384.00365630713,9472.93967093236,12718.297989031078,10960.087751371115,7627.038391224863,5340.903107861061,5262.712979890311,3816.599634369287,3045.6453382084096,2632.1188299817186,2586.9012797074956,3714.579524680073,11167.605118829983,10877.553930530165,7051.588665447897,4927.056672760512,5007.837294332724,9413.72760511883,21196.8647166362,20407.63802559415,13072.210237659963,8787.069469835465,6090.049360146252,4246.411334552103,3348.778793418647,2872.670932358318,2868.09323583181,6058.438756855576,11965.18647166362,8088.9597806215725,6430.173674588666,6005.199268738574,4615.115173674589,3204.9250457038393,2875.7696526508225,2708.599634369287,2559.457038391225,2269.1535648994513,3650.72760511883,8833.190127970749,13075.908592321755,9335.191956124314,8020.056672760512,5227.789762340037,3769.0822669104205,2954.623400365631,2625.09323583181,2398.316270566728,5325.789762340037,16663.493601462524,23261.625228519195,16063.994515539305,9916.040219378428,6460.73126142596,4651.107861060329,3297.674588665448,2632.26508226691,2425.6581352833637,3215.4808043875687,2890.5411334552105,3281.8043875685557,3779.054844606947,7633.2577696526505,17643.976234003658,20798.356489945156,16873.531992687385,14773.775137111517,19200.11517367459,13642.263254113346,8314.829981718465,5768.0420475319925,4395.6343692870205,3679.522851919561,3212.2797074954296,3138.9579524680075,4585.232175502742,4596.259597806215,3622.3418647166363,5027.755027422303,10926.950639853747,8238.202925045704,5374.990859232175,5534.681901279708,7690.939670932358,6077.025594149909,7349.468007312615,13066.83180987203,9455.226691042048,6386.6892138939675,4419.073126142596,4719.398537477148,12969.564899451554,14887.581352833638,10185.164533820842,6900.234003656307,5303.786106032907,5794.703839122486,7692.767824497258,7908.6617915904935,5440.102376599634,4811.109689213894,3208.367458866545,2745.106032906764,2797.7166361974405,2418.424131627057,2205.7623400365633,1961.3126142595977,1606.254113345521,1508.0073126142595,1691.3729433272395,2181.6142595978063,1773.1133455210238,1710.3199268738574,1442.3839122486288,1982.7184643510054,3978.4661791590493,4484.191956124315,4125.069469835466,6022.98903107861,5237.588665447897,6245.908592321755,11553.374771480805,8505.133455210238,5667.082266910421,4712.1755027422305,9907.53016453382,11520.694698354662,6978.621572212066,4647.568555758684,3621.8683729433274,4505.138939670932,4603.696526508226,3742.7038391224864,4984.124314442413,13216.861060329067,10451.528336380255,7299.021937842779,6919.091407678245,13764.632541133455,10950.09689213894,7000.583180987203,4677.826325411334,4293.897623400366,3621.740402193784,3481.945155393053,2425.1755027422305,2035.5155393053017,2749.7074954296163,3085.6581352833637,2341.5740402193783,2315.2979890310785,1928.839122486289,1716.5118829981718,1353.3144424131626,1396.0073126142595,1367.3930530164535,2248.90310786106,2410.2888482632543,2442.0292504570384,2892.941499085923,2603.431444241316,2200.1956124314443,2231.2778793418647,2414.7641681901277,2501.524680073126,1754.6069469835465,1974.526508226691,2696.5411334552105,3636.7605118829983,4641.877513711152,5345.9872029250455,4483.0402193784275,4849.694698354661,4049.8446069469837,4746.299817184644,3451.1882998171845,3747.9195612431445,3695.998171846435,2962.471663619744,2352.8062157221207,2154.345521023766,2217.3528336380255,3573.7696526508225,8740.065813528336,8779.043875685558,5739.210237659963,3980.7129798903106,2863.9159049360146,2249.051188299817,1781.9360146252286,1795.2961608775138,1824.5228519195612,2220.1864716636196,1961.074954296161,2466.488117001828,2457.73126142596,2385.8098720292505,2074.3948811700184,2144.855575868373,3593.433272394881,6013.215722120658,6184.873857404022,6136.4990859232175,5353.976234003656,8146.946983546618,18663.81718464351,14105.736745886654,9368.4478976234,7128.009140767825,5692.329067641682,3762.888482632541,2618.888482632541,2232.8263254113344,2008.6069469835465,1842.4862888482633,1503.6672760511883,1616.0914076782449,1911.0310786106033,2657.2778793418647,3481.744058500914,4358.372943327239,2941.329067641682,2254.6471663619745,1716.1882998171845,1584.3692870201096,1340.473491773309,2025.106032906764,2242.2449725776964,2002.782449725777,1650.654478976234,2849.08957952468,2797.259597806216,2311.586837294333,2150.6508226691044,2427.5557586837294,2030.6197440585008,1681.0219378427787,1357.6398537477148,1356.5356489945154,1196.9707495429616,1519.020109689214,1581.7678244972578,1595.8263254113347,1388.528336380256,1354.9085923217551,1192.654478976234,1280.5850091407679,1197.5941499085923,1508.2870201096891,1272.8427787934186,1514.7202925045704,1818.8336380255942,2158.685557586837,4539.627056672761,6903.219378427788,5861.628884826326,3943.742230347349,2603.477148080439,2256.0255941499086,1954.3893967093236,1903.8336380255942,1765.2303473491772,1683.9232175502743,1429.8519195612432,1560.9305301645338,1850.6983546617917,4079.7129798903106,14615.312614259597,12755.034734917734,8193.912248628885,6200.73491773309,4774.994515539305,3284.254113345521,2273.0603290676418,2400.597806215722,3672.623400365631,2893.126142595978,2139.1352833638025,1858.9542961608774,1526.873857404022,1432.3254113345522,1328.5210237659962,1955.6672760511883,3512.7751371115173,3382.4460694698355,2295.1535648994513,2005.0767824497257,2237.073126142596,2763.7495429616088,2229.2102376599632,2101.1828153564898,1619.7148080438758,1601.5521023765996,1311.672760511883,1398.1755027422303,1731.8482632541134,3898.2778793418647,3018.319926873857,2220.016453382084,1691.0109689213893,1822.1901279707495,2356.1956124314443,2125.6087751371115,1606.9213893967094,1539.5959780621572,1182.5429616087752,1167.1480804387568,1210.5338208409507,1291.4771480804388,1486.508226691042,2436.9195612431445,5886.285191956124,6464.477148080438,4447.3382084095065,3983.206581352834,5001.804387568556,5039.263254113345,3510.001828153565,4183.831809872029,3057.005484460695,2491.7897623400368,1805.4771480804388,1600.4606946983547,1309.1425959780622,1365.5502742230346,1154.341864716636,1325.9323583180987,1239.3235831809873,1580.8318098720292,1940.3363802559415,2356.9689213893967,1849.2669104204754,1665.2285191956125,1543.0,2335.0237659963436,3184.6691042047532,5133.424131627056,19064.367458866545,34865.568555758684,22163.356489945156,12958.252285191957,8124.394881170018,5362.063985374772,3299.7166361974405,2340.3930530164535,1654.2248628884827,1579.18281535649,1408.3180987202925,1545.0914076782449,1658.9524680073125,1791.636197440585,1618.9067641681902,1654.7184643510054,1923.0255941499086,2461.892138939671,1972.0694698354662,1871.601462522852,1541.4351005484461,1666.9780621572213,1834.9725776965265,2052.8829981718463,1768.234003656307,1847.9597806215722,1570.6124314442413,1635.780621572212,1646.3290676416818,2737.9232175502743,4776.367458866544,14833.661791590494,28839.191956124316,18241.431444241316,10416.959780621572,6954.9872029250455,4492.5009140767825,3764.0749542961607,4397.266910420475,4897.7696526508225,4316.954296160878,3084.2815356489946,2188.6270566727603,2181.63802559415,3225.90310786106,8519.219378427788,26235.301645338208,19276.400365630714,10664.703839122487,7188.605118829982,5135.19378427788,4152.691042047532,2938.2815356489946,2515.257769652651,3459.833638025594,4382.308957952468,2887.5191956124313,2498.7586837294334,2262.6581352833637,2096.053016453382,2253.9122486288848,2360.926873857404,1855.8098720292505,1601.7001828153566,1416.54478976234,1403.1499085923217,1527.765996343693,1887.3912248628885,2638.2468007312614,3922.5722120658133,3733.274223034735,2739.418647166362,2082.4040219378426,1883.184643510055,1438.7787934186472,1378.632541133455,1252.8775137111518,1366.5703839122486,1192.1974405850092,1249.106032906764,1227.652650822669,1288.3162705667276,1276.051188299817,1404.0585009140768,1092.6142595978063,1153.073126142596,1057.7184643510054,1283.056672760512,1526.689213893967,1975.3162705667276,1564.8683729433271,1499.1517367458866,1864.5319926873858,2010.943327239488,1503.5923217550273,1366.9762340036564,1381.3217550274223,1587.6928702010969,1676.9963436928701,1546.9963436928701,1189.2705667276052,1216.3034734917733,1180.9159049360146,1558.3875685557587,1363.9122486288848,1281.658135283364,1200.5155393053017,1471.4149908592321,1955.036563071298,3495.376599634369,2363.4972577696526,1932.2797074954296,1943.8281535648994,2949.981718464351,2013.1736745886653,1623.1553930530165,1318.7934186471664,1334.0475319926875,1427.5502742230346,1664.1499085923217,1430.4095063985376,2057.252285191956,1775.2577696526507,1501.6453382084096,1219.8519195612432,1219.5612431444242,1176.5575868372944,1712.6672760511883,5609.223034734918,6054.941499085923,3704.0457038391223,2994.4643510054843,2217.542961608775,1758.528336380256,1895.5502742230346,2045.2760511882998,1632.563071297989,1600.341864716636,1418.7221206581353,1326.345521023766,1246.4149908592321,1867.18281535649,2029.0840950639854,1773.5027422303474,2566.327239488117,2819.683729433272,1810.3601462522852,1597.3290676416818,1248.9872029250457,1257.9177330895795,1326.3875685557587,2745.2376599634367,12839.299817184643,12462.606946983547,7711.290676416819,5129.318098720292,4467.387568555759,6028.404021937843,3686.4460694698355,2381.0639853747716,2060.621572212066,2938.639853747715,2280.5027422303474,1702.396709323583,1279.4497257769654,1254.347349177331,1160.656307129799,1239.7605118829981,1125.3345521023766,1231.2742230347349,1416.7129798903109,2067.91042047532,7581.246800731262,20078.91042047532,14850.897623400366,7883.0,4600.438756855576,2945.9689213893967,1873.4808043875685,1929.9963436928701,2481.0127970749545,2026.8957952468008,1714.8775137111518,2178.2248628884827,1885.1773308957952,1692.3217550274223,1360.0804387568555,1521.8281535648994,1640.6270566727605,1642.8610603290676,2038.9597806215722,4557.522851919562,7132.566727605119,6204.599634369287,3927.8098720292505,3096.2797074954296,4616.27970749543,4061.3345521023766,3842.561243144424,3447.892138939671,2944.851919561243,2267.2815356489946,1704.3948811700184,1513.5703839122486,1305.8994515539305,1283.5027422303474,1060.7915904936015,1091.471663619744,1054.0255941499086,1140.5868372943328,1043.7696526508228,1223.4625228519196,1041.5173674588666,1108.2614259597806,947.4661791590494,1094.709323583181,1134.2961608775138,1355.180987202925,1222.5521023765996,1260.8647166361975,1268.5539305301645,2076.531992687386,2154.893967093236,2739.8628884826326,2766.7056672760514,2493.981718464351,2151.9396709323582,1840.1919561243144,1826.8098720292505,2823.873857404022,4005.745886654479,3629.413162705667,2882.1206581352835,2501.5191956124313,1959.1005484460695,1707.9890310786107,1427.3071297989031,1368.074954296161,1243.0968921389397,1598.2212065813528,4492.835466179159,7651.239488117002,5007.027422303474,3358.522851919561,2149.8702010968923,1921.5776965265081,3139.510054844607,2949.564899451554,2122.831809872029,2938.2449725776964,8594.72760511883,11892.670932358318,10699.92138939671,6020.27239488117,3537.2504570383912,2509.453382084095,1855.3345521023766,2678.0822669104205,6713.998171846435,5190.307129798903,2876.6563071297987,1980.2687385740403,1439.7714808043875,1329.5959780621572,1617.5612431444242,3261.7367458866543,3256.0255941499086,3083.941499085923,2219.215722120658,2612.270566727605,8009.54478976234,12901.884826325411,14228.930530164535,7814.144424131627,4255.060329067642,3431.2760511883,5467.08592321755,15837.694698354662,10328.197440585009,5270.9579524680075,4117.585009140767,3502.473491773309,2035.7349177330896,1715.7385740402194,1326.6983546617917,1453.2632541133455,1672.603290676417,1531.6124314442413,1405.3053016453382,1696.6672760511883,1551.6599634369286,2168.2102376599632,4400.7166361974405,3318.9159049360146,1837.81718464351,1485.3729433272395,1154.1133455210238,1299.341864716636,1629.4625228519196,1429.3930530164535,1130.162705667276,1390.7038391224862,1997.691042047532,2197.3893967093236,1903.8281535648994,2835.106032906764,2153.7038391224864,2173.018281535649,4992.595978062157,4365.702010968921,2726.687385740402,1979.926873857404,1607.7605118829981,3692.164533820841,3621.619744058501,2382.0292504570384,2379.689213893967,3596.2961608775136,3002.7495429616088,3663.270566727605,3452.1389396709324,3307.329067641682,6350.91042047532,11334.961608775136,7167.502742230347,3943.4296160877516,2315.4808043875687,1868.3491773308958,1366.345521023766,1310.201096892139,1157.184643510055,1246.3217550274223,1367.2102376599635,3432.433272394881,7430.213893967093,5185.354661791591,2942.930530164534,4056.797074954296,11948.674588665448,9787.93967093236,4792.297989031079,3119.305301645338,2882.45521023766,4313.2760511883,4261.049360146252,3524.0676416819015,2402.036563071298,1769.1352833638025,1230.9012797074954,1101.3601462522852,1091.27239488117,1256.7221206581353,1101.9122486288848,1077.9012797074954,1270.217550274223,2067.2358318098723,1881.835466179159,1715.129798903108,2228.872029250457,4419.243144424132,3717.2925045703837,2577.2851919561244,1944.5301645338209,5538.654478976234,14029.091407678245,19862.493601462524,11888.864716636197,5267.54478976234,2536.941499085923,1704.7202925045704,1252.45155393053,1783.946983546618,1676.7129798903109,1413.5411334552102,1150.652650822669,1181.6435100548447,1057.3875685557587,1139.0914076782449,1106.872029250457,1409.363802559415,1574.0438756855576,2946.2468007312614,13735.583180987203,22852.07861060329,12364.700182815357,5370.990859232175,2811.051188299817,1860.2321755027422,1351.3016453382083,1408.4625228519196,1327.0822669104205,1305.6709323583182,1183.1499085923217,1188.4076782449727,1282.1444241316271,1570.5393053016453,1794.8025594149908,1761.363802559415,1462.3235831809873,1538.1882998171845,1664.341864716636,4317.80987202925,15761.524680073126,29377.098720292506,21648.08226691042,9330.833638025593,4166.755027422303,2485.742230347349,1897.4314442413163,1997.4899451553931,1460.5063985374773,1294.6453382084096,1156.3290676416818,1148.3528336380257,1032.180987202925,1189.5356489945154,996.0292504570384,1033.471663619744,1174.7733089579524,1195.0420475319927,1103.18281535649,1509.4936014625227,4347.294332723949,6625.144424131627,3645.787934186472,1967.5045703839123,1290.3802559414992,1253.7751371115173,1470.872029250457,1497.2230347349177,1189.0493601462522,1274.4113345521023,1123.7861060329067,1250.63436928702,1110.7166361974405,1306.327239488117,1472.963436928702,1608.0310786106033,1356.3400365630714,1411.471663619744,1224.2851919561242,1257.7897623400365,1241.709323583181,3389.0073126142597,8461.819012797076,7443.681901279708,3283.2394881170017,1856.9542961608774,1244.473491773309,1120.0146252285192,1186.780621572212,1699.3930530164535,2426.599634369287,7095.3656307129795,9473.457038391225,5475.8500914076785,2662.6252285191954,1765.7349177330896,1324.1480804387568,1396.7422303473493,1188.0292504570384,1178.4223034734919,1067.254113345521,1231.9159049360146,1375.9762340036564,1775.1553930530165,1632.3711151736745,1951.0786106032906,5189.8793418647165,17808.968921389398,22049.97440585009,11840.510054844606,5623.122486288848,3321.2504570383912,1884.7001828153566,1453.5374771480804,1034.928702010969,1128.4332723948812,965.3491773308958,1027.563071297989,996.4643510054844,1360.2650822669104,3342.797074954296,4985.215722120658,3165.142595978062,1779.4789762340038,1236.8829981718463,1147.979890310786,997.345521023766,1073.9524680073125,942.2833638025594,1068.2266910420476,921.0950639853747,1110.3290676416818,1054.5137111517367,1116.4625228519196,1119.4424131627056,1129.8976234003655,1001.3034734917733,1297.9579524680073,1813.711151736746,6925.659963436929,18014.811700182814,22620.533820840952,12167.542961608775,5559.648994515539,2833.4277879341867,1873.4954296160877,1205.691042047532,1174.4405850091407,1010.3400365630713,1089.9926873857405,902.5393053016453,1003.4862888482633,1057.1224862888482,1096.54478976234,1000.6142595978063,1065.5155393053017,965.5868372943327,1072.8226691042048,952.3564899451554,1105.215722120658,1711.2742230347349,2908.3510054844605,3258.453382084095,2163.7020109689215,1323.1425959780622,1161.0036563071299,974.9140767824497,1079.998171846435,939.7513711151737,1046.8281535648994,956.2248628884827,1030.0804387568555,1035.2449725776964,1195.9561243144424,1169.3290676416818,1198.1755027422303,1046.5191956124315,1152.8811700182816,1023.4972577696526,1178.3857404021937,1108.6709323583182,1146.1316270566729,955.1334552102377,1039.3308957952468,1085.6416819012798,1025.508226691042,988.6654478976234,1129.9670932358317,1213.6453382084096,1913.5411334552102,2393.144424131627,2942.5703839122484,1952.1736745886653,1373.9177330895795,1020.6526508226691,1036.7495429616088,957.4332723948812,1049.6782449725777,882.1151736745886,1026.347349177331,1030.6252285191956,1305.1115173674589,1262.7568555758685,1176.6288848263255,1016.5082266910421,1087.1188299817184,1022.7952468007312,1098.7751371115173,947.7751371115173,1088.6160877513712,959.2577696526508,1094.8446069469835,1008.7842778793419,1057.0877513711152,927.1937842778793,1069.2614259597806,1178.6837294332724,1463.5393053016453,1457.8135283363802,1711.6489945155392,1428.1572212065814,1698.784277879342,1879.8519195612432,2099.491773308958,1492.0786106032906,1233.4606946983547,1027.943327239488,1106.8500914076783,1107.400365630713,1269.5923217550273,1178.6654478976234,1298.7221206581353,1597.8519195612432,2218.201096892139,2659.197440585009,2560.9725776965265,1600.420475319927,1243.491773308958,1076.051188299817,1117.1151736745887,1013.8372943327239,1178.2102376599635,1092.1663619744058,1313.8427787934186,1400.6983546617917,2516.261425959781,7710.305301645339,16258.287020109688,23108.71297989031,24830.7915904936,13667.681901279708,5867.329067641682,2641.3418647166363,1854.672760511883,1423.0621572212067,1529.5118829981718,1714.7330895795246,2044.255941499086,1959.5411334552102,1751.652650822669,1367.3765996343693,1411.8263254113347,1363.6672760511883,1420.3802559414992,1231.926873857404,1195.8318098720292,1006.2230347349177,1113.3400365630714,912.892138939671,1132.8811700182816,980.054844606947,1085.6764168190127,951.1736745886654,983.3089579524681,853.27239488117,936.1407678244973,917.3436928702012,1027.3930530164535,884.6983546617915,1027.308957952468,1288.5502742230346,1417.126142595978,1339.6453382084096,1472.327239488117,1399.347349177331,2908.9323583180985,7445.542961608775,11768.1042047532,15569.731261425959,16076.789762340037,9058.45155393053,3934.2833638025595,2144.6983546617917,1942.0475319926875,1886.418647166362
581.6679611650485,504.69126213592233,530.0543689320389,466.3533980582524,590.8854368932039,434.81165048543687,541.6174757281553,526.9378640776699,557.5106796116505,527.2893203883496,583.147572815534,509.34563106796116,617.7980582524272,478.44077669902913,594.031067961165,615.8407766990291,657.3339805825243,616.3669902912621,594.0970873786408,568.7087378640776,608.0038834951456,569.2388349514563,679.1766990291262,601.6233009708737,696.4194174757282,678.4970873786408,650.3941747572816,592.9029126213592,643.6155339805825,584.6485436893204,692.3048543689321,610.9747572815534,708.1805825242718,637.0796116504854,710.6155339805825,611.2368932038835,729.5456310679612,592.3048543689321,713.0271844660194,600.1902912621359,711.8271844660194,643.221359223301,628.3067961165049,718.8368932038835,668.5980582524272,535.5631067961165,650.5650485436893,729.147572815534,752.4699029126214,631.4252427184466,722.2194174757282,692.4970873786408,715.9786407766991,690.9417475728155,745.3087378640777,598.3339805825243,726.6135922330097,653.0,690.8330097087379,633.7145631067962,701.8388349514563,641.9747572815534,689.5165048543689,625.8932038834952,739.5631067961165,657.3300970873786,728.6601941747573,671.526213592233,622.316504854369,731.0563106796117,682.8660194174757,669.9883495145631,725.2330097087379,644.7864077669902,716.0543689320389,680.3708737864077,743.3378640776699,680.7223300970874,694.1553398058253,823.0757281553398,773.5572815533981,675.8097087378641,732.53786407767,717.473786407767,741.4815533980583,695.7689320388349,781.1398058252428,653.2796116504854,710.4699029126214,713.2116504854368,747.9669902912622,662.6038834951456,780.6893203883495,763.0058252427184,724.9242718446602,748.7067961165048,752.8873786407767,727.283495145631,791.3184466019418,702.4097087378641,791.5728155339806,718.283495145631,750.2077669902912,706.6621359223301,681.7631067961165,695.5456310679612,810.0970873786408,669.2135922330098,767.4970873786408,702.3786407766991,646.5203883495145,837.8718446601941,832.452427184466,744.6873786407767,777.673786407767,736.6485436893204,843.1728155339806,717.3281553398058,799.9456310679611,771.0019417475728,771.3359223300971,776.6310679611651,824.4776699029126,740.042718446602,797.1669902912621,707.8834951456311,769.3223300970874,721.9883495145631,844.9864077669903,797.8640776699029,818.5281553398058,762.8932038834952,842.9980582524272,739.421359223301,754.9883495145631,740.6815533980582,820.3320388349515,780.5631067961165,820.9495145631068,669.3495145631068,774.0990291262136,693.252427184466,677.8970873786408,823.7436893203884,859.5980582524272,757.9786407766991,778.6349514563107,776.0058252427184,786.535922330097,800.3106796116505,788.8252427184466,729.6155339805825,768.957281553398,746.9883495145631,849.2796116504854,802.6932038834951,787.6776699029126,782.6951456310679,769.0135922330097,690.7378640776699,833.1436893203884,798.8097087378641,767.9844660194175,778.7941747572816,834.3708737864077,774.1825242718446,800.957281553398,797.9553398058252,847.6543689320388,719.8,868.1203883495145,801.8019417475729,845.0349514563106,773.757281553398,741.7320388349515,869.7495145631068,888.5165048543689,775.4970873786408,852.7533980582524,758.1592233009709,896.2679611650485,788.1572815533981,800.2291262135923,802.1553398058253,771.0699029126214,756.6155339805825,834.7242718446602,815.4,796.1262135922331,821.5708737864078,826.4485436893204,810.7553398058252,843.8796116504855,777.3922330097088,860.1805825242718,768.6757281553398,862.0951456310679,820.3669902912621,828.431067961165,886.4970873786408,806.5242718446602,834.273786407767,875.5533980582525,824.5708737864078,849.9747572815534,773.2019417475728,735.6019417475728,911.778640776699,818.9514563106796,835.3417475728155,874.9145631067961,804.3398058252427,860.778640776699,794.6893203883495,855.242718446602,815.3611650485437,863.7029126213592,784.2038834951456,819.9553398058252,794.0912621359223,844.778640776699,841.642718446602,878.7300970873787,812.6368932038835,876.9766990291262,865.5553398058253,832.9728155339806,788.8815533980583,817.2776699029126,869.3553398058252,878.0466019417476,844.7864077669902,867.6271844660195,876.8155339805825,865.8699029126213,874.0058252427184,803.8174757281554,780.6815533980582,783.0854368932039,916.0543689320389,869.1087378640776,827.5009708737864,792.5417475728156,816.9786407766991,825.6893203883495,808.7495145631068,849.9961165048544,755.316504854369,812.3533980582524,836.4504854368932,785.821359223301,831.4485436893204,771.3611650485437,772.6135922330097,840.957281553398,797.0349514563106,798.8368932038835,808.6058252427184,843.1708737864078,836.2582524271845,832.790291262136,857.9359223300971,873.2640776699029,766.4796116504855,889.9300970873786,808.4660194174758,843.0330097087378,883.7747572815534,837.8543689320388,815.8543689320388,884.8718446601941,950.0873786407767,899.9553398058252,814.5844660194175,944.3339805825243,859.9436893203883,867.0873786407767,867.6135922330097,853.0213592233009,845.704854368932,881.5669902912622,780.7009708737864,816.2368932038835,850.3941747572816,848.3009708737864,884.3203883495146,860.8466019417476,878.0621359223301,857.5533980582525,782.3320388349515,880.9708737864078,810.8504854368932,839.1495145631068,844.9456310679611,873.9398058252427,848.3708737864077,886.5902912621359,800.7980582524272,864.326213592233,817.1805825242718,864.3067961165049,816.5417475728156,787.9398058252427,975.0368932038836,899.1281553398059,892.6970873786407,834.6038834951456,812.6174757281553,864.3922330097088,841.6582524271845,856.6640776699029,888.2368932038835,830.1572815533981,836.7126213592232,894.6485436893204,831.568932038835,912.6252427184467,817.5456310679612,848.0155339805825,867.9592233009708,899.3320388349515,857.5825242718447,900.3766990291263,900.9009708737864,889.6543689320388,845.8038834951457,881.9398058252427,893.1320388349515,839.8796116504855,917.526213592233,915.9378640776699,859.0058252427184,901.9747572815534,814.3708737864077,779.4019417475728,1018.2679611650485,1042.5611650485437,926.726213592233,918.221359223301,909.1708737864078,950.5184466019417,847.778640776699,918.8291262135922,839.3553398058252,882.9048543689321,940.704854368932,825.4446601941747,918.073786407767,977.53786407767,920.073786407767,963.5611650485437,907.5650485436893,915.0291262135922,896.3941747572816,937.9728155339806,939.2815533980582,929.7689320388349,891.4291262135922,901.1902912621359,893.1359223300971,874.673786407767,880.8485436893204,929.7708737864077,927.8737864077669,932.2582524271845,853.7203883495146,824.9844660194175,962.0796116504854,959.0233009708738,920.9961165048544,947.6970873786407,1005.3029126213593,1105.0776699029127,1032.580582524272,958.0873786407767,910.2135922330098,913.6718446601942,920.9184466019417,968.4601941747572,913.9281553398058,933.1417475728156,972.3203883495146,980.7417475728155,964.6388349514563,986.3029126213593,913.7417475728155,1000.3669902912621,927.1242718446601,977.578640776699,946.53786407767,1010.7922330097088,977.3417475728155,945.2116504854368,929.8,959.8893203883495,908.431067961165,959.9747572815534,924.6796116504854,852.3359223300971,1061.978640776699,950.5126213592233,966.8407766990291,997.7203883495146,942.6077669902912,1025.778640776699,964.0932038834951,975.53786407767,1039.1495145631068,1018.6116504854369,944.9514563106796,999.9902912621359,934.7864077669902,947.8019417475729,1001.0699029126214,1066.4271844660195,1034.4155339805825,1073.7611650485437,1005.9941747572816,1026.4601941747574,983.1495145631068,988.147572815534,1040.9339805825243,994.8679611650485,1001.4504854368932,1064.6912621359224,1036.9203883495145,1046.0893203883495,1021.578640776699,1056.9553398058251,918.642718446602,971.7825242718446,1196.168932038835,1024.9126213592233,1108.1300970873785,1070.3514563106796,1024.0679611650485,1133.1844660194174,1188.3864077669903,1241.0038834951456,1061.9961165048544,1058.4621359223302,981.3631067961165,973.4601941747572,1028.4291262135923,1052.5825242718447,1009.7242718446602,1058.7883495145632,1006.3533980582524,1058.5126213592232,1034.5436893203882,1011.1631067961165,987.0097087378641,1081.3320388349514,1002.4699029126214,1060.240776699029,1097.285436893204,1053.959223300971,979.8679611650485,942.8194174757282,957.3029126213593,991.8194174757282,917.0621359223301,950.8388349514563,1080.1436893203884,1089.4233009708737,960.3029126213593,1003.6757281553398,1048.378640776699,1203.0368932038834,1158.6194174757281,1142.2388349514563,974.568932038835,1021.4291262135922,1008.747572815534,1047.3728155339807,1158.4155339805825,1170.759223300971,1115.3961165048543,997.0368932038836,987.5669902912622,1012.5339805825242,1027.535922330097,1130.9087378640777,1099.254368932039,1078.768932038835,1026.3533980582524,1043.598058252427,1035.6446601941748,1167.8097087378642,1160.9766990291262,1267.7572815533981,1109.6990291262136,1086.401941747573,990.9902912621359,981.7242718446602,1118.4873786407768,1061.8893203883495,980.716504854369,1089.3961165048543,1095.368932038835,1098.2155339805824,1133.3106796116506,1094.5067961165048,1037.735922330097,1088.8194174757282,1133.6038834951457,1256.5747572815535,1062.588349514563,1109.102912621359,1100.2135922330096,1150.5339805825242,1123.1087378640777,1095.8349514563106,1049.2699029126213,1254.9300970873787,1183.1844660194174,1114.4621359223302,1091.4660194174758,1128.8194174757282,1117.3941747572815,1165.221359223301,1112.1728155339806,1094.2970873786408,1029.0155339805826,1111.598058252427,1041.5961165048543,953.9883495145631,1155.3631067961164,1091.1825242718446,1055.4174757281553,1073.0660194174757,1066.1533980582524,1136.0446601941749,1046.4077669902913,1116.264077669903,1104.031067961165,1045.6757281553398,1123.1766990291262,1107.8038834951456,985.5631067961165,1145.6873786407766,1069.7766990291261,1075.7922330097088,997.9029126213592,1121.3592233009708,1079.590291262136,1063.8854368932039,1067.2621359223301,1036.873786407767,996.4466019417475,1099.7708737864077,1058.642718446602,1085.8019417475728,1081.598058252427,1127.7553398058253,1009.821359223301,1112.2252427184467,1030.726213592233,1079.8407766990292,1092.7864077669904,1166.7650485436893,1116.588349514563,1099.9456310679611,1177.7650485436893,1263.4349514563107,1145.735922330097,1203.219417475728,1155.4815533980582,1278.9553398058251,1164.0679611650485,1207.6543689320388,1157.3436893203884,1017.0271844660194,1094.4349514563107,1202.0796116504855,1158.1825242718446,1184.7223300970875,1041.4504854368931,1070.0155339805826,1050.5106796116504,1255.928155339806,1292.6291262135921,1241.2873786407768,1110.5514563106797,1039.7475728155339,996.2757281553398,1187.904854368932,1135.093203883495,1309.2349514563107,1156.8757281553399,1106.4601941747574,1272.9631067961166,1427.5417475728154,1280.0058252427184,1153.6368932038836,1036.1961165048544,1092.5242718446602,1047.1922330097088,1131.0,1151.2873786407768,1167.1359223300972,1098.4,1083.2524271844661,1043.904854368932,1167.6563106796116,1153.93786407767,1259.504854368932,1049.4368932038835,1158.7650485436893,1022.9708737864078,1119.0543689320389,1110.7436893203883,1367.9553398058251,1059.419417475728,1042.8077669902912,1003.7728155339806,1136.8660194174756,1156.485436893204,1278.1009708737863,1044.7728155339805,1042.926213592233,934.1436893203884,1083.2970873786408,1267.1456310679612,1257.7883495145632,1085.8271844660194,1137.9029126213593,1080.3766990291263,1232.0912621359223,1157.5650485436893,1154.4718446601942,1111.7398058252427,1104.5436893203882,1150.6485436893204,1229.052427184466,1075.7339805825243,1022.8543689320388,1087.547572815534,1303.219417475728,1431.1048543689321,1598.9087378640777,1257.5126213592232,1214.7029126213592,1112.3398058252428,1110.9611650485438,1073.6699029126214,1122.3417475728156,1085.0135922330096,1300.421359223301,1056.9087378640777,1071.1203883495145,962.1184466019417,1015.1067961165048,957.9456310679611,1011.9359223300971,1081.3320388349514,1239.2368932038835,1192.5747572815535,1109.3184466019418,1041.5378640776698,1132.5126213592232,1077.495145631068,1161.2699029126213,1175.6699029126214,1145.2504854368933,1033.304854368932,1038.7514563106797,995.6213592233009,1050.9980582524272,1011.9766990291262,1123.4796116504854,1081.6407766990292,1175.7126213592232,1214.2699029126213,1383.547572815534,1091.5456310679613,1115.2368932038835,1012.4757281553398,1029.6155339805825,978.0582524271845,1110.4349514563107,1041.3941747572815,1214.4135922330097,1250.3611650485436,1504.6077669902913,1563.3339805825242,1189.5203883495146,1183.621359223301,1195.0912621359223,1098.8194174757282,1495.1747572815534,1741.0135922330096,1644.3533980582524,1817.5456310679613,1522.778640776699,1086.4271844660195,1164.6466019417476,1061.9087378640777,1175.2834951456312,1172.3553398058252,1485.1825242718446,1829.7980582524272,1572.085436893204,1407.4932038834952,1585.6660194174758,1453.6718446601942,1493.052427184466,1390.6970873786408,1764.7417475728155,2574.9495145631067,3155.7009708737864,2452.365048543689,1913.6990291262136,1543.726213592233,1503.516504854369,1606.3728155339807,2322.749514563107,2649.011650485437,1578.7650485436893,1384.5456310679613,1332.5203883495146,1328.8019417475728,1341.5398058252426,1165.495145631068,1308.9864077669904,1214.0330097087378,1570.5650485436893,1698.4388349514563,1435.1339805825244,1142.0970873786407,1230.695145631068,1182.116504854369,1485.3941747572815,1908.1728155339806,2402.4058252427185,2604.633009708738,2194.904854368932,1452.9320388349515,1727.0174757281554,1413.2058252427184,1397.6679611650486,1547.9300970873787,1985.0990291262135,1725.3436893203884,1359.664077669903,1471.2563106796117,1417.452427184466,1413.714563106796,1902.295145631068,1608.9572815533982,1413.5067961165048,1601.378640776699,1512.6271844660193,1217.031067961165,1351.4815533980582,1567.914563106796,2186.819417475728,1782.2621359223301,1832.0349514563106,1560.1825242718446,1368.5067961165048,1265.335922330097,1318.221359223301,1408.7320388349515,1758.1087378640777,1921.642718446602,1846.664077669903,2409.071844660194,3103.7805825242717,3786.9844660194176,2974.7650485436893,2417.72427184466,1919.2349514563107,1738.4990291262136,1497.8815533980583,1204.86213592233,1333.8330097087378,1491.883495145631,1925.1728155339806,2397.757281553398,1748.421359223301,1340.3825242718447,1312.2116504854368,1464.126213592233,1512.778640776699,1150.7475728155339,1383.928155339806,1448.1766990291262,1949.335922330097,2852.7320388349513,3522.6757281553396,1781.1495145631068,1444.1650485436894,1355.580582524272,1787.0912621359223,2289.4252427184465,2174.3728155339804,1492.0679611650485,1437.5106796116504,1362.726213592233,1643.3766990291263,1518.8271844660194,1845.588349514563,2531.2349514563107,3482.6388349514564,2201.7184466019417,2203.2252427184467,2438.9145631067963,1710.13786407767,1374.968932038835,1477.433009708738,1703.9708737864078,2540.097087378641,3197.06213592233,2416.9223300970875,1712.7203883495145,1806.4718446601942,2254.508737864078,1577.0776699029127,1220.5126213592232,1370.4407766990291,1229.811650485437,1305.3728155339807,1271.0388349514562,1527.6485436893204,1241.968932038835,1374.8660194174756,1235.9611650485438,1241.4912621359224,1151.8466019417476,1268.4368932038835,1313.3805825242719,1696.8077669902912,1622.464077669903,1865.1766990291262,1377.3825242718447,1396.4446601941747,1208.9514563106795,1312.4873786407768,1403.231067961165,1619.4776699029126,1627.2233009708739,1755.1184466019417,1674.7320388349515,1694.1941747572816,1495.1048543689321,1611.8504854368932,1821.6699029126214,1669.9223300970873,1601.514563106796,2080.4058252427185,1879.6660194174758,1639.7126213592232,1480.7728155339805,1470.904854368932,1420.07572815534,1788.5864077669903,2298.1417475728153,2563.8699029126215,1766.9922330097088,1375.926213592233,1431.7009708737864,2001.0990291262135,1626.473786407767,1846.514563106796,2003.0815533980583,1976.7669902912621,1875.9029126213593,1788.7747572815533,1607.4621359223302,1721.3281553398058,1348.1436893203884,1432.7728155339805,1392.6660194174758,1514.8485436893204,1396.1669902912622,1500.7475728155339,1370.6097087378641,1516.9611650485438,1765.7126213592232,1672.9728155339806,1448.8854368932039,1558.904854368932,1490.9825242718446,1615.7980582524272,1817.5087378640776,1901.4446601941747,1829.1106796116505,1826.714563106796,1677.735922330097,1948.8058252427184,2264.168932038835,2691.9009708737863,2713.918446601942,2280.159223300971,1882.873786407767,2188.621359223301,2238.4368932038833,2066.3242718446604,1979.1650485436894,2025.3941747572815,1854.7378640776699,1887.4485436893203,1794.4388349514563,1744.2466019417475,1791.2233009708739,1895.6135922330097,1794.3728155339807,2915.027184466019,3016.980582524272,2006.178640776699,1832.883495145631,2175.1922330097086,1598.6679611650486,1866.6019417475727,1732.357281553398,1664.3728155339807,1814.1631067961166,2227.9320388349515,2816.011650485437,3080.1087378640777,1804.631067961165,2045.6932038834952,2823.0912621359225,4059.966990291262,5046.69708737864,3866.4038834951457,2486.001941747573,2004.7300970873787,2291.250485436893,2883.3165048543688,3155.590291262136,4264.545631067961,4129.761165048543,4008.368932038835,4764.980582524272,5214.776699029127,4966.514563106796,3315.4271844660193,2617.7805825242717,3303.9495145631067,2331.8,1700.8291262135922,1706.2582524271845,2078.766990291262,2159.640776699029,2101.0893203883497,1859.8757281553399,2104.53786407767,2213.8466019417474,1813.2116504854368,1945.031067961165,3026.6019417475727,3110.5048543689322,2485.312621359223,2202.617475728155,2462.803883495146,1892.102912621359,1959.3009708737864,2147.809708737864,2606.421359223301,2783.78640776699,2482.2990291262136,1864.8873786407767,1672.7514563106797,1507.433009708738,1918.906796116505,2627.916504854369,2963.9747572815536,2421.5650485436895,2194.7514563106797,1896.9611650485438,2626.766990291262,2972.829126213592,2404.598058252427,3155.419417475728,3378.726213592233,2525.9398058252427,3095.5436893203882,3037.242718446602,3038.9067961165047,2377.15145631068,1945.7766990291261,2169.3106796116504,2896.464077669903,3940.5223300970874,5141.611650485437,4484.9378640776695,4478.732038834952,3605.854368932039,3498.8466019417474,3206.2252427184467,3612.84854368932,4080.3941747572817,3869.001941747573,4621.803883495146,4839.941747572816,3197.893203883495,2472.1398058252425,1951.7242718446603,2286.3514563106796,2499.116504854369,3427.935922330097,3752.6932038834952,3432.302912621359,3573.190291262136,3887.714563106796,4704.902912621359,5260.050485436893,3599.4504854368934,4076.6271844660196,3985.4679611650486,3029.926213592233,3376.2912621359224,4120.203883495145,3674.7844660194173,3512.168932038835,3050.945631067961,3934.4233009708737,3930.5669902912623,4018.1281553398057,3997.5048543689322,4780.47572815534,3754.1126213592233,3166.7922330097085,3106.378640776699,3808.671844660194,3894.7087378640776,3327.3417475728156,2479.809708737864,2012.1281553398057,1580.2155339805824,1807.7067961165048,1656.6582524271844,1523.8601941747572,1479.0990291262135,1676.1631067961166,1432.5223300970874,1494.6097087378641,1500.6466019417476,1494.3902912621359,1438.473786407767,1548.664077669903,1659.7320388349515,1836.4970873786408,1769.4271844660195,2591.545631067961,3469.6019417475727,3028.429126213592,2255.347572815534,1560.168932038835,1333.1398058252428,1634.2834951456312,1892.0446601941749,2229.1300970873785,1500.7766990291261,1660.7611650485437,1558.6291262135921,1689.6699029126214,1837.6582524271844,1866.631067961165,1302.4155339805825,1416.0446601941749,1451.2135922330096,1698.357281553398,1828.0388349514562,2031.9864077669904,2469.0135922330096,3052.883495145631,2365.4679611650486,2074.009708737864,2306.0757281553397,1650.7475728155339,1410.5922330097087,1498.6194174757281,1443.4388349514563,1779.588349514563,2467.0504854368933,3140.640776699029,1883.4,1954.3009708737864,2317.776699029126,2823.5650485436895,3557.073786407767,2563.778640776699,1752.1106796116505,2447.5864077669903,2073.359223300971,1699.0582524271845,1339.3728155339807,1709.6893203883494,2062.8271844660194,2654.0504854368933,1914.4135922330097,2247.2543689320387,2324.506796116505,2160.0990291262137,1359.5747572815535,1497.0796116504855,1535.368932038835,1964.8504854368932,2700.5631067961167,4577.563106796117,5619.615533980583,5926.08932038835,3307.1203883495145,1811.9300970873787,1381.7436893203883,1420.6233009708737,1258.1106796116505,1487.0233009708738,1504.7475728155339,2094.654368932039,2392.12427184466,2947.7980582524274,3519.992233009709,4309.30291262136,2230.850485436893,1930.316504854369,1835.168932038835,2066.928155339806,2148.339805825243,3080.8,3997.166990291262,3288.840776699029,2370.8601941747575,3186.7281553398057,2427.788349514563,1631.0194174757282,1453.4349514563107,1744.8796116504855,2118.8349514563106,3273.518446601942,2572.1417475728153,1829.2601941747573,1773.2077669902912,2060.104854368932,2179.5417475728154,2442.7533980582525,2056.669902912621,1718.1359223300972,2111.390291262136,2159.252427184466,1981.8194174757282,3201.240776699029,3016.4466019417478,1929.664077669903,1820.3844660194175,2780.1378640776697,2943.6679611650484,2360.972815533981,2708.7281553398057,3913.5864077669903,5409.825242718447,3845.390291262136,1987.0893203883495,1606.0116504854368,1284.5184466019418,1452.2019417475728,1393.409708737864,1830.9805825242718,1570.5203883495146,1464.4174757281553,1272.8097087378642,1350.0446601941749,1100.7883495145632,1240.4271844660195,1279.1728155339806,1331.8,1363.9223300970873,1371.5067961165048,1104.0873786407767,1441.557281553398,1468.3553398058252,1354.673786407767,1125.8174757281554,1265.3553398058252,1123.5941747572815,1254.2582524271845,1188.5747572815535,1341.3825242718447,1102.8485436893204,1266.9533980582523,1089.8233009708738,1406.9825242718446,1210.0485436893205,1254.3495145631068,1107.3592233009708,1223.2271844660195,1137.6155339805825,1227.2038834951456,1210.7708737864077,1468.6582524271844,1160.095145631068,1240.5106796116504,1145.231067961165,1224.8446601941748,1072.6077669902913,1163.8407766990292,1338.3009708737864,1517.5533980582525,1503.5398058252426,1434.1747572815534,1411.9203883495145,1753.3436893203884,1837.1533980582524,1615.021359223301,1730.4368932038835,2385.5223300970874,1605.928155339806,1305.6155339805825,1155.8155339805826,1261.0038834951456,1256.578640776699,1180.2485436893203,1095.2,1318.0679611650485,1069.8368932038834,1288.6233009708737,1105.0194174757282,1261.6796116504854,1180.9805825242718,1177.9766990291262,1090.7106796116504,1199.7242718446603,1205.3242718446602,1558.535922330097,1830.2699029126213,1678.6563106796116,1347.9339805825243,1319.1980582524272,1488.959223300971,1477.8058252427184,1273.5495145631069,1433.6174757281553,1467.7728155339805,1668.0427184466018,1295.6155339805825,1191.1650485436894,1168.4990291262136,1302.1242718446601,1272.2116504854368,1708.9359223300971,2012.0873786407767,1820.873786407767,1289.4252427184465,1358.6058252427185,1446.433009708738,1940.4679611650486,1448.3611650485436,1460.2815533980583,1553.8582524271844,1916.6932038834952,2074.72427184466,2091.8621359223303,1627.8446601941748,1495.1417475728156,1336.3650485436892,1672.2349514563107,1355.9728155339806,1274.5398058252426,1072.1592233009708,1243.1708737864078,1408.7339805825243,1461.7514563106797,1534.3223300970874,1773.8873786407767,1425.2912621359224,1733.2466019417475,2156.6912621359224,2303.464077669903,1591.726213592233,1709.147572815534,1852.9611650485438,1667.4135922330097,1553.1436893203884,1782.6932038834952,1938.1359223300972,2271.273786407767,1617.5029126213592,1925.9533980582523,2270.568932038835,3036.78640776699,1954.1708737864078,1788.0582524271845,1721.8660194174756,1795.3029126213592,2243.833009708738,3661.116504854369,4666.598058252427,3471.547572815534,2781.1203883495145,3371.5922330097087,2090.104854368932,1683.5611650485437,2030.388349514563,2921.5650485436895,2416.4135922330097,2729.326213592233,2463.481553398058,2635.5417475728154,2491.339805825243,3450.223300970874,2696.803883495146,1943.8679611650487,1545.0233009708738,1742.116504854369,2261.5941747572815,2068.007766990291,1411.093203883495,1819.5553398058253,2736.019417475728,3830.326213592233,2578.809708737864,3139.0893203883497,3261.902912621359,3122.978640776699,4286.957281553398,3403.590291262136,2354.166990291262,3915.992233009709,4841.66213592233,2773.3087378640776,2177.87572815534,3349.6834951456312,5065.625242718446,5586.161165048544,4834.514563106796,3750.821359223301,2865.8058252427186,3060.838834951456,4893.798058252427,6882.666019417476,4644.122330097088,3306.1553398058254,5109.396116504854,8430.011650485438,5701.085436893204,3488.598058252427,2105.9398058252427,1861.7320388349515,2058.017475728155,3179.9611650485435,3375.149514563107,3416.6582524271844,4214.611650485437,6406.9320388349515,4451.968932038835,2690.3067961165048,2044.9223300970873,1518.3126213592234,1335.5067961165048,1655.1184466019417,1630.3456310679612,2035.852427184466,3156.904854368932,3435.365048543689,2097.6563106796116,1779.433009708738,1817.5300970873786,1794.3533980582524,1446.7029126213592,1776.2019417475728,2373.2893203883496,3495.801941747573,2667.2796116504855,2331.2640776699027,2337.304854368932,1770.9184466019417,1495.2271844660195,1724.8582524271844,2446.21359223301,2469.778640776699,1605.8,1627.495145631068,1521.0912621359223,1862.6038834951457,1420.7165048543688,1577.378640776699,1577.6155339805825,2223.4038834951457,2599.126213592233,2293.4757281553398,1832.5300970873786,1535.9398058252427,1411.0233009708738,1621.7223300970875,1507.3203883495146,1574.264077669903,1906.7631067961165,1815.9941747572816,1455.7980582524272,1519.9553398058251,1330.7300970873787,1612.4446601941747,2151.7514563106797,3393.4776699029126,2408.0990291262137,1669.6407766990292,1584.0038834951456,1525.4310679611651,1425.704854368932,1722.5728155339805,1418.7941747572816,1540.821359223301,1816.7165048543688,2635.4485436893206,3613.6,3769.5514563106794,1863.9184466019417,1796.2757281553397,2244.506796116505,2507.4135922330097,1614.6893203883494,1495.1281553398057,1428.1281553398057,2096.330097087379,1904.768932038835,2255.0679611650485,2758.1533980582526,2067.1300970873785,1986.3223300970874,2345.966990291262,1626.5747572815535,1694.8466019417476,2081.4582524271846,2269.9495145631067,1358.6543689320388,1392.598058252427,1175.071844660194,1309.9398058252427,1249.4815533980582,1449.6368932038836,1393.745631067961,1888.219417475728,2821.8601941747575,2380.4058252427185,1277.1980582524272,1282.3378640776698,1228.6757281553398,1516.2388349514563,1217.4796116504854,1454.5766990291263,1161.221359223301,1456.2893203883496,1329.7223300970875,1269.7572815533981,1245.388349514563,1345.093203883495,1350.516504854369,1901.6970873786408,2297.3417475728156,1756.5106796116504,1584.3145631067962,2607.2388349514563,2602.747572815534,1541.7223300970875,1404.726213592233,1634.5029126213592,1548.9533980582523,1540.0990291262135,1224.388349514563,1536.2233009708739,1879.8077669902912,2380.4466019417478,2777.8815533980583,2053.7359223300973,1423.2524271844661,1613.1941747572816,1667.7029126213592,2289.5126213592234,1729.3320388349514,1786.5592233009709,1732.3553398058252,2315.6932038834952,1674.557281553398,1616.8388349514564,1909.5087378640776,2151.6660194174756,1393.6446601941748,1462.3941747572815,1701.3029126213592,2920.6485436893204,3714.054368932039,2175.508737864078,1747.2834951456312,1940.126213592233,1459.031067961165,1518.7339805825243,1519.2233009708739,1693.893203883495,1495.8912621359223,1539.3145631067962,1465.5533980582525,2185.8252427184466,3771.357281553398,3923.1825242718446,1684.295145631068,1493.4757281553398,1318.3223300970874,1374.547572815534,1425.0796116504855,1654.673786407767,1392.8893203883495,1987.580582524272,1812.2252427184467,1738.3126213592234,1285.2,1279.3902912621359,1127.5398058252426,1300.295145631068,1232.7766990291261,1522.6699029126214,1740.401941747573,1950.2524271844661,1427.4252427184465,1365.0,1237.4,1530.9514563106795,1626.4252427184465,1751.642718446602,1741.0601941747573,2303.0932038834953,2056.009708737864,1476.085436893204,1372.968932038835,1602.5067961165048,1876.0349514563106,2067.4563106796118,1966.6932038834952,2380.355339805825,1896.0796116504855,1755.5708737864077,1415.0427184466018,1652.821359223301,1772.726213592233,1836.083495145631,1407.083495145631,1669.1126213592233,1847.821359223301,2895.4466019417478,4622.499029126214,5119.184466019417,1910.2077669902912,1575.5825242718447,1585.9184466019417,1452.2233009708739,1128.8174757281554,1386.852427184466,1238.5339805825242,1343.3087378640776,1497.1048543689321,1508.442718446602,1212.0660194174757,1395.7106796116504,1253.3223300970874,1345.9203883495145,1241.6970873786408,1527.6796116504854,1413.6194174757281,1601.409708737864,1902.780582524272,2554.2563106796115,1838.495145631068,1322.0679611650485,1170.1300970873785,1374.5844660194175,1324.254368932039,1877.904854368932,1661.0038834951456,1598.4815533980582,1217.8233009708738,1566.0893203883495,1684.1184466019417,1589.9495145631067,1188.188349514563,1298.5533980582525,1187.0679611650485,1248.2019417475728,1187.2038834951456,1383.8077669902912,1291.2155339805824,1524.1922330097088,1468.4077669902913,1543.1708737864078,1385.926213592233,1415.9922330097088,1357.083495145631,1651.411650485437,2335.831067961165,2093.3184466019416,1197.904854368932,1341.6699029126214,1242.8563106796116,1254.2252427184467,1194.6058252427185,1422.7495145631067,1530.928155339806,2455.4660194174758,2359.9941747572816,1984.368932038835,1518.9747572815534,1764.0427184466018,1690.254368932039,1650.8543689320388,1785.821359223301,2577.001941747573,3069.0873786407765,2349.1747572815534,1720.9436893203883,2163.4174757281553,2407.631067961165,2689.5650485436895,1892.588349514563,2081.856310679612,3393.7029126213592,4013.0873786407765,1901.0427184466018,1487.8174757281554,1344.6155339805825,1449.7398058252427,1340.7417475728155,1537.7417475728155,1305.8446601941748,1443.366990291262,1483.2038834951456,2109.6291262135924,3166.2582524271843,4785.238834951457,3127.5941747572815,2239.5844660194175,1863.5087378640776,2329.8582524271847,1794.695145631068,2340.444660194175,2732.376699029126,1803.3728155339807,1458.0233009708738,1862.2757281553397,2240.2912621359224,2632.8621359223303,1742.4970873786408,1807.9106796116505,2273.5126213592234,4034.5844660194175,6185.225242718447,4257.058252427184,3018.831067961165,2763.2194174757283,2547.401941747573,2012.4601941747574,1608.5417475728154,2002.0,2641.821359223301,5068.611650485437,4722.2504854368935,2298.0485436893205,1597.4990291262136,2030.1320388349513,2750.733980582524,4070.378640776699,2290.054368932039,2092.506796116505,2524.5844660194175,3791.6058252427183,2327.126213592233,1646.5281553398058,1357.1495145631068,1503.3067961165048,1566.326213592233,2141.829126213592,2937.3980582524273,4793.13786407767,4366.054368932038,5322.071844660194,6872.357281553398,3550.3631067961164,2415.2699029126215,3603.895145631068,5690.306796116505,5652.380582524272,3103.5533980582522,2435.180582524272,3268.7359223300973,6255.13786407767,7297.947572815534,2920.3611650485436,1656.5320388349514,1724.7339805825243,1805.5766990291263,1832.1669902912622,1397.897087378641,1464.9844660194174,1468.8155339805826,1932.5533980582525,1939.2834951456312,2948.706796116505,3636.3980582524273,4558.780582524272,3367.2388349514563,4425.147572815534,6972.345631067961,5424.518446601942,5783.939805825243,4421.225242718447,2845.4368932038833,3219.559223300971,3624.6834951456312,2176.3844660194177,1564.0330097087378,1658.8194174757282,2211.2019417475726,2556.3242718446604,1951.0174757281554,2134.955339805825,1907.5009708737864,2542.7320388349513,4400.75145631068,7226.363106796117,3517.0233009708736,2059.1300970873785,1922.1417475728156,1754.219417475728,1801.7029126213592,2572.978640776699,4477.287378640776,7764.706796116505,6320.252427184466,8157.788349514563,4869.62718446602,3979.854368932039,5382.693203883495,3875.9747572815536,2154.687378640777,1880.7553398058253,1839.6757281553398,2276.166990291262,3493.46213592233,6146.854368932039,6489.871844660194,5892.972815533981,5335.007766990291,5666.396116504854,2690.196116504854,2581.6834951456312,2625.0990291262137,2017.0446601941749,1604.0679611650485,1576.2990291262136,1582.2,1863.7533980582525,2417.2679611650487,3887.78640776699,3128.677669902913,4732.46213592233,4438.88932038835,5868.114563106796,7316.673786407767,10497.570873786408,18371.132038834952,13674.209708737864,4529.481553398058,2636.794174757282,2589.2155339805827,4501.671844660194,4576.130097087379,5635.384466019417,9706.899029126214,7428.982524271844,3303.559223300971,1830.8485436893204,1594.9359223300971,2133.5320388349514,2998.5203883495146,4856.147572815534,4930.545631067961,6182.92427184466,3430.852427184466,1866.1611650485436,1585.4796116504854,1621.021359223301,1554.1533980582524,1878.1203883495145,2274.778640776699,3372.840776699029,6579.966990291262,5252.774757281553,2240.766990291262,2162.2912621359224,2588.2893203883496,4501.4640776699025,4473.955339805825,7602.561165048543,6280.394174757282,4167.0815533980585,1990.9980582524272,1745.6563106796116,1851.0233009708738,2107.2873786407768,2232.205825242718,3781.928155339806,7387.71067961165,6048.403883495145,2498.2699029126215,1877.6446601941748,1505.0058252427184,1702.9611650485438,1653.9223300970873,1620.6893203883494,1640.8601941747572,2247.66213592233,2002.4291262135923,2026.9864077669904,2721.557281553398,2909.8077669902914,3114.621359223301,6049.139805825243,9208.80776699029,5685.050485436893,7191.174757281553,5852.019417475728,2493.518446601942,2126.0407766990293,1771.1631067961166,2114.4873786407766,1498.2116504854368,1552.2621359223301,1503.8543689320388,1505.9320388349515,1621.2427184466019,2424.528155339806,4163.660194174758,8484.452427184466,5634.576699029126,3015.631067961165,1772.2038834951456,1569.4660194174758,1346.8601941747572,1335.8135922330098,1382.0660194174757,1479.168932038835,1364.2,1659.5087378640776,2072.598058252427,2865.516504854369,5405.611650485437,5923.471844660195,2403.768932038835,2072.001941747573,1984.5029126213592,2019.221359223301,1541.3398058252428,1690.0699029126213,1587.2252427184467,1540.0233009708738,1569.7320388349515,2424.4,2885.8893203883495,5739.310679611651,3366.640776699029,1762.9631067961166,1390.8815533980583,1474.6485436893204,1365.5300970873786,1471.8291262135922,1423.5009708737864,1526.3708737864079,1447.7165048543688,1804.6776699029126,2161.9087378640775,4112.046601941747,4107.114563106796,2382.66213592233,2191.0601941747573,2203.390291262136,1686.0174757281554,1727.7844660194176,1479.9126213592233,1568.2446601941747,1594.7883495145632,2007.0912621359223,2649.6912621359224,3952.8621359223303,8801.53009708738,15325.341747572815,10609.031067961165,4420.677669902912,2385.9339805825243,2180.345631067961,1513.831067961165,1446.3631067961164,1217.5708737864077,1345.3184466019418,1171.2427184466019,1266.5339805825242,1122.6155339805825,1271.4233009708737,1149.9126213592233,1312.5631067961165,1378.4,1707.2893203883496,1496.7728155339805,1599.642718446602,1636.7572815533981,1437.5747572815535,1331.0077669902912,1420.0446601941749,1215.7165048543688,1475.6660194174758,1833.1650485436894,2754.535922330097,1639.695145631068,1454.1631067961166,1378.1553398058252,1937.5398058252426,2070.9592233009707,2263.4155339805825,1749.990291262136,1558.3728155339807,1339.3184466019418,1754.4388349514563,1277.2970873786408,1569.4407766990291,2124.778640776699,3945.0504854368933,3222.833009708738,1940.419417475728,1311.3436893203884,1358.3922330097087,1393.6466019417476,1618.2718446601941,1224.8155339805826,1286.0291262135922,1193.557281553398,1482.5922330097087,1917.5708737864077,1879.8776699029127,2149.2252427184467,2397.285436893204,1688.8097087378642,1730.8019417475728,1537.357281553398,1492.6718446601942,1273.590291262136,1423.3553398058252,1324.590291262136,1712.0194174757282,1907.7320388349515,1801.0174757281554,1529.6271844660193,1993.5417475728154,2414.9611650485435,2882.0796116504853,2855.4504854368934,2644.3067961165048,1839.6601941747572,1530.147572815534,1386.2699029126213,1538.6796116504854,1553.7184466019417,1595.464077669903,1413.3223300970874,1584.378640776699,1860.4,2619.3747572815532,2960.401941747573,2031.4601941747574,2211.5514563106794,2713.157281553398,2389.252427184466,2255.966990291262,1877.5708737864077,2438.3631067961164,2955.3747572815532,3479.378640776699,2955.2,2141.0058252427184,1747.5126213592232,2177.5223300970874,3270.947572815534,3251.685436893204,2625.359223300971,2441.7126213592232,1761.0990291262135,1953.093203883495,1553.4893203883496,1857.9029126213593,2001.1242718446601,2620.840776699029,2309.673786407767,2048.664077669903,2183.8252427184466,1874.588349514563,1493.1533980582524,1514.1184466019417,1498.8504854368932,1835.1961165048544,1682.6718446601942,1557.1825242718446,1516.7106796116504,1902.052427184466,1653.8077669902912,2367.7087378640776,3092.114563106796,2127.178640776699,1646.1844660194174,2257.5029126213594,2758.1553398058254,2344.3087378640776,2890.6271844660196,5069.842718446602,4238.141747572816,2650.559223300971,2378.555339805825,2111.176699029126,2005.0194174757282,2184.345631067961,1969.1533980582524,2379.2679611650487,1613.126213592233,1769.7009708737864,1879.0466019417477,1826.5126213592232,2135.1941747572814,3048.7436893203885,1970.157281553398,1745.3106796116506,1970.3650485436892,2662.46213592233,3226.0893203883497,5229.753398058252,7331.502912621359,4615.549514563107,2831.0660194174757,2410.885436893204,3066.097087378641,5780.08932038835,8189.565048543689,4022.6893203883496,2454.8252427184466,2960.809708737864,4724.332038834951,5274.716504854369,4559.054368932038,2285.18640776699,1783.6155339805825,1824.9844660194174,1456.8,2105.8621359223303,2127.421359223301,4199.196116504854,2989.382524271845,1991.2815533980583,1773.8893203883495,1916.9300970873787,2485.357281553398,3269.252427184466,3769.4038834951457,5567.864077669903,6902.57281553398,9229.933980582524,9500.135922330097,5617.436893203883,7411.9902912621355,11581.966990291263,6466.440776699029,4477.011650485437,5396.776699029127,3575.0466019417477,3806.4660194174758,3201.4058252427185,2785.2699029126215,4931.240776699029,8058.392233009708,4641.132038834951,3930.811650485437,7685.165048543689,10032.15145631068,4296.6,2625.4271844660193,3055.8601941747575,4081.1087378640777,9756.050485436894,11905.831067961166,5735.1067961165045,5826.330097087379,8280.135922330097,4967.0485436893205,3752.7320388349513,4097.157281553398,4298.530097087379,3987.083495145631,2539.8621359223303,2196.9631067961163,3663.1378640776697,3827.73786407767,3993.2038834951454,2588.252427184466,2071.9203883495147,2455.8990291262135,2210.2368932038835,1613.0640776699029,1842.3436893203884,2406.9961165048544,4937.941747572816,4033.2815533980583,2200.3883495145633,1595.7650485436893,1536.7611650485437,1563.1242718446601,2190.714563106796,3441.7611650485437,5546.877669902912,2674.3611650485436,2315.1223300970873,2744.5203883495146,4016.1106796116505,7492.273786407767,5846.941747572816,3180.8174757281554,2233.9592233009707,1751.8543689320388,2260.052427184466,2586.3961165048545,2103.304854368932,1868.0699029126213,2086.293203883495,2451.1650485436894,3170.706796116505,2030.8349514563106,1732.5495145631069,1644.473786407767,1765.219417475728,2036.1048543689321,1826.7067961165048,1617.2485436893203,1712.6368932038836,1746.188349514563,1661.5339805825242,1504.8893203883495,1727.5029126213592,1556.07572815534,1522.852427184466,1493.0504854368933,2499.7300970873785,2990.6291262135924,4336.726213592233,2374.6834951456312,1687.7864077669904,1438.8368932038834,1699.6485436893204,1419.4796116504854,1568.664077669903,1709.7378640776699,3254.3087378640776,3577.9533980582523,2130.9417475728155,1667.7009708737864,2243.2912621359224,4745.607766990292,3747.4873786407766,1858.231067961165,1599.2466019417475,1469.0058252427184,1531.526213592233,1443.2893203883496,1416.588349514563,1433.759223300971,1692.4388349514563,2397.347572815534,2194.2466019417475,1541.2116504854368,1512.2174757281553,1523.7106796116504,1679.4135922330097,1495.7611650485437,2275.6660194174756,2027.714563106796,2819.590291262136,5297.8796116504855,7171.607766990292,3225.778640776699,2137.6757281553396,1716.926213592233,1624.93786407767,1421.780582524272,1964.473786407767,2241.2174757281555,3503.4990291262134,3351.116504854369,2070.9611650485435,1579.7825242718447,1442.8155339805826,1224.7320388349515,1314.6776699029126,1173.780582524272,1314.8563106796116,1415.378640776699,1904.9825242718446,1315.852427184466,1227.5087378640776,1062.1300970873785,1150.3650485436892,1068.240776699029,1176.8854368932039,1105.4291262135923,1334.7339805825243,1303.928155339806,2082.419417475728,2902.883495145631,7825.817475728155,10245.009708737864,5371.116504854369,3076.66213592233,1998.2446601941747,1396.8407766990292,1404.147572815534,1526.916504854369,1537.633009708738,1202.990291262136,1308.4038834951457,1140.652427184466,1283.5106796116504,1678.2679611650485,2735.5009708737866,2219.1728155339806,1636.990291262136,1401.811650485437,1492.5300970873786,1257.0019417475728,1323.2058252427184,1251.5728155339805,1428.4893203883496,1313.5825242718447,1519.357281553398,1338.7029126213592,1547.2252427184467,1769.4660194174758,2093.149514563107,2207.9747572815536,2479.4271844660193,1647.0388349514562,1545.419417475728,1307.9456310679611,1366.0873786407767,1343.7495145631067,1826.3378640776698,2258.1029126213593,1817.4932038834952,1396.6155339805825,1432.4543689320387,1422.2388349514563,1432.9223300970873,1175.0679611650485,1162.3864077669903,1338.1184466019417,1419.8640776699028,1320.9029126213593,1799.4621359223302,1526.2,1605.9980582524272,1778.3281553398058,1657.4776699029126,1516.6368932038836,1624.611650485437,1532.2446601941747,1842.1533980582524,1642.0330097087378,2273.054368932039,1749.5941747572815,1467.0349514563106,1332.5203883495146,1817.3980582524273,1192.9106796116505,1388.8485436893204,1254.157281553398,1441.7766990291261,1517.6252427184465,1630.433009708738,1545.0,1615.3300970873786,1313.7669902912621,1391.3495145631068,1469.9864077669904,1544.7281553398059,1254.4271844660195,1385.5087378640776,1661.3009708737864,1790.6679611650486,2164.452427184466,1910.0543689320389,1674.285436893204,1569.9087378640777,1334.3300970873786,1439.0446601941749,1357.0349514563106,1503.3747572815535,1301.4718446601942,1433.0427184466018,1451.4349514563107,1459.357281553398,1267.8582524271844,1398.0640776699029,1276.4077669902913,1792.7747572815533,1286.0873786407767,1448.3223300970874,1619.2,2103.454368932039,1556.8893203883495,1672.8718446601943,1931.6796116504854,3469.147572815534,3114.578640776699,4554.207766990291,2979.598058252427,2274.7184466019417,1772.052427184466,1582.4679611650486,1422.2155339805824,1516.9922330097088,1235.157281553398,1345.7087378640776,1226.040776699029,1416.580582524272,1447.5067961165048,2100.5844660194175,2922.7902912621357,2772.033009708738,3228.4776699029126,2677.170873786408,1905.2330097087379,1837.5067961165048,1747.2019417475728,2207.992233009709,3490.33786407767,3110.895145631068,1823.1398058252428,1729.621359223301,1454.2970873786408,1566.7009708737864,1688.9320388349515,1637.904854368932,1456.8,1572.5941747572815,1395.0077669902912,1508.1669902912622,1796.6776699029126,3383.9747572815536,5970.374757281554,4376.291262135922,2942.4038834951457,2915.6252427184468,2213.8077669902914,1854.3708737864079,1671.2291262135923,1971.1417475728156,1822.409708737864,1903.1941747572816,2810.5669902912623,5136.201941747573,2996.81359223301,2299.442718446602,2500.205825242718,3191.1631067961166,2982.8776699029127,2383.7844660194173,2920.2543689320387,5661.011650485437,3243.2815533980583,2717.955339805825,3471.2349514563107,6752.687378640777,11510.5786407767,6568.976699029126,3517.5533980582522,2713.26213592233,2545.570873786408,2449.2582524271843,2299.893203883495,2292.9417475728155,2791.7805825242717,6291.223300970873,4500.631067961165,3215.4135922330097,3223.873786407767,2782.5495145631066,2102.621359223301,2256.4699029126214,3608.3203883495144,6333.223300970873,5734.384466019417,3404.84854368932,2369.4058252427185,1927.0504854368933,1646.978640776699,2185.2893203883496,3977.528155339806,4121.601941747573,3445.547572815534,5924.242718446602,4808.667961165049,3935.5669902912623,5054.058252427184,10059.460194174757,11347.695145631067,7579.716504854369,5685.638834951456,3490.557281553398,2357.885436893204,2002.6019417475727,1772.0058252427184,2174.1922330097086,1808.9766990291262,1800.0368932038834,2220.1106796116505,1964.2330097087379,1580.598058252427,1641.8388349514564,1567.7339805825243,2007.7436893203883,2228.302912621359,2490.3708737864076,2421.4135922330097,2857.73786407767,5326.528155339805,16085.947572815534,22631.159223300972,12243.76504854369,7648.188349514563,6167.838834951456,7279.13786407767,10282.891262135923,6831.9126213592235,7731.104854368932,4767.530097087379,3774.53786407767,3752.9223300970875,3059.126213592233,2271.856310679612,2132.87572815534,2108.516504854369,3470.8058252427186,2828.2563106796115,3472.1922330097086,4828.689320388349,3702.1825242718446,2705.6038834951455,2144.2640776699027,1675.8699029126215,1749.2388349514563,1689.633009708738,1951.442718446602,1826.5825242718447,1999.6097087378641,2573.811650485437,2505.6893203883496,2802.955339805825,3119.6058252427183,2180.1300970873785,2386.568932038835,2247.355339805825,2026.3087378640776,1732.5184466019418,2271.2194174757283,1900.5203883495146,3426.233009708738,8997.706796116505,7410.747572815534,3990.5631067961167,2741.009708737864,2285.53786407767,2804.7203883495145,2335.580582524272,2128.794174757282,1966.2155339805824,2913.842718446602,2418.3436893203884,2218.293203883495,2164.8699029126215,2318.0990291262137,3009.1223300970873,7046.617475728155,12776.95145631068,9840.631067961165,11074.860194174757,6017.88932038835,3806.0854368932037,2869.87572815534,2099.883495145631,1866.3766990291263,1700.102912621359,1836.2563106796117,1849.3514563106796,2121.4563106796118,2074.1106796116505,2523.8252427184466,1996.926213592233,2632.33786407767,3112.401941747573,2445.4854368932038,1923.4485436893203,1816.316504854369,1787.0058252427184,2189.205825242718,2709.545631067961,4615.122330097088,10427.273786407766,8483.953398058253,4410.345631067961,3431.685436893204,3225.114563106796,2637.819417475728,2086.8970873786407,2351.838834951456,3026.53786407767,2602.166990291262,3263.607766990291,6493.244660194175,9826.26796116505,6332.726213592233,3528.5514563106794,2618.992233009709,2281.633009708738,2001.4504854368931,1570.0427184466018,1638.7184466019417,1407.7864077669904,1886.852427184466,1417.2815533980583,1882.9339805825243,2048.5339805825242,2017.1902912621358,2659.8699029126215,2372.5669902912623,1891.5514563106797,2349.3708737864076,2172.409708737864,2071.4504854368934,2223.972815533981,2188.4873786407766,1720.0174757281554,1924.4446601941747,2231.359223300971,4142.939805825243,8828.077669902912,5771.8019417475725,3920.2446601941747,2916.990291262136,2688.4776699029126,2302.998058252427,1716.8368932038834,1726.2019417475728,1807.8388349514564,1889.3825242718447,1957.6990291262136,3641.9533980582523,9285.660194174758,6987.359223300971,4537.996116504854,4042.677669902913,3504.1650485436894,5174.972815533981,4318.2,6882.116504854369,17709.576699029127,15014.155339805826,8656.419417475729,6827.73786407767,4391.2368932038835,3842.588349514563,4667.194174757282,4016.5495145631066,2758.376699029126,2671.326213592233,3751.382524271845,7727.716504854369,7305.526213592233,4376.834951456311,3184.2252427184467,3025.1184466019417,4534.433009708738,8794.4213592233,6214.112621359223,5816.718446601942,4116.378640776699,3240.4660194174758,3038.283495145631,4935.584466019417,10344.81359223301,12492.163106796117,13678.939805825243,9099.945631067962,5465.730097087378,4072.3242718446604,2973.9689320388347,3108.464077669903,3633.918446601942,2666.009708737864,2330.198058252427,2493.9592233009707,2325.749514563107,1971.442718446602,1732.9203883495145,1794.2563106796117,1457.2368932038835,1607.821359223301,1955.2019417475728,2722.285436893204,3651.4776699029126,6759.7242718446605,10755.161165048543,19354.363106796118,11861.76504854369,8476.873786407767,9807.363106796116,7419.192233009709,8128.619417475728,12696.988349514562,7289.895145631068,4806.512621359223,3415.359223300971,2813.5495145631066,2096.3708737864076,2298.4893203883494,1701.6271844660193,1854.959223300971,2542.26213592233,6648.669902912621,17556.644660194175,12319.481553398058,7335.32427184466,5507.922330097087,4194.477669902913,4295.617475728155,6652.6135922330095,18642.97281553398,34428.84660194175,20494.6213592233,12750.551456310679,10540.077669902912,6940.584466019417,5659.87572815534,5995.673786407767,4444.258252427185,4783.7436893203885,4324.603883495146,3316.0252427184464,3040.617475728155,2452.3339805825244,2900.368932038835,3361.1398058252425,3119.904854368932,4556.469902912621,14100.794174757282,29052.038834951458,19670.897087378642,11672.883495145632,7881.41359223301,6290.1980582524275,8655.733980582525,16150.392233009708,21087.22912621359,17816.699029126212,17132.13786407767,14460.44077669903,9697.512621359223,8246.770873786409,7570.046601941747,5008.568932038835,3257.831067961165,2615.794174757282,2312.7417475728157,1993.8252427184466,2218.2640776699027,2786.8368932038834,3338.883495145631,4680.9902912621355,3545.3611650485436,2594.972815533981,2297.46213592233,2076.588349514563,2026.3941747572815,1842.4058252427185,2413.87572815534,2702.9631067961163,2298.46213592233,1827.990291262136,2259.021359223301,2526.6155339805823,4177.980582524272,5825.92427184466,4567.757281553398,3886.607766990291,7145.78640776699,9456.92427184466,9705.551456310679,10820.823300970873,6900.341747572816,7754.930097087378,17218.390291262134,14595.52427184466,14188.935922330096,11104.168932038834,6886.992233009709,5221.5553398058255,4373.285436893204,3407.440776699029,3096.4699029126214,2951.5300970873786,3067.7844660194173,2503.3087378640776,2699.211650485437,3211.3165048543688,4824.704854368932,8856.058252427185,17510.73786407767,18083.88349514563,10878.320388349515,7100.658252427184,7302.794174757281,10357.594174757282,9233.988349514562,6140.30291262136,5737.343689320388,4347.050485436893,3629.2873786407768,3503.2349514563107,2752.842718446602,2030.9708737864078,1911.8135922330098,1695.7650485436893,1770.0271844660194,1508.8407766990292,1780.6621359223302,2800.7728155339805,6087.805825242718,17302.009708737864,17886.68155339806,11089.720388349515,7834.660194174758,6111.871844660194,6340.679611650486,5221.481553398058,4059.3242718446604,3672.7728155339805,3656.935922330097,3293.250485436893,4369.456310679611,4503.46213592233,3204.0854368932037,3253.017475728155,6397.73786407767,4280.151456310679,3010.8174757281554,2219.0485436893205,2371.8155339805826,2858.4252427184465,2888.283495145631,2463.2485436893203,2968.570873786408,3571.7805825242717,3266.233009708738,4956.706796116505,14693.508737864078,13520.885436893204,9040.965048543689,10357.314563106796,9203.471844660195,6752.7825242718445,8134.246601941748,6417.052427184466,4073.803883495146,2807.8815533980583,2500.6271844660196,1962.4407766990291,2180.1203883495145,2671.335922330097,2697.7436893203885,2287.7805825242717,2133.019417475728,1865.6407766990292,1874.4621359223302,2142.2990291262136,2845.0485436893205,1867.2796116504855,1742.9029126213593,1477.8388349514564,1480.714563106796,1611.093203883495,1849.3533980582524,1760.5378640776698,2017.8466019417476,1645.093203883495,1700.611650485437,1699.9320388349515,2188.5242718446602,2258.7436893203885,2153.7747572815533,2863.4135922330097,4837.902912621359,4318.5747572815535,3166.6834951456312,2293.2388349514563,1926.873786407767,1654.4466019417475,1780.0970873786407,1599.6699029126214,1758.1941747572816,1696.2912621359224,1718.1514563106796,2340.444660194175,2970.7553398058253,5481.774757281553,5770.281553398058,3950.9145631067963,4436.774757281553,7786.584466019417,7511.141747572816,5587.706796116505,4967.374757281554,6739.011650485437,6321.433009708738,5321.2757281553395,5754.689320388349,4524.0097087378645,3705.034951456311,5317.1980582524275,5574.961165048544,7502.867961165049,11919.139805825243,7783.318446601942,6153.423300970874,6648.512621359223,5213.41359223301,4309.71067961165,3204.0873786407765,2281.916504854369,2133.7203883495145,2332.8601941747575,4776.077669902913,5954.75145631068,5282.380582524272,4150.392233009708,3002.2563106796115,2464.990291262136,3189.1087378640777,2815.0135922330096,2830.2194174757283,2139.555339805825,2022.9106796116505,2483.073786407767,5577.5359223300975,5258.118446601942,3929.2252427184467,2921.4135922330097,3332.6563106796116,4066.4951456310678,4829.1067961165045,6254.415533980583,9883.370873786407,6459.978640776699,6505.914563106796,9003.114563106796,10544.198058252427,9609.939805825243,14065.188349514563,9003.019417475729,5783.47572815534,4492.533980582524,3496.054368932039,2367.376699029126,1890.4776699029126,1460.6466019417476,1423.6757281553398,1301.0349514563106,1665.4504854368931,2847.157281553398,4277.176699029126,3091.5941747572815,2887.803883495146,2917.330097087379,4174.260194174757,12543.13786407767,19380.11067961165,12071.003883495147,9305.708737864077,9064.372815533981,12565.528155339805,8452.955339805825,5805.945631067962,5789.69708737864,4286.493203883495,3106.33786407767,2956.652427184466,5730.897087378641,12744.487378640777,12577.48349514563,7753.33786407767,4935.499029126214,4014.5669902912623,4074.6815533980584,3888.0699029126213,3373.2194174757283,5885.471844660195,8072.605825242718,12199.718446601943,11491.518446601942,24878.957281553397,29849.751456310678,19550.417475728154,14977.066019417476,22092.11844660194,18584.726213592232,13280.961165048544,8818.673786407768,6605.5553398058255,5232.607766990292,4112.260194174757,2903.9009708737863,2637.53786407767,3552.8699029126215,9276.17281553398,14067.920388349514,9732.269902912622,8612.491262135922,18932.023300970875,22249.594174757283,14798.998058252428,10557.361165048544,11559.984466019418,17222.68349514563,20953.66990291262,28646.953398058253,18865.277669902913,11405.300970873786,7569.46213592233,5284.242718446602,3937.4252427184465,3673.955339805825,4299.700970873786,3059.8077669902914,2479.6038834951455,2024.93786407767,2455.776699029126,3097.3165048543688,5178.326213592233,15603.233009708738,17851.596116504854,11103.636893203884,8688.423300970873,7478.454368932039,5562.5941747572815,3875.190291262136,3110.06213592233,3236.4660194174758,9351.229126213591,15900.965048543689,10481.295145631067,10290.06213592233,11266.35145631068,8738.63495145631,15003.436893203883,14470.073786407767,9080.229126213591,5671.23495145631,4073.970873786408,3514.491262135922,2919.1184466019417,2030.1805825242718,1773.92427184466,1538.978640776699,1512.8466019417476,1511.6912621359224,1607.6970873786408,1885.8563106796116,2238.2388349514563,1756.7941747572816,2284.518446601942,2044.8543689320388,2030.2757281553397,2231.464077669903,2347.2252427184467,2275.4466019417478,2025.2174757281553,1668.2485436893203,1849.7203883495145,1738.4485436893203,1852.9087378640777,1504.0077669902912,1360.8990291262137,1422.0990291262135,1543.0194174757282,2334.1533980582526,4448.493203883495,4644.673786407767,5887.582524271845,11737.792233009708,8767.889320388349,6089.654368932039,5814.116504854369,6275.2,4650.846601941747,3365.452427184466,2955.4485436893206,2496.326213592233,2820.621359223301,3614.8893203883495,7069.596116504855,13098.949514563106,9290.66213592233,5956.273786407767,5001.699029126214,7505.2504854368935,9367.35145631068,13044.079611650486,14193.584466019418,14701.89708737864,9208.467961165048,6206.9126213592235,5436.297087378641,4326.299029126214,3119.588349514563,2442.0699029126213,2362.0135922330096,2672.4796116504854,6629.718446601942,6750.992233009709,7056.716504854369,7417.151456310679,6709.566990291262,4981.308737864078,4428.757281553398,3477.3708737864076,2753.1281553398057,2423.759223300971,2459.3980582524273,2442.642718446602,4124.099029126213,11027.708737864077,9861.92427184466,7085.485436893204,6886.557281553398,11921.576699029127,25455.299029126214,19226.78834951456,12214.085436893203,8361.141747572816,6296.854368932039,4982.961165048544,5912.440776699029,16948.35145631068,28237.652427184465,22451.51067961165,15248.803883495146,10009.922330097088,7394.489320388349,6943.023300970874,14346.996116504853,15316.328155339806,17859.483495145632,27073.504854368934,19641.574757281553,16636.677669902914,26169.97281553398,20667.258252427186,13137.2213592233,8577.41359223301,5990.685436893204,4563.157281553398,3436.3941747572817,2756.811650485437,3161.561165048544,4217.188349514563,9502.114563106796,19440.077669902912,13791.040776699028,8698.194174757282,6977.881553398058,5960.306796116505,4483.968932038835,3553.9106796116503,3648.9242718446603,5264.650485436893,7280.4446601941745,16602.221359223302,27811.355339805825,24794.714563106798,15152.277669902913,10289.345631067961,10009.786407766991,7233.514563106796,4796.042718446602,3722.516504854369,3482.126213592233,4112.858252427184,6858.46213592233,5385.648543689321,3894.021359223301,3017.7631067961165,3407.304854368932,9650.316504854369,12996.654368932039,11116.229126213591,7716.700970873786,5386.866019417475,5287.44854368932,3836.8679611650487,3055.452427184466,2639.526213592233,2595.6932038834952,3749.196116504854,11486.565048543689,11206.574757281553,7242.1203883495145,5031.928155339806,5074.046601941747,9494.899029126214,21678.304854368933,20909.4,13345.871844660194,8943.667961165049,6188.12427184466,4313.186407766991,3375.2815533980583,2885.508737864078,2876.7126213592232,6122.066019417476,12203.431067961164,8233.823300970873,6499.547572815534,6053.0621359223305,4646.9902912621355,3228.6815533980584,2882.073786407767,2711.652427184466,2564.1029126213593,2275.0854368932037,3658.829126213592,8955.697087378641,13353.163106796117,9488.504854368932,8098.415533980583,5280.417475728155,3807.7980582524274,2974.1009708737865,2634.7029126213592,2414.5126213592234,5388.044660194175,17014.176699029125,23806.666019417476,16462.514563106797,10131.04854368932,6578.281553398058,4726.46213592233,3342.3242718446604,2650.644660194175,2435.821359223301,3222.421359223301,2896.034951456311,3285.0310679611653,3780.3728155339804,7708.328155339806,18120.411650485436,21277.574757281553,17259.8427184466,15005.974757281554,19514.817475728156,13835.902912621359,8434.188349514563,5825.8990291262135,4426.823300970874,3688.0660194174757,3221.5436893203882,3137.8174757281554,4583.42718446602,4597.510679611651,3630.1126213592233,5075.409708737864,11189.80776699029,8435.271844660194,5477.6330097087375,5573.66213592233,7708.128155339806,6099.211650485437,7441.0291262135925,13412.89708737864,9685.935922330096,6520.67572815534,4496.044660194175,4780.2368932038835,13183.76504854369,15181.378640776698,10338.308737864078,6985.755339805825,5352.788349514563,5822.025242718447,7721.483495145631,7955.277669902913,5458.510679611651,4816.827184466019,3218.116504854369,2746.819417475728,2795.5223300970874,2418.966990291262,2201.972815533981,1961.6194174757281,1606.2932038834952,1507.8349514563106,1689.2776699029125,2177.970873786408,1773.219417475728,1709.5029126213592,1444.516504854369,1976.4271844660195,3958.0310679611653,4470.485436893204,4102.285436893204,5995.687378640777,5232.335922330097,6284.133980582525,11779.128155339806,8665.994174757281,5761.08932038835,4776.050485436893,10125.26796116505,11840.627184466019,7156.833009708738,4746.1067961165045,3673.347572815534,4523.700970873786,4616.930097087378,3751.7300970873785,5044.963106796116,13539.077669902912,10710.679611650485,7438.805825242718,7046.980582524272,14144.036893203884,11251.250485436893,7166.186407766991,4769.060194174757,4350.0679611650485,3707.671844660194,3648.5495145631066,2529.916504854369,2095.1922330097086,2775.947572815534,3101.5669902912623,2351.7009708737864,2317.706796116505,1930.8543689320388,1720.1087378640777,1359.0543689320389,1397.188349514563,1369.2757281553397,2238.126213592233,2400.7029126213592,2434.5631067961167,2885.955339805825,2599.1417475728153,2194.330097087379,2224.819417475728,2407.568932038835,2497.5495145631066,1751.421359223301,1968.6796116504854,2681.06213592233,3611.3203883495144,4622.460194174757,5336.332038834951,4475.066019417476,4838.514563106796,4035.66213592233,4742.961165048544,3447.4504854368934,3733.4582524271846,3683.4135922330097,2958.0135922330096,2352.6466019417476,2150.811650485437,2212.009708737864,3554.2776699029127,8730.549514563107,8785.095145631069,5750.153398058253,3993.7456310679613,2869.4349514563105,2254.4679611650486,1784.1087378640777,1794.6349514563108,1821.316504854369,2216.429126213592,1954.8660194174756,2456.3165048543688,2449.157281553398,2380.401941747573,2069.0699029126213,2141.926213592233,3565.634951456311,5972.332038834951,6163.170873786407,6130.479611650486,5400.176699029126,8283.539805825243,19066.838834951457,14392.260194174758,9529.644660194175,7197.30291262136,5742.205825242719,3786.9844660194176,2633.3864077669905,2236.3747572815532,2009.8135922330098,1842.8349514563106,1504.7029126213592,1613.7553398058253,1902.504854368932,2649.366990291262,3462.4990291262134,4352.145631067961,2938.9242718446603,2250.7825242718445,1711.6504854368932,1581.6077669902913,1340.009708737864,2016.2970873786408,2237.1300970873785,1999.526213592233,1645.6019417475727,2836.4466019417478,2795.233009708738,2308.6271844660196,2145.4135922330097,2420.104854368932,2031.3902912621359,1681.8077669902912,1359.4058252427185,1355.4893203883496,1197.0893203883495,1516.8757281553399,1578.0388349514562,1593.673786407767,1386.9533980582523,1353.6757281553398,1192.6407766990292,1282.3708737864079,1196.8485436893204,1509.0291262135922,1271.7339805825243,1512.8155339805826,1815.7067961165048,2155.7417475728157,4526.858252427184,6892.273786407767,5855.9902912621355,3940.6291262135924,2601.6388349514564,2253.464077669903,1948.102912621359,1900.9436893203883,1757.904854368932,1685.009708737864,1430.7067961165048,1560.419417475728,1854.2271844660195,4090.116504854369,14804.526213592233,12958.611650485436,8292.743689320389,6254.300970873786,4801.994174757281,3301.471844660194,2278.8970873786407,2393.757281553398,3662.557281553398,2888.669902912621,2133.555339805825,1853.8504854368932,1524.7961165048544,1432.3495145631068,1323.5766990291263,1948.8601941747572,3502.8155339805826,3378.893203883495,2288.6038834951455,1999.1339805825244,2228.2485436893203,2752.1029126213593,2220.1009708737865,2094.8718446601943,1617.2038834951456,1601.8349514563106,1309.2135922330096,1393.6233009708737,1723.0563106796117,3881.768932038835,3015.697087378641,2218.609708737864,1689.1514563106796,1812.8058252427184,2340.8271844660194,2123.378640776699,1603.790291262136,1537.8912621359223,1183.5281553398058,1167.9203883495145,1210.8252427184466,1290.3980582524273,1482.6466019417476,2424.064077669903,5834.460194174757,6438.073786407767,4431.153398058253,3961.5766990291263,4964.304854368932,5013.982524271844,3490.893203883495,4157.508737864077,3044.988349514563,2478.642718446602,1802.8368932038834,1598.5708737864077,1310.2815533980583,1364.388349514563,1151.3087378640776,1325.780582524272,1241.2776699029125,1577.4679611650486,1932.7417475728155,2344.634951456311,1843.780582524272,1663.1320388349513,1546.0058252427184,2328.4038834951457,3177.9495145631067,5152.772815533981,19361.83300970874,35746.35339805825,22705.660194174758,13248.036893203884,8296.067961165048,5452.881553398058,3346.2776699029127,2360.570873786408,1661.2563106796117,1584.473786407767,1412.2,1546.8019417475728,1655.9941747572816,1790.6699029126214,1618.9320388349515,1654.4077669902913,1916.873786407767,2451.9495145631067,1972.5184466019418,1873.3592233009708,1540.578640776699,1668.6990291262136,1828.8019417475728,2046.759223300971,1763.7825242718447,1841.735922330097,1572.473786407767,1635.095145631068,1646.2038834951456,2731.3747572815532,4785.347572815534,15032.27572815534,29577.68155339806,18703.08932038835,10648.718446601943,7094.658252427184,4572.543689320389,3786.2019417475726,4391.378640776699,4873.345631067961,4304.9320388349515,3080.588349514563,2190.5417475728154,2187.9106796116503,3226.2446601941747,8591.91067961165,26890.922330097088,19778.582524271846,10911.378640776698,7318.852427184466,5202.687378640777,4182.343689320388,2952.918446601942,2520.850485436893,3446.3436893203884,4364.9514563106795,2884.5106796116506,2489.1184466019417,2258.0388349514565,2091.411650485437,2246.0854368932037,2356.034951456311,1851.2330097087379,1603.2621359223301,1415.947572815534,1400.3281553398058,1528.093203883495,1883.6504854368932,2622.260194174757,3902.009708737864,3719.842718446602,2735.970873786408,2081.0699029126213,1881.4291262135923,1435.5126213592232,1375.4,1251.547572815534,1366.6291262135921,1191.2427184466019,1247.3436893203884,1223.959223300971,1285.9553398058251,1275.085436893204,1403.8194174757282,1091.1592233009708,1153.6718446601942,1058.5281553398058,1282.273786407767,1519.7961165048544,1973.3009708737864,1561.2388349514563,1498.5941747572815,1856.1009708737863,2006.2330097087379,1499.6291262135921,1364.2058252427184,1375.1242718446601,1579.1631067961166,1672.9980582524272,1543.106796116505,1187.4174757281553,1214.5320388349514,1180.1592233009708,1554.1087378640777,1361.7631067961165,1280.378640776699,1197.1359223300972,1469.8776699029127,1943.4368932038835,3481.0893203883497,2356.926213592233,1926.4135922330097,1935.2388349514563,2938.1631067961166,2010.514563106796,1621.1281553398057,1316.8349514563106,1329.9864077669904,1425.790291262136,1662.6155339805825,1426.2349514563107,2048.854368932039,1769.4873786407768,1502.433009708738,1219.1126213592233,1217.4932038834952,1175.3650485436892,1711.421359223301,5616.434951456311,6083.747572815534,3714.8970873786407,2992.7009708737864,2213.221359223301,1756.2446601941747,1890.2019417475728,2038.3029126213592,1630.4796116504854,1596.516504854369,1419.947572815534,1325.0543689320389,1241.778640776699,1858.726213592233,2023.3766990291263,1768.3747572815535,2552.733980582524,2811.4504854368934,1807.790291262136,1596.5242718446602,1246.0174757281554,1257.7475728155339,1328.1592233009708,2743.778640776699,12949.264077669903,12601.297087378642,7770.955339805825,5157.357281553398,4466.819417475728,6026.1203883495145,3686.6834951456312,2379.3961165048545,2056.5941747572815,2930.5650485436895,2273.007766990291,1701.347572815534,1280.557281553398,1254.6873786407766,1161.2524271844661,1236.9728155339806,1123.7475728155339,1230.5184466019418,1419.9864077669904,2066.7631067961165,7573.807766990291,20309.650485436894,15092.86213592233,7986.631067961165,4656.017475728156,2974.8601941747575,1886.7669902912621,1923.3378640776698,2470.240776699029,2021.588349514563,1706.631067961165,2172.590291262136,1878.3242718446602,1688.3398058252428,1358.7203883495145,1521.2893203883496,1640.031067961165,1639.652427184466,2028.8291262135922,4509.419417475729,7089.900970873787,6183.592233009709,3918.3203883495144,3087.561165048544,4597.530097087379,4049.6291262135924,3823.180582524272,3425.0368932038837,2936.7708737864077,2262.176699029126,1701.8951456310679,1515.7825242718447,1303.726213592233,1282.9495145631067,1061.4873786407768,1093.1825242718446,1054.7339805825243,1139.6155339805825,1039.464077669903,1221.8271844660194,1043.6233009708737,1108.5398058252426,948.957281553398,1093.0796116504855,1133.598058252427,1356.9631067961166,1224.9339805825243,1259.1281553398057,1266.2388349514563,2066.3436893203884,2145.33786407767,2723.992233009709,2748.8368932038834,2482.166990291262,2148.0368932038837,1839.083495145631,1818.4174757281553,2799.7223300970873,3989.697087378641,3614.390291262136,2872.4155339805825,2493.864077669903,1953.9009708737865,1703.990291262136,1428.0019417475728,1367.0427184466018,1240.3844660194175,1597.8058252427184,4473.304854368932,7669.353398058252,5011.926213592233,3358.106796116505,2149.73786407767,1917.557281553398,3128.5145631067962,2942.9864077669904,2119.766990291262,2916.0776699029125,8540.683495145631,11829.229126213591,10661.380582524273,6013.007766990291,3530.5009708737866,2507.221359223301,1854.9300970873787,2653.0601941747573,6673.207766990291,5174.611650485437,2868.411650485437,1979.8407766990292,1442.3533980582524,1331.3902912621359,1609.2718446601941,3238.664077669903,3236.266019417476,3068.5728155339807,2214.304854368932,2599.7126213592232,7946.040776699029,12869.755339805824,14313.609708737864,7866.687378640777,4277.794174757281,3438.27572815534,5482.819417475728,16062.794174757282,10508.479611650486,5338.7436893203885,4128.1203883495145,3501.1126213592233,2037.92427184466,1714.6854368932038,1324.780582524272,1449.3495145631068,1669.8796116504855,1526.580582524272,1400.8582524271844,1689.2796116504855,1549.6504854368932,2152.1320388349513,4365.877669902912,3308.617475728155,1835.5300970873786,1487.3864077669903,1153.1553398058252,1295.8485436893204,1621.4388349514563,1427.8252427184466,1129.4485436893203,1389.0446601941749,1981.9922330097088,2189.4582524271846,1890.2349514563107,2817.654368932039,2144.314563106796,2164.8252427184466,4980.963106796116,4370.015533980582,2727.6194174757284,1983.9883495145632,1602.897087378641,3660.747572815534,3605.823300970874,2372.4873786407766,2366.211650485437,3575.4796116504854,2993.902912621359,3636.9689320388347,3441.157281553398,3319.9339805825243,6319.92427184466,11282.617475728155,7167.803883495146,3952.8776699029127,2324.7417475728157,1870.9533980582523,1368.9669902912622,1312.2621359223301,1158.6271844660193,1248.2582524271845,1366.4349514563107,3406.2,7389.260194174757,5185.895145631068,2944.3728155339804,4026.757281553398,11906.300970873786,9805.770873786409,4797.211650485437,3119.1320388349513,2873.1825242718446,4278.215533980582,4239.481553398058,3512.231067961165,2396.7844660194173,1768.831067961165,1233.5436893203882,1103.1242718446601,1090.735922330097,1257.2,1102.5223300970874,1080.9087378640777,1266.0466019417477,2059.0,1877.86213592233,1709.842718446602,2212.073786407767,4383.343689320388,3702.6019417475727,2577.6291262135924,1942.9223300970873,5488.833009708738,14003.242718446601,20024.477669902913,12041.112621359223,5325.699029126214,2560.27572815534,1713.3320388349514,1256.452427184466,1776.4660194174758,1667.7126213592232,1408.3184466019418,1148.6038834951457,1180.7611650485437,1056.4796116504854,1138.5728155339805,1104.7922330097088,1406.8155339805826,1572.7184466019417,2933.9339805825243,13731.992233009709,23015.568932038834,12489.405825242718,5420.807766990291,2835.8446601941746,1872.4932038834952,1355.578640776699,1411.335922330097,1324.2349514563107,1303.735922330097,1183.3961165048543,1190.8446601941748,1280.3436893203884,1562.6291262135921,1787.9300970873787,1754.7864077669904,1461.4291262135923,1538.4252427184465,1665.1669902912622,4297.988349514563,15792.205825242718,29864.01359223301,22176.74368932039,9527.5786407767,4232.860194174757,2512.9300970873787,1904.5495145631069,1994.7475728155339,1455.588349514563,1296.1766990291262,1154.7378640776699,1147.704854368932,1031.852427184466,1190.5533980582525,995.5650485436893,1034.2718446601941,1174.411650485437,1194.4679611650486,1100.021359223301,1506.1708737864078,4324.258252427185,6622.689320388349,3655.0368932038837,1969.8504854368932,1292.5398058252426,1251.6699029126214,1468.0135922330096,1495.1902912621358,1189.1902912621358,1268.9339805825243,1121.4368932038835,1247.8543689320388,1109.3203883495146,1301.4699029126214,1464.4388349514563,1598.2135922330096,1353.590291262136,1404.3553398058252,1222.6058252427185,1256.3029126213592,1239.9922330097088,3376.3087378640776,8457.621359223302,7478.316504854369,3300.7631067961165,1859.7611650485437,1246.8543689320388,1118.8912621359223,1184.421359223301,1693.2504854368933,2410.4077669902913,7051.007766990291,9440.147572815535,5478.044660194175,2664.726213592233,1762.3650485436892,1321.021359223301,1395.5631067961165,1188.07572815534,1179.7747572815533,1068.4446601941747,1230.8,1373.1456310679612,1771.6194174757281,1634.3961165048543,1953.3747572815535,5245.702912621359,18181.29514563107,22621.017475728157,12136.654368932039,5705.295145631068,3344.1844660194174,1894.5242718446602,1456.6932038834952,1037.7766990291261,1128.598058252427,964.8155339805825,1027.1941747572816,996.4504854368932,1357.495145631068,3319.8718446601943,4972.545631067961,3164.7203883495145,1777.8019417475728,1237.6796116504854,1147.5533980582525,998.2233009708738,1073.4155339805825,942.209708737864,1066.6097087378641,921.9941747572816,1109.0543689320389,1053.9825242718446,1118.1592233009708,1119.7436893203883,1132.2038834951456,1003.6563106796117,1301.2291262135923,1824.1902912621358,7018.673786407767,18380.677669902914,23190.840776699028,12481.41359223301,5654.858252427184,2864.6796116504856,1881.6446601941748,1209.2485436893203,1176.8699029126215,1011.5456310679612,1093.2834951456312,905.252427184466,1003.4407766990291,1056.9184466019417,1098.3145631067962,1002.0543689320389,1069.3825242718447,967.5067961165048,1073.1048543689321,953.0757281553398,1101.6699029126214,1701.6388349514564,2882.821359223301,3238.2,2160.0893203883497,1317.2893203883496,1160.1902912621358,973.6582524271845,1078.1009708737863,939.1766990291262,1046.821359223301,956.1941747572815,1029.1320388349513,1033.4407766990291,1192.0252427184466,1165.3650485436892,1196.9359223300971,1047.5009708737864,1151.6349514563108,1022.0679611650486,1176.811650485437,1104.9029126213593,1146.6388349514564,952.9165048543689,1036.8388349514564,1086.6873786407766,1026.9417475728155,986.3611650485437,1128.0233009708738,1212.095145631068,1905.8,2378.9106796116503,2921.2699029126215,1947.0970873786407,1371.4990291262136,1021.495145631068,1037.5728155339805,958.2,1051.4388349514563,885.0038834951456,1026.357281553398,1029.2388349514563,1302.3300970873786,1260.652427184466,1174.8990291262137,1016.852427184466,1086.3533980582524,1021.9456310679611,1096.3766990291263,947.6213592233009,1087.5864077669903,958.6932038834951,1092.8543689320388,1009.3941747572816,1053.9223300970873,928.3436893203883,1068.221359223301,1177.3922330097087,1459.9456310679611,1452.7533980582525,1703.526213592233,1427.642718446602,1691.5533980582525,1871.6621359223302,2088.7106796116504,1490.7009708737864,1231.7514563106797,1025.4563106796118,1107.7922330097088,1108.7572815533981,1268.8349514563106,1177.157281553398,1294.7572815533981,1590.5242718446602,2204.4349514563105,2637.9495145631067,2546.054368932039,1594.0038834951456,1240.8718446601943,1074.9436893203883,1113.401941747573,1012.2932038834952,1179.4252427184465,1090.366990291262,1315.7495145631067,1403.0388349514562,2523.7184466019417,7822.233009708738,16589.485436893203,23600.01359223301,25427.046601941747,13997.333980582524,5980.26213592233,2677.918446601942,1864.7980582524272,1425.0815533980583,1527.598058252427,1710.3553398058252,2032.452427184466,1950.8485436893204,1743.8640776699028,1367.5242718446602,1410.6699029126214,1360.8718446601943,1420.3747572815535,1231.9029126213593,1196.0640776699029,1004.9825242718447,1112.93786407767,913.5417475728156,1132.611650485437,978.9961165048544,1086.893203883495,951.3417475728155,980.5106796116505,851.9456310679611,937.1203883495145,919.5320388349514,1027.4252427184465,888.0446601941748,1028.7436893203883,1289.6679611650486,1416.9825242718446,1336.7087378640776,1470.5223300970874,1401.5922330097087,2934.071844660194,7592.570873786408,12010.444660194175,15902.617475728155,16471.576699029127,9277.110679611651,4008.0660194174757,2161.7029126213592,1940.2970873786408,1875.768932038835
578.0728971962617,502.9252336448598,528.2897196261682,464.8242990654206,588.8635514018691,430.3514018691589,538.5532710280373,523.9196261682243,553.9551401869159,524.9065420560747,580.626168224299,505.18504672897194,614.377570093458,475.8355140186916,591.7102803738318,614.3327102803738,654.0878504672897,612.4635514018692,592.3869158878505,566.2897196261682,605.7813084112149,567.4915887850467,676.2560747663551,598.9196261682243,693.5925233644859,677.6168224299065,648.2280373831776,592.1981308411215,641.1551401869159,580.8411214953271,691.4822429906542,608.4822429906542,707.2429906542056,635.7439252336449,706.4074766355141,608.6093457943925,728.5906542056075,590.3981308411215,709.1514018691589,596.9831775700934,709.3084112149533,640.3607476635514,624.7775700934579,716.4897196261683,668.3869158878505,533.0467289719626,648.166355140187,725.0897196261682,748.7831775700935,627.9906542056075,720.8411214953271,690.7794392523365,713.9289719626169,688.8504672897196,744.1084112149533,597.3626168224299,723.6392523364486,651.6411214953271,688.5495327102803,632.3401869158879,699.041121495327,639.6915887850467,685.6934579439252,622.9345794392524,736.0990654205607,652.8355140186916,727.1981308411215,669.9009345794393,620.833644859813,727.9682242990655,679.3420560747663,668.8616822429907,724.1345794392523,641.7588785046729,712.4635514018692,676.9495327102803,741.8242990654205,678.381308411215,691.6130841121495,821.4336448598131,771.5364485981308,672.6579439252337,732.2616822429907,717.0915887850467,740.9514018691589,693.9439252336449,780.7457943925234,650.5757009345795,708.0,710.6,746.0485981308411,660.2336448598131,776.5345794392523,761.2560747663551,724.3214953271028,747.4392523364486,751.1775700934579,723.7476635514018,789.585046728972,699.8672897196261,789.3084112149533,715.4130841121495,748.4355140186916,704.1158878504673,679.0953271028037,693.3140186915888,808.9271028037383,667.4336448598131,765.6747663551402,699.5514018691589,643.5420560747664,836.2598130841121,830.196261682243,743.0841121495328,775.0691588785047,734.8691588785047,840.3850467289719,716.7046728971962,797.5495327102803,769.4168224299066,769.833644859813,776.0,822.2392523364485,738.5177570093458,796.1252336448598,707.3364485981308,768.207476635514,720.3794392523364,841.6915887850467,796.0,817.0392523364486,760.1102803738318,839.6317757009346,737.6934579439252,753.4018691588785,739.7607476635515,816.3140186915888,778.6934579439252,820.9514018691589,667.2149532710281,771.5906542056075,691.8598130841121,675.8,823.0056074766355,857.1757009345795,756.626168224299,778.2355140186916,775.7570093457944,784.4691588785047,799.5607476635514,786.7009345794393,728.8448598130841,767.0504672897197,745.5869158878505,846.0897196261682,800.8691588785047,787.585046728972,781.8242990654205,766.0130841121495,689.0317757009345,830.4934579439253,797.377570093458,766.6485981308412,779.1046728971962,832.3065420560748,772.0859813084112,798.1065420560748,794.4130841121495,846.8654205607477,717.4728971962617,866.8280373831776,798.7514018691588,843.6785046728972,773.2186915887851,741.2598130841121,868.8915887850467,887.3028037383177,775.4056074766355,851.7757009345794,757.2242990654206,894.4168224299066,790.3981308411215,798.0392523364486,801.1682242990654,768.403738317757,755.3757009345794,833.4429906542056,813.3420560747663,793.9906542056075,822.396261682243,823.0766355140187,808.9570093457944,842.5775700934579,775.6485981308412,858.9289719626169,766.2878504672897,860.7682242990654,817.6485981308412,825.2373831775701,883.4261682242991,804.8485981308411,833.4560747663552,873.6485981308412,824.1383177570093,851.1009345794392,771.9719626168225,734.1757009345795,911.1476635514018,815.8915887850467,833.9308411214953,872.0635514018692,802.8616822429907,861.4448598130841,795.1214953271028,855.8841121495327,814.1738317757009,861.4691588785047,781.9626168224299,819.6934579439252,794.7102803738318,844.5102803738317,841.3065420560748,878.3682242990654,812.2093457943926,874.3588785046729,863.3252336448598,831.6691588785046,786.4523364485981,817.0710280373831,866.796261682243,876.377570093458,841.6523364485981,867.3252336448598,875.2186915887851,864.588785046729,871.5345794392523,804.3289719626168,781.2579439252337,783.2691588785046,916.196261682243,869.8579439252336,827.7439252336449,790.5906542056075,815.0093457943925,824.1046728971962,806.3551401869158,848.4747663551402,753.9831775700934,811.5140186915888,836.4542056074766,786.0691588785047,830.2728971962617,770.5364485981308,772.388785046729,839.9626168224299,795.4224299065421,796.3663551401869,807.4523364485981,840.0242990654206,833.1383177570093,830.4205607476636,854.3177570093458,871.596261682243,765.4598130841122,890.5831775700934,808.4915887850467,842.2056074766355,882.8280373831776,835.9570093457944,812.5158878504673,881.8523364485982,948.7102803738318,898.5102803738317,813.2205607476635,943.8635514018691,857.3757009345794,864.5028037383178,865.9420560747664,850.9364485981308,842.2355140186916,879.3626168224299,778.0261682242991,813.2467289719626,849.1252336448598,847.8504672897196,881.6317757009346,856.9177570093458,876.4710280373831,856.3177570093458,780.6467289719626,878.4392523364486,808.4317757009346,836.9327102803738,841.9102803738318,871.9663551401869,845.4299065420561,886.2280373831776,799.3084112149533,863.411214953271,816.7271028037383,862.0598130841122,814.6467289719626,785.392523364486,974.7588785046729,897.6672897196262,890.9457943925233,834.1551401869159,811.0785046728972,864.6242990654206,838.4803738317758,854.9084112149533,885.170093457944,828.377570093458,835.3644859813085,891.0242990654206,829.7457943925234,908.9233644859813,815.6803738317757,846.5065420560747,868.7719626168224,900.9439252336449,859.0878504672897,897.2504672897196,901.9439252336449,891.7177570093457,844.981308411215,879.3439252336449,891.596261682243,838.2280373831776,916.007476635514,915.9532710280374,857.0112149532711,901.3420560747663,812.6411214953271,779.3121495327102,1018.0504672897197,1042.7345794392522,926.6710280373832,916.3794392523364,910.403738317757,950.3514018691588,846.4859813084112,921.0485981308411,839.8616822429907,882.6971962616823,939.9551401869159,824.1420560747664,918.607476635514,976.6654205607476,920.7476635514018,962.9158878504672,907.7495327102804,916.1345794392523,901.4355140186916,941.6429906542056,943.1271028037384,931.2785046728972,892.0523364485981,901.0,892.4,874.4542056074766,879.7271028037383,928.0560747663551,927.4953271028037,930.6691588785046,852.4018691588785,824.9046728971963,962.9981308411215,962.1065420560748,924.8878504672897,951.2728971962617,1006.0766355140187,1101.0429906542056,1030.540186915888,962.0392523364486,917.1009345794392,915.0953271028037,921.4803738317758,971.3065420560748,916.9233644859813,933.6205607476636,972.0056074766355,980.003738317757,966.8,985.3476635514019,912.8523364485982,1001.4523364485981,929.6785046728972,983.7028037383178,961.2990654205607,1030.6261682242991,1003.596261682243,947.3757009345794,931.5570093457944,963.3158878504673,911.770093457944,958.5738317757009,922.8897196261682,853.1214953271028,1060.9158878504672,950.5439252336448,965.8560747663552,997.9140186915888,943.0897196261682,1025.340186915888,963.5775700934579,975.388785046729,1038.96261682243,1022.4971962616822,947.5663551401869,1004.7439252336449,937.1420560747664,946.0635514018692,999.2859813084112,1067.3009345794392,1035.2093457943924,1073.3177570093458,1006.0672897196262,1025.856074766355,984.7869158878505,987.618691588785,1042.1495327102805,996.0971962616823,1005.4654205607477,1072.5252336448598,1049.5906542056075,1052.2411214953272,1023.9831775700934,1058.970093457944,921.3364485981308,973.829906542056,1198.1046728971962,1031.9252336448599,1116.3252336448597,1086.203738317757,1068.7644859813083,1190.792523364486,1203.2598130841122,1240.1943925233645,1068.151401869159,1066.4317757009346,1003.8560747663552,989.6654205607476,1030.6803738317758,1056.0897196261683,1011.4934579439253,1062.6130841121496,1012.2766355140187,1069.1476635514018,1057.403738317757,1050.648598130841,1010.4542056074766,1084.9327102803738,1004.3289719626168,1064.6990654205608,1106.1046728971962,1080.0747663551401,1020.3102803738318,959.9869158878505,971.3009345794393,1010.0112149532711,949.4392523364486,962.5158878504673,1086.2579439252336,1106.0616822429906,981.0728971962617,1016.6915887850467,1053.4897196261682,1198.8953271028038,1154.6710280373832,1142.351401869159,977.0542056074767,1028.4299065420562,1023.0355140186916,1060.5364485981308,1169.143925233645,1185.0915887850467,1140.003738317757,1007.4299065420561,989.6691588785046,1012.829906542056,1030.2560747663551,1130.4579439252336,1100.6803738317758,1084.0841121495328,1040.7009345794393,1063.1327102803739,1072.917757009346,1257.777570093458,1232.0467289719627,1287.4093457943925,1131.5514018691588,1098.007476635514,992.3850467289719,982.6168224299065,1117.8,1063.4242990654207,986.6336448598131,1100.9252336448599,1128.411214953271,1114.5757009345793,1134.8598130841121,1096.3121495327102,1045.5158878504674,1105.03738317757,1156.1588785046729,1261.6915887850466,1066.7233644859814,1114.0168224299066,1110.7981308411215,1172.2560747663551,1178.7065420560748,1159.7345794392522,1105.4728971962618,1343.7495327102804,1232.143925233645,1130.1102803738318,1107.2971962616823,1132.5551401869159,1119.633644859813,1167.9794392523365,1117.411214953271,1106.773831775701,1055.0841121495328,1153.614953271028,1066.9607476635515,985.2448598130841,1213.4859813084113,1146.9401869158878,1116.7420560747664,1122.9775700934579,1141.8859813084111,1232.0130841121495,1081.5813084112149,1160.5794392523364,1188.9532710280373,1089.728971962617,1130.3738317757009,1108.9607476635515,986.8953271028038,1144.7794392523365,1065.3457943925234,1078.3289719626168,1000.0766355140187,1122.0205607476635,1082.018691588785,1063.8056074766355,1069.1607476635513,1038.8467289719626,995.4915887850467,1100.6953271028037,1062.5943925233644,1090.0691588785046,1089.6317757009347,1152.981308411215,1027.8504672897195,1118.8672897196261,1043.2411214953272,1089.8728971962616,1099.3551401869158,1185.9794392523365,1157.4672897196263,1116.1682242990655,1178.0878504672896,1257.9214953271028,1140.3383177570092,1200.2056074766356,1152.1102803738318,1277.1551401869158,1167.011214953271,1219.1327102803739,1192.7457943925233,1065.0504672897196,1108.6205607476636,1204.4373831775702,1159.9663551401868,1188.396261682243,1043.7121495327103,1078.044859813084,1056.340186915888,1257.7514018691588,1288.8859813084111,1241.0579439252338,1118.0747663551401,1048.366355140187,1004.3158878504673,1209.7009345794393,1168.1532710280374,1362.5345794392524,1172.8411214953271,1110.1046728971962,1278.3140186915887,1431.6897196261682,1282.2616822429907,1160.9981308411216,1057.3102803738318,1140.459813084112,1121.0224299065421,1152.6822429906542,1161.8822429906543,1175.5121495327103,1105.803738317757,1095.5028037383177,1055.2728971962617,1176.9476635514018,1164.807476635514,1271.803738317757,1066.3738317757009,1187.1457943925234,1056.0691588785046,1171.9514018691589,1121.4672897196263,1361.2242990654206,1058.607476635514,1045.6056074766354,1006.211214953271,1140.577570093458,1160.4710280373831,1275.9943925233645,1045.5813084112149,1047.2953271028036,948.3252336448598,1113.5457943925235,1307.2953271028036,1288.1644859813084,1111.8523364485982,1181.4448598130841,1179.728971962617,1299.5383177570093,1175.4504672897197,1164.478504672897,1129.6841121495327,1143.856074766355,1209.332710280374,1275.6841121495327,1099.0467289719627,1058.6373831775702,1182.233644859813,1430.3233644859813,1521.1102803738318,1645.747663551402,1285.1214953271028,1243.3831775700935,1160.1607476635513,1179.7084112149532,1113.8598130841121,1182.0130841121495,1196.6261682242991,1368.3570093457945,1070.1196261682244,1080.8654205607477,972.2841121495327,1026.5943925233644,971.2915887850468,1028.003738317757,1096.9158878504672,1261.6242990654205,1225.4841121495326,1174.7644859813083,1206.8990654205606,1328.3439252336448,1227.7495327102804,1360.0841121495328,1348.3738317757009,1396.8953271028038,1150.5682242990654,1116.5289719626169,1146.3476635514019,1208.2990654205607,1158.2579439252336,1192.592523364486,1114.5607476635514,1253.385046728972,1391.3943925233646,1581.9943925233645,1245.2317757009346,1292.143925233645,1086.7682242990654,1075.822429906542,996.9140186915888,1138.3214953271029,1105.459813084112,1345.796261682243,1349.7869158878505,1505.2280373831775,1540.2859813084112,1193.0990654205607,1206.9570093457944,1260.2616822429907,1193.0728971962617,1501.0336448598132,1705.4841121495326,1625.2411214953272,1779.848598130841,1508.6728971962616,1102.9682242990655,1196.5570093457943,1075.9794392523365,1189.3981308411214,1206.4542056074765,1559.9121495327104,1871.2056074766356,1577.4280373831775,1419.063551401869,1597.1682242990655,1470.943925233645,1506.1476635514018,1393.8672897196261,1747.9383177570094,2521.3383177570095,3074.8971962616824,2427.011214953271,2009.7158878504672,1700.0616822429906,1561.6766355140187,1636.4205607476636,2311.2616822429904,2573.2280373831777,1566.003738317757,1388.1233644859813,1331.785046728972,1321.0691588785046,1334.2598130841122,1164.777570093458,1309.5364485981308,1212.0579439252338,1557.0224299065421,1675.5028037383177,1431.5981308411215,1151.811214953271,1241.9271028037383,1182.433644859813,1475.0504672897196,1873.781308411215,2333.444859813084,2527.203738317757,2152.936448598131,1444.9570093457944,1712.9663551401868,1407.03738317757,1386.007476635514,1527.5065420560747,1944.2897196261683,1695.082242990654,1352.2317757009346,1457.4504672897197,1410.203738317757,1401.7401869158878,1868.358878504673,1584.3682242990653,1404.547663551402,1585.6803738317758,1503.7495327102804,1211.0654205607477,1341.4542056074765,1540.2747663551402,2135.3869158878506,1759.5457943925235,1815.9719626168223,1555.7420560747664,1367.0355140186916,1261.4822429906542,1316.252336448598,1402.6878504672898,1727.9981308411216,1876.773831775701,1813.1981308411214,2345.947663551402,3009.803738317757,3642.426168224299,2890.069158878505,2351.467289719626,1883.8971962616822,1706.403738317757,1490.8635514018692,1212.766355140187,1352.2018691588785,1488.9831775700934,1898.222429906542,2335.3831775700933,1723.6018691588786,1333.6990654205608,1308.5308411214953,1458.1401869158879,1514.2467289719625,1169.7177570093459,1411.9869158878505,1482.736448598131,2004.9233644859812,2800.9383177570094,3401.8429906542056,1755.2485981308412,1436.7252336448598,1344.4691588785047,1763.607476635514,2230.8635514018692,2125.222429906542,1476.2803738317757,1440.1102803738318,1378.2598130841122,1651.16261682243,1506.8990654205606,1821.188785046729,2463.1457943925234,3369.6953271028037,2149.456074766355,2163.233644859813,2381.8242990654207,1698.4429906542057,1371.3140186915887,1466.4373831775702,1679.9775700934579,2478.1140186915886,3091.957009345794,2359.777570093458,1702.5981308411215,1795.6616822429908,2212.988785046729,1567.0504672897196,1230.633644859813,1396.9644859813084,1298.426168224299,1351.9831775700934,1271.781308411215,1519.4242990654207,1247.1177570093457,1400.9028037383177,1254.366355140187,1250.1084112149533,1160.2691588785046,1272.955140186916,1308.1719626168224,1682.4093457943925,1608.2130841121495,1833.1121495327102,1365.6373831775702,1392.0672897196262,1206.459813084112,1310.170093457944,1395.1943925233645,1601.7588785046728,1604.9065420560748,1734.83738317757,1653.3252336448597,1697.0672897196262,1493.6897196261682,1590.4242990654207,1793.607476635514,1653.9981308411216,1587.9906542056074,2050.723364485981,1865.6,1648.5981308411215,1491.6429906542055,1491.192523364486,1454.9719626168223,1791.7345794392522,2269.2261682242993,2551.059813084112,1773.2785046728973,1393.5626168224298,1467.4242990654207,2015.4205607476636,1633.2355140186917,1832.6542056074766,1959.0224299065421,1941.5644859813085,1840.9214953271028,1762.936448598131,1589.7794392523365,1710.2355140186917,1347.822429906542,1438.1757009345795,1389.4056074766356,1515.2785046728973,1404.3420560747663,1511.9271028037383,1385.8859813084111,1528.396261682243,1768.4766355140187,1675.992523364486,1449.6504672897197,1567.3551401869158,1499.0504672897196,1614.5177570093458,1809.3981308411214,1888.12523364486,1803.4990654205608,1814.23738317757,1670.6766355140187,1936.7532710280375,2236.1084112149533,2656.766355140187,2692.3869158878506,2270.618691588785,1866.8093457943926,2163.0018691588784,2200.1233644859813,2048.867289719626,1962.6467289719626,2023.226168224299,1862.8429906542056,1884.414953271028,1779.611214953271,1730.3794392523364,1773.1121495327102,1883.7401869158878,1797.4803738317758,2897.8841121495325,2976.022429906542,1994.2915887850468,1828.2392523364485,2161.8093457943924,1605.9289719626167,1882.0579439252338,1750.3794392523364,1664.6542056074766,1804.5271028037382,2219.988785046729,2797.6897196261684,3045.633644859813,1803.0710280373833,2035.5271028037382,2784.2317757009346,4000.0654205607475,4934.143925233645,3827.654205607477,2481.155140186916,2013.3084112149534,2284.740186915888,2873.914018691589,3154.2093457943924,4219.953271028037,4106.188785046729,3986.626168224299,4686.289719626168,5119.928971962617,4876.127102803738,3325.041121495327,2613.958878504673,3222.6355140186915,2297.448598130841,1711.7214953271027,1720.9981308411216,2095.282242990654,2168.5177570093456,2100.8018691588786,1844.4392523364486,2079.0168224299064,2177.697196261682,1812.8598130841121,1951.970093457944,3025.3588785046727,3116.588785046729,2488.1831775700934,2189.6785046728974,2437.9439252336447,1883.5196261682242,1971.8616822429906,2156.8859813084114,2600.4056074766354,2756.8504672897197,2468.4018691588785,1865.781308411215,1678.6093457943925,1515.029906542056,1925.7831775700934,2626.5289719626167,2948.0672897196264,2391.921495327103,2194.743925233645,1897.7943925233644,2615.63738317757,2935.8747663551403,2396.5345794392524,3115.8130841121497,3338.644859813084,2522.11214953271,3088.9383177570094,3018.014953271028,3012.633644859813,2361.5308411214955,1951.1158878504673,2169.685981308411,2897.8579439252335,3921.758878504673,5089.56261682243,4453.871028037383,4426.904672897196,3558.302803738318,3431.128971962617,3148.92523364486,3576.882242990654,4038.9065420560746,3834.899065420561,4556.785046728972,4762.330841121496,3164.861682242991,2480.7757009345796,1973.4560747663552,2313.411214953271,2519.214953271028,3422.1607476635513,3730.777570093458,3416.36261682243,3564.1457943925234,3877.128971962617,4684.226168224299,5246.671028037384,3594.5869158878504,4012.351401869159,3922.577570093458,3044.893457943925,3376.467289719626,4091.9869158878505,3655.977570093458,3499.048598130841,3050.4280373831775,3924.3719626168227,3961.2579439252336,4046.9757009345794,4020.499065420561,4809.198130841121,3788.063551401869,3184.041121495327,3099.2635514018693,3756.0766355140186,3822.8056074766355,3286.241121495327,2481.8056074766355,2031.12523364486,1600.1401869158879,1829.0093457943926,1672.6859813084113,1536.955140186916,1486.2411214953272,1683.1383177570094,1445.5831775700935,1510.6317757009347,1508.263551401869,1504.1570093457944,1448.4168224299065,1551.1364485981308,1646.648598130841,1822.0728971962617,1758.9102803738317,2553.3644859813085,3376.9383177570094,2954.867289719626,2211.3906542056075,1559.3308411214953,1332.8411214953271,1627.1065420560747,1860.6971962616822,2190.3046728971963,1491.4168224299065,1658.9028037383177,1563.218691588785,1693.5943925233644,1832.611214953271,1858.822429906542,1305.2616822429907,1428.87476635514,1460.822429906542,1695.1327102803739,1819.181308411215,2054.6822429906542,2574.5457943925235,3203.1364485981308,2401.9289719626167,2052.0186915887853,2277.770093457944,1653.366355140187,1422.211214953271,1512.5439252336448,1454.9831775700934,1785.7383177570093,2463.2355140186914,3111.4598130841123,1876.6915887850466,1958.332710280374,2303.5121495327103,2771.3962616822428,3457.5869158878504,2526.1084112149533,1761.1233644859813,2472.5831775700935,2096.588785046729,1710.2130841121495,1340.996261682243,1703.340186915888,2039.0093457943926,2615.1532710280376,1912.826168224299,2280.441121495327,2428.052336448598,2228.872897196262,1375.6,1511.4953271028037,1541.414953271028,1952.9682242990655,2657.3214953271026,4450.269158878505,5444.869158878505,5731.256074766355,3236.2429906542056,1810.3028037383178,1388.3233644859813,1430.6803738317758,1275.6,1507.9401869158878,1529.0504672897196,2133.515887850467,2484.0392523364485,3047.1345794392523,3469.977570093458,4207.119626168224,2217.6672897196263,1940.7401869158878,1846.7570093457944,2069.792523364486,2139.340186915888,3029.388785046729,3888.781308411215,3218.0971962616823,2343.218691588785,3120.2205607476635,2385.6317757009347,1636.7214953271027,1462.5009345794392,1747.414953271028,2105.1682242990655,3226.059813084112,2578.155140186916,1855.4728971962618,1773.226168224299,2040.811214953271,2145.293457943925,2397.456074766355,2025.2672897196262,1719.2392523364485,2101.9345794392525,2145.958878504673,1958.6242990654205,3121.844859813084,2936.852336448598,1912.1607476635513,1807.981308411215,2725.5495327102803,2872.6168224299067,2330.9065420560746,2656.940186915888,3821.478504672897,5221.917757009346,3750.4130841121496,1989.829906542056,1611.7981308411215,1294.0056074766355,1459.0467289719627,1402.8728971962616,1844.0971962616823,1586.2299065420561,1479.592523364486,1283.7177570093459,1378.6523364485981,1133.2,1251.0934579439252,1290.1663551401869,1346.4018691588785,1377.540186915888,1379.173831775701,1110.96261682243,1449.8803738317756,1484.3457943925234,1375.7906542056076,1135.0018691588784,1277.9719626168223,1143.1009345794394,1265.03738317757,1202.9775700934579,1354.7439252336449,1121.8953271028038,1280.0,1095.0467289719627,1411.970093457944,1221.1364485981308,1264.7682242990654,1125.5196261682242,1236.0728971962617,1148.5364485981308,1246.003738317757,1227.917757009346,1482.8859813084111,1168.970093457944,1248.8803738317756,1152.4,1234.2093457943924,1089.403738317757,1191.9831775700934,1370.7214953271027,1533.7532710280375,1519.6803738317758,1441.0504672897196,1414.2355140186917,1742.4485981308412,1812.7084112149532,1612.7495327102804,1724.8018691588786,2375.7271028037385,1610.4485981308412,1311.4317757009346,1163.8149532710281,1271.648598130841,1268.5457943925235,1188.6766355140187,1107.5327102803737,1335.970093457944,1103.014953271028,1326.7028037383177,1121.4,1272.414953271028,1193.4299065420562,1186.9682242990655,1100.970093457944,1204.177570093458,1213.1794392523364,1566.2467289719625,1834.414953271028,1703.4691588785047,1377.6859813084113,1343.7570093457944,1513.4056074766356,1503.5813084112149,1307.3906542056075,1482.6859813084113,1509.422429906542,1674.1981308411214,1299.9158878504672,1200.5028037383177,1182.366355140187,1324.8280373831776,1304.747663551402,1728.5009345794392,2027.177570093458,1846.441121495327,1300.1607476635513,1361.377570093458,1443.8691588785048,1928.407476635514,1450.755140186916,1477.2971962616823,1582.2747663551402,1959.403738317757,2120.585046728972,2134.4018691588785,1655.785046728972,1511.4542056074765,1355.2785046728973,1689.358878504673,1376.2822429906541,1293.8822429906543,1101.1757009345795,1284.8205607476636,1428.773831775701,1467.9607476635515,1529.4093457943925,1761.5570093457943,1438.196261682243,1760.0,2179.138317757009,2313.5981308411215,1603.3532710280374,1728.0579439252338,1868.5607476635514,1677.3869158878504,1572.063551401869,1809.5570093457943,1944.936448598131,2262.1084112149533,1612.5009345794392,1916.943925233645,2243.3383177570095,2974.9121495327104,1937.811214953271,1783.9046728971962,1720.6728971962616,1815.6915887850466,2265.8803738317756,3677.510280373832,4656.708411214953,3492.936448598131,2804.3607476635516,3373.2093457943924,2099.5757009345793,1690.7084112149532,2036.1457943925234,2918.207476635514,2422.9757009345794,2732.6018691588783,2478.5495327102803,2654.0616822429906,2469.9177570093457,3374.9439252336447,2667.302803738318,1957.2616822429907,1555.5084112149532,1742.6504672897197,2239.833644859813,2061.014953271028,1420.6803738317758,1838.7495327102804,2758.958878504673,3851.218691588785,2618.796261682243,3149.414953271028,3260.4018691588785,3099.8598130841124,4217.981308411215,3376.166355140187,2334.7102803738317,3818.207476635514,4689.988785046729,2731.899065420561,2178.88785046729,3346.467289719626,5012.828037383178,5493.461682242991,4752.039252336449,3733.3981308411217,2858.5140186915887,3020.63738317757,4764.902803738318,6663.758878504673,4524.248598130841,3243.8859813084114,4961.12523364486,8133.844859813084,5583.4168224299065,3491.0355140186916,2127.0878504672896,1867.2093457943924,2045.1289719626168,3148.777570093458,3365.71214953271,3405.411214953271,4130.020560747664,6232.241121495327,4375.028037383177,2690.2317757009346,2063.3121495327105,1531.0728971962617,1347.547663551402,1670.226168224299,1640.2728971962617,2042.1850467289719,3149.1420560747665,3429.456074766355,2134.5607476635514,1815.4934579439253,1851.5514018691588,1818.9588785046728,1460.83738317757,1791.4317757009346,2378.4616822429907,3444.4392523364486,2641.095327102804,2331.214953271028,2336.9495327102804,1783.0093457943926,1506.8,1734.1196261682244,2458.785046728972,2492.4504672897197,1638.3271028037384,1666.396261682243,1567.8971962616822,1945.5028037383177,1496.9663551401868,1612.5831775700935,1605.8654205607477,2246.9289719626167,2627.9028037383177,2316.32523364486,1898.3065420560747,1622.9775700934579,1446.596261682243,1652.2841121495328,1528.981308411215,1586.5158878504674,1887.2785046728973,1803.1009345794394,1470.4990654205608,1529.4560747663552,1338.3308411214953,1627.1214953271028,2164.385046728972,3390.648598130841,2415.796261682243,1697.2934579439252,1621.218691588785,1560.011214953271,1457.6056074766354,1754.4654205607476,1447.2691588785046,1582.4542056074765,1899.0878504672896,2837.7794392523365,3978.388785046729,4087.8897196261682,1977.1719626168224,1874.0,2375.9532710280373,2734.7794392523365,1734.0672897196262,1546.7177570093459,1510.3271028037384,2297.1401869158876,2114.9345794392525,2505.6242990654205,3120.4822429906544,2194.4429906542055,2020.9495327102804,2367.585046728972,1650.0,1713.16261682243,2096.500934579439,2286.547663551402,1394.856074766355,1416.2728971962617,1187.8990654205606,1322.3102803738318,1263.7794392523365,1460.8953271028038,1406.4841121495326,1899.9495327102804,2811.422429906542,2383.5663551401867,1309.1794392523364,1335.3177570093458,1355.7514018691588,1680.5252336448598,1267.1532710280374,1483.7719626168225,1181.659813084112,1474.7831775700934,1352.6728971962616,1294.3457943925234,1301.332710280374,1422.3626168224298,1380.4168224299065,1917.2392523364485,2307.3719626168227,1805.1906542056074,1640.8205607476636,2623.214953271028,2619.0093457943926,1572.1607476635513,1426.667289719626,1657.5551401869159,1564.7906542056076,1552.3084112149534,1232.0485981308411,1535.9869158878505,1868.8317757009345,2359.0355140186916,2754.3700934579438,2055.8897196261682,1439.7214953271027,1637.7943925233644,1687.6766355140187,2291.822429906542,1739.381308411215,1800.4616822429907,1748.7158878504672,2330.652336448598,1687.5046728971963,1624.3084112149534,1921.6859813084113,2144.9794392523363,1403.0317757009345,1477.1345794392523,1718.1121495327102,2934.0355140186916,3706.5177570093456,2183.9981308411216,1766.233644859813,1965.811214953271,1481.3084112149534,1552.3943925233646,1605.9028037383177,1805.2504672897196,1530.271028037383,1560.5065420560747,1509.577570093458,2279.4822429906544,3991.456074766355,4238.876635514019,1802.0280373831777,1545.7214953271027,1339.6822429906542,1383.0467289719627,1419.7233644859814,1649.8168224299066,1387.9831775700934,1985.0093457943926,1805.6654205607476,1737.4093457943925,1292.603738317757,1286.3495327102803,1132.478504672897,1309.3214953271029,1247.170093457944,1549.7682242990654,1797.6616822429908,2010.5084112149532,1453.6971962616822,1382.4953271028037,1263.2616822429907,1562.1158878504673,1660.0429906542056,1774.2672897196262,1770.3102803738318,2328.9943925233647,2083.63738317757,1500.3420560747663,1420.5532710280374,1698.188785046729,1914.0785046728972,2077.626168224299,1972.2467289719625,2396.8429906542056,1908.6747663551403,1766.0841121495328,1424.4373831775702,1668.521495327103,1796.2971962616823,1852.170093457944,1428.5327102803737,1690.0093457943926,1852.414953271028,2870.0018691588784,4553.826168224299,5038.072897196262,1911.4373831775702,1579.5028037383177,1580.773831775701,1454.4747663551402,1136.1065420560747,1398.5457943925235,1252.9158878504672,1361.007476635514,1518.2654205607478,1529.0429906542056,1232.452336448598,1426.7177570093459,1293.7383177570093,1416.4766355140187,1298.7345794392522,1556.082242990654,1446.2299065420561,1631.5570093457943,1960.370093457944,2621.6616822429905,1859.5570093457943,1329.4878504672897,1178.203738317757,1383.9102803738317,1344.1457943925234,1904.8897196261682,1690.9831775700934,1624.7457943925233,1238.1028037383178,1592.7495327102804,1715.9420560747662,1622.4616822429907,1212.441121495327,1315.0598130841122,1200.629906542056,1262.0785046728972,1204.6130841121496,1402.1028037383178,1319.2355140186917,1565.2242990654206,1498.5514018691588,1584.7719626168225,1430.5140186915887,1436.558878504673,1379.6691588785047,1695.3009345794392,2396.510280373832,2117.7570093457944,1219.2429906542056,1373.3906542056075,1268.9420560747662,1272.8785046728972,1211.1570093457944,1443.1644859813084,1553.8056074766355,2498.3495327102805,2412.3121495327105,2017.4710280373831,1549.614953271028,1802.1551401869158,1725.596261682243,1690.5943925233644,1844.4317757009346,2687.351401869159,3222.8915887850467,2434.472897196262,1768.7532710280375,2212.426168224299,2436.2523364485983,2690.2242990654204,1918.9495327102804,2119.0242990654206,3445.6691588785047,4072.844859813084,1973.614953271028,1579.23738317757,1396.3981308411214,1497.0485981308411,1423.8710280373832,1673.1102803738318,1383.996261682243,1512.1102803738318,1524.1943925233645,2144.3046728971963,3208.0841121495328,4812.467289719626,3199.8168224299066,2338.495327102804,2023.8971962616822,2522.5719626168225,1869.459813084112,2389.8205607476634,2766.626168224299,1837.0130841121495,1514.2168224299066,1985.7588785046728,2432.71214953271,2684.4,1783.4616822429907,1855.244859813084,2313.1887850467288,4061.121495327103,6181.943925233645,4386.166355140187,3283.758878504673,2932.957009345794,2623.328971962617,2066.7794392523365,1642.803738317757,2025.6317757009347,2663.233644859813,5064.958878504673,4715.601869158879,2337.8205607476634,1632.2280373831775,2070.0710280373833,2781.441121495327,4077.8635514018692,2320.5383177570093,2129.366355140187,2576.385046728972,3869.23738317757,2414.1401869158876,1726.0841121495328,1394.8130841121495,1525.985046728972,1588.340186915888,2163.28785046729,2942.248598130841,4776.289719626168,4394.558878504673,5366.181308411215,6888.98691588785,3594.7252336448596,2454.6560747663552,3654.1626168224298,5729.248598130841,5615.659813084112,3098.9532710280373,2457.095327102804,3297.2242990654204,6216.629906542056,7210.123364485981,2934.3757009345795,1681.1570093457944,1754.2654205607478,1840.377570093458,1868.6766355140187,1425.7046728971964,1489.7102803738317,1494.8635514018692,1954.785046728972,1980.9588785046728,3040.4654205607476,3815.7084112149532,4897.3121495327105,3508.67476635514,4488.056074766355,7045.059813084112,5518.807476635514,5709.932710280374,4368.428037383178,2867.8429906542056,3276.9981308411216,3690.7794392523365,2220.622429906542,1598.0056074766355,1695.2429906542056,2264.5981308411215,2621.446728971963,2039.5084112149532,2292.5457943925235,2208.0728971962617,2682.7644859813086,4449.841121495327,7245.506542056075,3559.930841121495,2099.244859813084,1973.4859813084113,1789.2841121495328,1837.5102803738318,2610.385046728972,4519.553271028038,7804.719626168225,6439.0373831775705,8348.304672897197,5343.665420560747,5367.357009345795,7098.773831775701,5263.706542056075,3036.5607476635514,2054.4336448598133,1922.8728971962616,2340.52523364486,3557.585046728972,6217.056074766355,6516.803738317757,5936.186915887851,5422.517757009346,5753.790654205607,2894.5981308411215,3046.0168224299064,3883.429906542056,3187.106542056075,1832.8056074766355,1665.4616822429907,1647.8766355140187,1919.452336448598,2492.8841121495325,3989.7084112149532,3193.985046728972,4770.8579439252335,4531.953271028037,6078.577570093458,7565.65046728972,10502.306542056074,18151.381308411215,13648.252336448599,4586.796261682243,2685.1420560747665,2622.7345794392522,4508.431775700935,4593.179439252336,5680.450467289719,9706.220560747664,7482.988785046729,3351.9532710280373,1859.5514018691588,1622.558878504673,2170.671028037383,3057.9065420560746,4942.78691588785,5040.183177570094,6345.467289719626,3572.9271028037383,1918.3028037383178,1630.8990654205606,1678.9009345794393,1612.0766355140188,1938.4691588785047,2368.581308411215,3557.1831775700934,7002.4691588785045,6396.014953271028,2848.3233644859815,2297.422429906542,2678.4971962616823,4622.585046728972,4606.16261682243,7799.130841121495,6450.4953271028035,4281.534579439252,2066.4766355140187,1836.5626168224298,2005.8130841121495,2220.1981308411214,2291.958878504673,3871.9345794392525,7445.631775700935,6110.102803738318,2601.3869158878506,2119.2242990654204,2095.069158878505,3437.2056074766356,3050.8841121495325,1906.9831775700934,1798.7607476635515,2504.211214953271,2580.558878504673,3065.429906542056,3124.121495327103,3092.930841121495,3343.732710280374,6551.829906542056,10412.009345794393,6295.747663551402,7312.5570093457945,5921.6224299065425,2559.67476635514,2190.871028037383,1827.4953271028037,2159.536448598131,1548.2355140186917,1656.5289719626169,1713.3794392523364,1930.8149532710281,1818.8168224299066,2498.345794392523,4238.6747663551405,8547.343925233645,5708.14953271028,3093.411214953271,1817.8,1605.4841121495326,1387.381308411215,1372.540186915888,1406.5495327102803,1498.1663551401869,1395.622429906542,1708.7102803738317,2167.992523364486,2941.1196261682244,5414.282242990655,5938.730841121495,2423.9009345794393,2091.872897196262,2027.2093457943924,2048.499065420561,1588.1551401869158,1807.3570093457945,1867.3420560747663,1776.7943925233644,1611.936448598131,2433.1831775700934,2917.5121495327103,5779.702803738318,3409.127102803738,1803.1570093457944,1463.392523364486,1522.1850467289719,1403.4953271028037,1522.96261682243,1444.8523364485982,1553.1663551401869,1482.5794392523364,1841.6934579439253,2207.856074766355,4185.054205607476,4175.549532710281,2379.743925233645,2217.3532710280374,2281.8467289719624,1775.7943925233644,1798.9588785046728,1541.1009345794394,1668.1644859813084,1823.2130841121495,2178.2803738317757,2791.100934579439,4153.8,9037.295327102804,15733.844859813084,11702.628037383178,7472.065420560748,4875.52523364486,2746.7308411214954,1694.340186915888,1538.4317757009346,1307.6523364485981,1510.7271028037383,1302.2355140186917,1323.829906542056,1164.7345794392522,1314.7140186915888,1198.388785046729,1350.3065420560747,1418.2579439252336,1760.3607476635514,1561.388785046729,1706.856074766355,1792.0598130841122,1514.7121495327103,1436.822429906542,1616.9140186915888,1301.5626168224298,1525.1046728971962,1895.4728971962618,2842.732710280374,1685.5551401869159,1477.5102803738318,1404.8672897196261,1986.6130841121496,2129.52523364486,2333.644859813084,1806.4056074766356,1619.8336448598131,1388.803738317757,1784.736448598131,1305.5457943925235,1599.8168224299066,2182.8897196261682,4073.5794392523367,3337.3495327102805,1992.3308411214953,1340.222429906542,1385.611214953271,1439.3271028037384,1676.5121495327103,1266.0224299065421,1348.985046728972,1394.8672897196261,2096.914018691589,3708.0504672897196,2976.2897196261683,3434.1140186915886,3600.1140186915886,1968.9084112149533,1848.76261682243,1612.8953271028038,1545.7607476635515,1312.9102803738317,1466.4242990654207,1372.9140186915888,1760.8242990654205,1971.8149532710281,1854.87476635514,1574.659813084112,2059.1158878504675,2509.233644859813,2965.4392523364486,2955.011214953271,2729.4130841121496,1902.7831775700934,1588.0224299065421,1424.985046728972,1581.936448598131,1597.5046728971963,1629.358878504673,1441.970093457944,1616.2579439252336,1911.6915887850466,2705.4822429906544,3065.588785046729,2098.23738317757,2294.47476635514,2790.9065420560746,2420.6037383177572,2297.63738317757,1935.9084112149533,2522.835514018692,3090.71214953271,3714.478504672897,3486.177570093458,2658.282242990654,1899.6373831775702,2274.4822429906544,3405.7046728971964,3367.3906542056075,2707.2523364485983,2500.7196261682243,1793.2205607476635,1984.441121495327,1596.0953271028038,1902.6841121495327,2059.47476635514,2695.489719626168,2369.0990654205607,2085.3046728971963,2220.5289719626167,1945.5906542056075,1703.792523364486,2232.96261682243,2790.033644859813,2220.758878504673,1842.203738317757,1645.0598130841122,1574.8429906542056,1963.12523364486,1723.143925233645,2500.4392523364486,3246.633644859813,2213.132710280374,1700.9084112149533,2314.652336448598,2863.478504672897,2425.484112149533,2998.803738317757,5272.9626168224295,4409.347663551402,2751.8953271028035,2481.2355140186914,2192.1233644859813,2086.3214953271026,2249.1869158878503,2066.5644859813083,2481.0467289719627,1661.8635514018692,1782.3738317757009,1890.2467289719625,1867.540186915888,2207.203738317757,3158.7457943925233,2034.9084112149533,1790.4915887850468,2024.5682242990654,2742.8317757009345,3357.214953271028,5491.134579439253,7875.667289719626,5847.814953271028,3524.788785046729,2640.170093457944,3228.8018691588786,6020.646728971963,8555.579439252337,4205.601869158879,2551.052336448598,3076.532710280374,4914.297196261682,5481.340186915888,4752.375700934579,2368.1233644859813,1858.96261682243,1874.9719626168223,1492.170093457944,2146.0672897196264,2212.2915887850468,4402.201869158878,3169.267289719626,2074.654205607477,1843.9514018691589,2011.1551401869158,2730.0934579439254,3669.155140186916,3999.500934579439,5797.482242990654,7203.257943925234,9598.315887850467,9874.56074766355,5815.426168224299,7639.515887850467,11976.334579439252,6734.6,4679.327102803738,5633.3775700934575,3739.1140186915886,3991.697196261682,3386.28785046729,2913.456074766355,5141.899065420561,8396.416822429906,4847.4,4149.751401869159,8101.7401869158875,10418.52523364486,4453.385046728972,2727.9439252336447,3173.0392523364485,4361.917757009346,10172.371962616822,12284.639252336448,5940.140186915888,6022.865420560747,8596.73644859813,5228.7794392523365,3911.3981308411217,4289.672897196262,4502.157009345794,4183.295327102804,2699.0093457943926,2526.1457943925234,4547.5046728971965,4285.652336448598,4276.985046728972,2818.788785046729,2187.0,2559.1794392523366,2332.7308411214954,1708.4448598130841,1903.6859813084113,2483.3869158878506,5105.069158878505,4188.581308411215,2291.947663551402,1654.1551401869158,1594.4317757009346,1729.7102803738317,2680.8598130841124,3792.826168224299,5830.153271028037,2837.8953271028035,2496.2654205607478,3146.095327102804,5140.282242990655,10582.55140186916,7940.601869158879,3970.777570093458,2579.271028037383,1946.3644859813085,2464.691588785047,2752.2280373831777,2198.930841121495,1947.4018691588785,2175.7102803738317,2539.244859813084,3269.796261682243,2100.1719626168224,1788.1551401869158,1733.3869158878504,1832.0,2108.7252336448596,1880.1943925233645,1651.3551401869158,1746.6560747663552,1801.970093457944,1705.9775700934579,1537.8990654205606,1783.4841121495326,1635.4803738317758,1570.5570093457943,1546.007476635514,2601.796261682243,3117.2018691588787,4492.889719626168,2457.0710280373833,1727.6971962616822,1476.8168224299066,1753.9252336448599,1462.8785046728972,1607.3831775700935,1770.9084112149533,3419.2355140186914,3788.680373831776,2279.0560747663553,2004.5271028037382,3342.8897196261682,8294.917757009345,6163.5476635514015,2644.6616822429905,1942.618691588785,1624.214953271028,1601.011214953271,1484.7495327102804,1457.0542056074767,1484.014953271028,1755.403738317757,2495.3102803738316,2269.4654205607476,1591.7121495327103,1575.12523364486,1631.1869158878505,1766.358878504673,1551.4448598130841,2355.7906542056076,2117.2953271028036,2919.1140186915886,5456.968224299066,7399.2990654205605,3333.085981308411,2202.8056074766355,1818.6,1709.422429906542,1503.4915887850468,2096.6392523364484,2360.671028037383,3669.6785046728974,3519.7345794392522,2148.8766355140187,1628.1682242990655,1473.5869158878504,1251.1364485981308,1337.8280373831776,1207.0093457943926,1345.403738317757,1453.4728971962618,1963.173831775701,1347.3271028037384,1248.4822429906542,1079.1532710280374,1165.9607476635515,1085.4093457943925,1192.011214953271,1122.3570093457945,1357.747663551402,1335.1214953271028,2132.1196261682244,3004.8841121495325,8072.577570093458,10567.17570093458,5579.98691588785,3221.0822429906543,2084.6355140186915,1441.16261682243,1444.0878504672896,1575.641121495327,1583.4056074766356,1244.970093457944,1381.422429906542,1219.7682242990654,1348.7719626168225,1749.0056074766355,2888.5906542056073,2531.5794392523367,2154.3214953271026,1602.8429906542056,1598.4186915887851,1318.188785046729,1361.3420560747663,1307.6579439252337,1556.4934579439253,1641.8691588785048,1743.3439252336448,1474.622429906542,1764.1532710280374,1965.0429906542056,2197.5084112149534,2328.626168224299,2561.792523364486,1706.8616822429906,1605.5102803738318,1348.0878504672896,1415.9607476635515,1393.955140186916,1882.2897196261683,2342.6672897196263,1866.3495327102803,1431.4728971962618,1464.366355140187,1461.8616822429906,1478.6579439252337,1209.4915887850468,1189.8392523364487,1362.0130841121495,1444.12523364486,1345.8654205607477,1842.2897196261683,1573.3271028037384,1646.1476635514018,1838.2691588785046,1702.2878504672897,1566.214953271028,1668.340186915888,1571.6504672897197,1878.1177570093457,1665.5457943925235,2310.4242990654207,1784.3906542056075,1492.2878504672897,1369.7457943925233,1903.6971962616822,1265.1850467289719,1430.7831775700934,1298.3532710280374,1496.4841121495326,1560.063551401869,1650.9009345794393,1509.6542056074766,1556.2560747663551,1308.1682242990655,1399.8990654205606,1493.211214953271,1572.8130841121495,1277.0485981308411,1409.2990654205607,1693.4018691588785,1826.0616822429906,2232.2616822429904,1959.2429906542056,1719.9682242990655,1616.392523364486,1427.173831775701,1591.9102803738317,1451.6691588785047,1573.4130841121496,1354.433644859813,1523.3158878504673,1779.7570093457944,1715.955140186916,1396.0691588785046,1504.0485981308411,1401.4,1893.4504672897197,1477.5177570093458,1989.3906542056075,2152.8747663551403,2405.947663551402,1746.7588785046728,1884.3046728971963,2466.5644859813083,5079.783177570093,4039.740186915888,5023.822429906542,3335.4766355140187,2761.4429906542055,1970.452336448598,1702.566355140187,1663.7514018691588,1891.0056074766355,1443.9682242990655,1458.6635514018692,1309.8056074766355,1470.5813084112149,1492.7514018691588,2187.259813084112,3116.585046728972,3204.6728971962616,4856.128971962617,5792.289719626168,3184.8953271028035,2394.25046728972,2065.100934579439,2375.1420560747665,3656.4168224299065,3335.8579439252335,1980.9514018691589,1807.618691588785,1501.2785046728973,1607.648598130841,1734.8785046728972,1675.9943925233645,1504.1289719626168,1646.9401869158878,1580.8728971962616,2213.3214953271026,2833.7644859813086,4113.157009345794,7648.872897196262,7043.519626168224,3976.07476635514,3423.9794392523363,2492.388785046729,1999.7420560747664,1769.3289719626168,2056.143925233645,1888.747663551402,1961.4280373831775,2893.5831775700935,5299.988785046729,3090.7869158878507,2373.74953271028,2619.542056074766,3325.5177570093456,3111.644859813084,2500.0448598130843,3071.0186915887853,5904.420560747663,3413.0242990654206,2895.9233644859814,3690.143925233645,6975.398130841121,11734.332710280374,6721.736448598131,3607.106542056075,2816.2635514018693,2660.536448598131,2543.4317757009344,2390.872897196262,2392.3327102803737,2968.1514018691587,6821.257943925234,5653.49906542056,5921.8056074766355,8025.315887850467,4727.016822429907,3004.203738317757,2755.5177570093456,3915.128971962617,6641.41308411215,5997.98691588785,3552.229906542056,2472.992523364486,2021.6616822429908,1774.1383177570094,2335.500934579439,4272.824299065421,4707.368224299065,5108.398130841121,7107.684112149533,5394.798130841122,4300.007476635514,5346.747663551402,10387.919626168225,11630.357009345795,7810.370093457944,5875.6485981308415,3599.1046728971965,2424.6317757009347,2062.0317757009348,1827.082242990654,2267.7644859813086,1994.5271028037382,2509.6411214953273,4502.071028037383,3199.852336448598,2147.7906542056076,2007.1196261682244,1818.9289719626167,2413.717757009346,3279.3102803738316,3090.042990654206,2731.285981308411,3086.871028037383,5512.078504672897,16233.871028037383,22764.92710280374,12491.732710280374,7941.52523364486,6383.254205607476,7416.880373831776,10407.805607476635,7066.095327102804,8386.035514018691,7034.721495327103,6814.164485981309,5226.943925233645,3812.026168224299,2692.7682242990654,2391.8504672897197,2272.970093457944,3651.1514018691587,2973.029906542056,3685.2130841121493,5330.145794392523,5093.555140186916,3739.155140186916,2592.9943925233647,1927.007476635514,1914.3476635514019,1821.2822429906541,2126.1570093457944,2057.6728971962616,2800.9289719626167,5918.428037383178,5066.256074766355,3932.6037383177572,3926.9757009345794,3149.6130841121494,5399.052336448598,5241.641121495327,3193.293457943925,2343.7943925233644,2630.0560747663553,2089.7457943925233,3529.515887850467,9048.884112149533,7515.057943925233,4136.968224299066,2947.1831775700934,2432.1084112149533,2989.8,2611.654205607477,2313.958878504673,2103.5401869158877,3149.0093457943926,2975.8467289719624,3958.9327102803736,3149.048598130841,2804.2056074766356,3343.5794392523367,7246.196261682243,12938.996261682243,9986.033644859814,11190.743925233644,6108.988785046729,3904.555140186916,2958.25046728972,2177.936448598131,1935.8598130841121,1763.9065420560748,1893.2841121495328,1925.044859813084,2234.9420560747662,2314.63738317757,3269.3214953271026,2558.818691588785,2950.7476635514017,3397.47476635514,2654.026168224299,2036.1271028037384,1890.3943925233646,1855.8149532710281,2283.048598130841,2814.6728971962616,4730.639252336448,10487.446728971963,8600.52523364486,4627.293457943925,4410.4429906542055,7057.34953271028,5040.6485981308415,3134.1252336448597,2957.652336448598,3439.127102803738,2841.6130841121494,3454.7906542056076,6731.205607476635,9977.47476635514,6461.835514018691,3612.248598130841,2716.211214953271,2536.577570093458,2650.3271028037384,1901.4317757009346,1830.007476635514,1542.0336448598132,1972.7140186915888,1502.5158878504674,1999.8392523364487,2156.663551401869,2104.127102803738,2783.7345794392522,2478.706542056075,2012.8803738317756,2504.080373831776,2331.463551401869,2444.607476635514,3887.484112149533,3709.6093457943925,2371.2130841121493,2308.1719626168224,2496.4018691588785,4387.056074766355,9299.102803738318,7181.388785046729,8155.801869158879,5238.4785046728975,3827.5177570093456,2949.28785046729,2099.078504672897,1951.6803738317758,2005.7607476635515,2182.618691588785,2380.8242990654207,3877.3570093457943,9523.409345794393,7225.514018691589,4756.36261682243,4319.571962616822,4343.689719626168,9253.452336448598,8603.358878504672,8791.190654205608,19043.676635514017,16069.680373831776,9277.228037383178,7276.644859813084,4655.689719626168,4049.2280373831777,4920.407476635514,4251.854205607477,2938.2355140186914,2928.6355140186915,4095.128971962617,8167.471028037383,7700.6747663551405,4600.323364485981,3339.671028037383,3155.551401869159,4742.128971962617,9202.478504672898,6554.158878504673,6117.136448598131,4319.186915887851,3385.4280373831775,3173.28785046729,5163.564485981308,10805.291588785047,13096.12523364486,14333.420560747663,9523.979439252336,5720.811214953271,4245.250467289719,3103.96261682243,3244.611214953271,3809.2429906542056,2786.0448598130843,2463.671028037383,2830.9981308411216,2877.0130841121495,2262.2205607476635,1891.422429906542,1909.2168224299066,1531.0691588785046,1685.1850467289719,2038.5570093457943,2836.029906542056,3816.1345794392523,7055.657943925234,11214.0,20085.50093457944,12374.773831775701,8837.642990654205,10245.345794392524,7737.820560747664,8331.297196261683,12859.745794392524,7442.902803738318,4929.242990654206,3511.6560747663552,2898.6878504672895,2188.607476635514,2372.4542056074765,1777.8130841121495,1932.7177570093459,2638.4242990654207,6810.314018691589,17932.893457943926,14088.252336448599,10063.83738317757,6827.49906542056,4908.241121495327,4808.717757009345,7214.773831775701,19237.95140186916,34829.99252336448,21003.628037383176,13512.220560747664,11535.235514018692,7472.968224299066,6020.467289719626,6359.856074766355,4695.450467289719,5028.528971962617,4532.485981308411,3473.5906542056073,3180.1757009345793,2607.1233644859813,3043.2841121495326,3458.4205607476633,3226.7196261682243,4717.828037383178,14362.121495327103,29358.110280373832,20174.30280373832,12031.467289719627,8116.2990654205605,6480.476635514019,8917.499065420561,16558.379439252338,21482.7738317757,18247.2261682243,17462.81308411215,14823.340186915888,10033.515887850468,8574.11214953271,7903.128971962617,5222.14953271028,3400.5121495327103,2716.9644859813084,2393.2803738317757,2056.6579439252337,2274.3308411214953,2825.3009345794394,3440.166355140187,4883.347663551402,3707.2953271028036,2710.988785046729,2414.467289719626,2396.5869158878504,2837.4355140186917,2306.1943925233645,2711.581308411215,2931.1869158878503,2454.132710280374,1930.4560747663552,2344.0186915887853,2698.957009345794,4415.327102803738,6089.188785046729,4769.971962616823,4045.788785046729,7356.65046728972,9739.32523364486,9918.224299065421,11046.728971962617,7080.13831775701,7965.485981308411,17456.52710280374,15014.543925233645,14988.620560747664,12304.51214953271,7560.381308411215,5671.485981308411,4879.21308411215,3934.9383177570094,3441.345794392523,3296.7682242990654,3326.930841121495,2671.9065420560746,2839.814953271028,3368.106542056075,5047.308411214954,9260.067289719625,18195.183177570092,20917.145794392523,14330.885981308411,8809.691588785046,8292.777570093458,11123.431775700934,9820.85046728972,6485.820560747664,6029.226168224299,4591.014953271028,3909.147663551402,3730.5719626168225,2905.1626168224298,2140.259813084112,1993.9514018691589,1762.4168224299065,1834.0317757009345,1575.396261682243,1859.6168224299065,2920.807476635514,6285.957009345794,17553.95140186916,18246.327102803738,11392.773831775701,8080.52523364486,6318.798130841122,6572.534579439252,5473.927102803738,4289.642990654205,3860.581308411215,3827.5607476635514,3440.196261682243,4552.491588785047,4695.721495327103,3327.4355140186917,3355.0280373831774,6582.405607476636,4422.198130841121,3099.2317757009346,2283.7644859813086,2429.6205607476636,2962.052336448598,2998.6897196261684,2558.4859813084113,3083.143925233645,3725.8654205607477,3384.1233644859813,5081.7663551401865,14842.379439252336,13729.13831775701,9223.519626168225,10632.979439252336,9512.256074766356,6983.112149532711,8364.465420560748,6611.429906542056,4195.869158878505,2878.504672897196,2557.2280373831777,2014.8018691588786,2245.573831775701,2767.484112149533,2790.6317757009347,2370.1719626168224,2223.4691588785045,1944.422429906542,1948.263551401869,2277.2523364485983,2991.0971962616823,1953.936448598131,1811.4616822429907,1535.7981308411215,1533.1794392523364,1670.1233644859813,1932.3570093457945,1889.3065420560747,2149.106542056075,1740.2299065420561,1773.8915887850467,1778.5794392523364,2279.9869158878505,2359.8803738317756,2259.515887850467,2989.644859813084,5066.878504672897,4559.43738317757,3350.570093457944,2409.029906542056,2008.366355140187,1733.2953271028036,1863.6971962616822,1707.4990654205608,1914.6822429906542,1807.1028037383178,1799.9028037383177,2446.0355140186916,3090.2018691588787,5697.65046728972,5991.2990654205605,4089.164485981308,4551.106542056074,7860.143925233645,7669.642990654205,5778.828037383178,5150.426168224299,7025.005607476635,6576.899065420561,5533.4,5978.456074766355,4699.865420560747,3828.500934579439,5531.239252336449,5802.321495327103,7661.3252336448595,12124.364485981308,8009.418691588785,6373.0373831775705,6938.603738317757,5432.428037383178,4507.842990654206,3338.8205607476634,2371.644859813084,2219.910280373832,2443.740186915888,5007.702803738318,6263.7532710280375,5576.048598130841,4374.209345794393,3146.3981308411217,2577.8280373831776,3319.5794392523367,2940.5831775700935,2937.259813084112,2219.319626168224,2094.106542056075,2582.1943925233645,5828.117757009346,5519.2598130841125,4123.72523364486,3064.080373831776,3472.1364485981308,4245.652336448598,5025.0,6362.310280373832,9982.207476635514,6567.2728971962615,6687.663551401869,9276.570093457944,10876.583177570094,9807.267289719626,14233.618691588785,9154.469158878504,5885.020560747664,4596.542056074766,3585.3214953271026,2419.267289719626,1930.9981308411216,1491.811214953271,1451.6897196261682,1333.0168224299066,1719.592523364486,2981.28785046729,4485.054205607476,3237.622429906542,2992.177570093458,3034.957009345794,4315.039252336449,12735.740186915888,19681.605607476635,12350.641121495328,9565.297196261683,9299.807476635515,12732.98691588785,8601.319626168224,5915.990654205608,5968.764485981308,4421.826168224299,3212.3794392523364,3061.9345794392525,5939.407476635514,12977.351401869159,12827.938317757009,7938.885981308411,5057.3644859813085,4112.076635514019,4212.360747663552,4038.4168224299065,3501.9831775700936,6084.065420560748,8291.25046728972,12376.078504672898,11747.102803738318,25147.573831775702,30367.796261682244,20040.130841121496,15390.233644859813,22504.46168224299,19006.358878504674,13652.14953271028,9114.831775700935,6844.7009345794395,5447.228037383177,4290.723364485982,3019.4710280373833,2736.2579439252336,3691.510280373832,9434.659813084112,14344.482242990654,9974.493457943925,8808.63738317757,19085.93831775701,22457.620560747662,15032.990654205607,10777.895327102804,11734.388785046729,17468.73644859813,21311.803738317758,29036.254205607478,19242.6523364486,11650.293457943926,7739.192523364486,5401.36261682243,4030.1906542056076,3781.457943925234,4467.392523364486,3177.5682242990656,2562.11214953271,2096.5981308411215,2529.852336448598,3215.807476635514,5333.134579439253,15766.558878504673,18121.69719626168,11300.747663551401,8880.938317757009,7700.456074766355,5717.491588785047,3981.1794392523366,3201.155140186916,3322.521495327103,9427.73831775701,16057.4261682243,10631.710280373833,10455.231775700935,11503.581308411214,8915.228037383178,15116.349532710281,14639.622429906542,9226.13644859813,5773.345794392523,4147.2990654205605,3607.607476635514,3022.1084112149533,2096.0467289719627,1834.452336448598,1591.5514018691588,1560.1420560747663,1561.358878504673,1658.151401869159,1986.8523364485982,2540.7607476635512,2086.381308411215,2517.5289719626167,2208.0448598130843,2157.878504672897,2352.8971962616824,2460.818691588785,2381.743925233645,2100.6037383177572,1728.7794392523365,1918.4915887850468,1813.9401869158878,1937.0205607476635,1725.181308411215,1758.1214953271028,1666.5289719626169,1697.87476635514,2485.11214953271,4694.250467289719,4878.280373831775,6049.865420560747,11905.018691588784,8925.052336448598,6224.467289719626,5966.072897196262,6497.697196261683,4813.7794392523365,3481.1457943925234,3056.723364485981,2590.3682242990653,2932.2317757009346,3765.506542056075,7226.3121495327105,13266.396261682243,9445.409345794393,6081.644859813084,5163.450467289719,8048.945794392524,11838.033644859814,15870.831775700935,15802.785046728972,15737.730841121494,9874.407476635513,6668.2205607476635,5785.704672897196,4565.358878504673,3262.0542056074764,2537.196261682243,2450.3271028037384,2763.9644859813084,6830.702803738318,7007.671028037384,7445.491588785047,8258.631775700935,7509.340186915888,5481.979439252336,4795.018691588785,3746.76261682243,2942.6822429906542,2572.633644859813,2576.7869158878507,2544.2691588785046,4227.579439252337,11222.15140186916,10099.132710280373,7282.63738317757,7108.846728971963,12128.385046728972,25741.495327102803,19607.38878504673,12483.059813084112,8557.76261682243,6458.917757009346,5128.571962616822,6092.613084112149,17185.403738317757,28659.992523364486,22990.332710280374,15668.493457943925,10304.284112149533,7647.669158878504,7266.6485981308415,14675.58878504673,15655.099065420562,18153.18691588785,27419.08598130841,20037.310280373833,16970.633644859812,26462.46168224299,21054.932710280373,13518.201869158878,8925.990654205607,6244.22429906542,4778.7401869158875,3670.256074766355,3165.3532710280374,3655.177570093458,4642.241121495327,9920.521495327102,19862.682242990653,14154.650467289719,8956.293457943926,7203.689719626168,6214.758878504673,4731.631775700935,4022.2728971962615,4341.781308411215,5843.386915887851,7766.179439252336,16920.607476635512,28147.08971962617,25169.157009345796,15404.594392523364,10485.314018691588,10269.01308411215,7464.626168224299,4953.444859813084,3865.47476635514,3632.8093457943924,4294.932710280374,7178.65046728972,5657.996261682243,4074.882242990654,3146.9551401869157,3499.6,9732.902803738318,13175.527102803739,11380.394392523365,7903.71214953271,5536.056074766355,5469.130841121495,3971.9532710280373,3151.910280373832,2727.271028037383,2676.4336448598133,3821.5495327102803,11520.624299065421,11322.164485981308,7404.203738317757,5786.590654205607,6246.760747663551,10368.084112149532,22342.426168224298,21525.03925233645,13797.869158878504,9265.334579439252,6398.715887850467,4492.743925233645,3805.6429906542057,5288.975700934579,5654.6355140186915,7720.848598130841,13247.254205607476,8916.115887850467,7006.528971962617,6447.289719626168,4892.280373831775,3384.1719626168224,3023.3102803738316,2845.8897196261682,2661.381308411215,2358.5140186915887,3778.9345794392525,9089.493457943925,13556.876635514018,9680.957009345795,8339.181308411215,5434.742056074766,3906.8747663551403,3054.2747663551404,2706.336448598131,2475.659813084112,5440.114018691589,17125.37570093458,24078.919626168223,16702.96261682243,10286.216822429906,6677.256074766355,4798.005607476635,3396.665420560748,2706.3700934579438,2497.0242990654206,3338.1869158878503,3004.4542056074765,3412.6093457943925,3926.8130841121497,7888.3644859813085,18315.792523364486,21585.805607476635,17570.51401869159,15261.904672897197,19953.6523364486,14201.88785046729,8681.519626168225,6010.596261682243,4580.891588785047,3818.1364485981308,3354.3046728971963,3259.138317757009,4797.568224299065,4814.629906542056,3788.8542056074766,5163.0897196261685,11277.491588785047,8541.063551401869,5567.106542056074,5716.921495327103,8014.8,6328.592523364486,7571.371962616822,13526.265420560747,9818.977570093459,6634.271028037383,4592.248598130841,4897.816822429906,13489.829906542056,15654.179439252337,10717.267289719626,7235.758878504673,5503.545794392523,5957.396261682243,7907.3775700934575,8204.31214953271,5638.203738317757,4989.459813084112,3340.6056074766357,2845.807476635514,2914.1906542056076,2516.355140186916,2294.25046728972,2036.9943925233645,1663.2,1559.6018691588786,1750.2971962616823,2260.6691588785047,1839.1588785046729,1764.2130841121495,1490.992523364486,2042.9943925233645,4135.276635514018,4690.23738317757,4308.003738317757,6310.57570093458,5489.284112149533,6446.457943925234,11937.97570093458,8813.680373831776,5867.921495327103,4854.708411214953,10175.323364485981,11947.871028037383,7246.302803738317,4811.388785046729,3747.392523364486,4669.323364485981,4816.157009345794,3891.392523364486,5128.21308411215,13651.607476635514,10875.697196261683,7571.814953271028,7125.076635514019,14197.171962616823,11360.753271028037,7267.143925233645,4837.930841121495,4443.5214953271025,3733.8168224299066,3537.4336448598133,2468.5981308411215,2080.3121495327105,2833.671028037383,3210.5457943925235,2427.0242990654206,2396.8485981308413,1997.788785046729,1768.196261682243,1393.252336448598,1428.218691588785,1401.3214953271029,2315.9794392523363,2507.7345794392522,2533.196261682243,3026.7831775700934,2728.1084112149533,2249.43738317757,2222.0542056074764,2464.958878504673,2565.8654205607477,1801.3140186915887,2028.7644859813083,2791.807476635514,3771.9177570093457,4835.203738317757,5590.241121495327,4670.900934579439,5070.472897196261,4220.665420560747,4968.13831775701,3610.8056074766355,3909.0934579439254,3877.904672897196,3103.7570093457944,2456.6018691588783,2231.334579439252,2298.4691588785045,3691.6355140186915,9093.315887850467,9197.493457943925,6018.011214953271,4145.708411214953,2976.170093457944,2330.536448598131,1839.7383177570093,1837.9401869158878,1792.3028037383178,2105.755140186916,1914.4018691588785,2480.4,2517.6672897196263,2444.0355140186916,2143.882242990654,2216.8897196261682,3733.7196261682243,6274.542056074766,6482.605607476636,6440.751401869159,5585.9364485981305,8367.981308411216,19300.327102803738,14680.910280373831,9760.882242990654,7412.334579439253,5955.198130841121,3933.5401869158877,2735.7214953271027,2347.4317757009344,2141.143925233645,1940.8710280373832,1577.7719626168225,1678.8280373831776,1987.1551401869158,2775.3700934579438,3618.788785046729,4568.618691588785,3080.803738317757,2340.2841121495326,1777.7401869158878,1632.5813084112149,1379.1570093457944,2080.940186915888,2338.3439252336448,2070.9682242990652,1707.441121495327,2955.5794392523367,2931.9644859813084,2408.5028037383177,2245.041121495327,2539.8841121495325,2136.3831775700933,1759.0130841121495,1412.3869158878504,1391.1551401869158,1228.0504672897196,1545.6971962616822,1622.6654205607476,1640.3252336448597,1423.3757009345795,1389.1196261682244,1225.4934579439253,1312.9383177570094,1231.4242990654207,1561.6392523364486,1318.8598130841121,1560.9644859813084,1882.4654205607476,2230.4710280373833,4703.517757009346,7216.839252336448,6144.682242990654,4101.689719626168,2702.4654205607476,2330.919626168224,2026.396261682243,1960.1532710280374,1829.9065420560748,1742.5308411214953,1477.803738317757,1606.9831775700934,1912.0242990654206,4174.691588785046,15083.570093457944,13297.235514018692,8544.085981308412,6455.657943925234,4977.818691588785,3415.856074766355,2360.7719626168223,2482.222429906542,3836.4130841121496,3013.3439252336448,2222.314018691589,1923.822429906542,1580.7570093457944,1474.6579439252337,1368.8728971962616,2020.6953271028037,3656.23738317757,3537.1233644859813,2392.7252336448596,2079.7102803738317,2321.9028037383177,2890.9682242990652,2378.214953271028,2261.9383177570094,1726.6261682242991,1671.566355140187,1366.2485981308412,1450.1084112149533,1789.9682242990655,4068.551401869159,3176.3906542056075,2332.166355140187,1773.7981308411215,1899.9383177570094,2457.033644859813,2227.4,1684.3869158878504,1608.2728971962617,1236.9046728971962,1209.7214953271027,1249.6168224299065,1336.2,1563.3495327102803,2635.403738317757,7183.328971962616,8255.63738317757,5472.041121495327,4683.719626168225,6311.041121495327,6650.848598130841,4612.94953271028,5679.209345794393,4063.506542056075,3152.3570093457943,2206.515887850467,1840.596261682243,1450.3495327102803,1457.6448598130842,1219.777570093458,1384.8523364485982,1292.7102803738317,1648.1065420560747,2099.23738317757,2770.28785046729,2132.026168224299,1836.7869158878505,1666.0392523364485,2461.5943925233646,3352.844859813084,5373.102803738318,19623.719626168226,36249.50093457944,23199.8523364486,13563.702803738317,8488.846728971963,5614.407476635514,3530.3102803738316,2488.1869158878503,1740.7644859813083,1641.9121495327104,1465.9009345794393,1597.2934579439252,1717.014953271028,1855.0336448598132,1677.056074766355,1707.2616822429907,1995.0654205607477,2624.7476635514017,2197.3495327102805,2020.5532710280374,1637.540186915888,1757.4280373831775,1929.540186915888,2173.6822429906542,1909.7308411214954,1962.8859813084111,1654.6859813084113,1708.4,1739.7233644859814,2924.7364485981307,5075.031775700934,15301.371962616822,30028.51214953271,19132.586915887852,10906.704672897196,7278.880373831776,4699.872897196262,3929.041121495327,4617.614953271028,5128.893457943926,4553.278504672897,3245.2616822429904,2351.5794392523367,2436.506542056075,3462.6,8807.26168224299,27194.9738317757,20161.306542056074,11155.12523364486,7487.8,5366.226168224299,4330.900934579439,3097.9831775700936,2641.6691588785047,3619.792523364486,4605.482242990654,3036.76261682243,2603.218691588785,2369.6691588785047,2251.8897196261682,2433.0093457943926,2503.0822429906543,1971.629906542056,1751.7570093457944,1528.0897196261683,1515.218691588785,1681.4373831775702,2076.214953271028,2848.7682242990654,4169.545794392523,3961.3869158878506,2890.2785046728973,2173.1869158878503,1950.3719626168224,1483.9383177570094,1410.7308411214954,1284.441121495327,1396.7233644859814,1222.351401869159,1276.4373831775702,1252.3943925233646,1316.9121495327104,1308.5028037383177,1436.5102803738318,1117.0130841121495,1174.3196261682242,1078.4897196261682,1308.7383177570093,1568.6392523364486,2047.629906542056,1619.1289719626168,1548.5177570093458,1924.6616822429908,2090.091588785047,1553.848598130841,1399.936448598131,1413.0785046728972,1629.8971962616822,1727.1327102803739,1592.3719626168224,1227.2822429906541,1243.1757009345795,1212.8579439252337,1604.3084112149534,1405.8766355140187,1318.222429906542,1226.970093457944,1509.2392523364485,2013.943925233645,3678.829906542056,2482.792523364486,2002.3271028037384,2006.4934579439253,3066.9831775700936,2095.803738317757,1673.8990654205606,1352.6710280373832,1361.4186915887851,1465.2691588785046,1713.6168224299065,1469.6056074766354,2125.9009345794393,1841.943925233645,1544.9420560747662,1255.2803738317757,1248.3476635514019,1198.6728971962616,1746.0317757009345,5805.242990654206,6353.951401869159,3879.0616822429906,3156.8485981308413,2334.9420560747662,1829.3009345794392,1971.056074766355,2120.091588785047,1691.796261682243,1643.6728971962616,1463.3495327102803,1359.5420560747664,1279.2560747663551,1918.3420560747663,2104.3981308411217,1831.0485981308411,2652.9607476635515,2944.770093457944,1881.1233644859813,1643.0224299065421,1282.1102803738318,1288.2897196261683,1361.641121495327,2800.229906542056,13208.672897196262,13005.734579439253,8072.05046728972,5345.385046728972,4632.306542056075,6308.489719626168,3870.407476635514,2479.777570093458,2136.4336448598133,3066.259813084112,2370.9532710280373,1760.003738317757,1319.426168224299,1283.4878504672897,1189.9214953271028,1268.3289719626168,1157.4448598130841,1263.9102803738317,1466.803738317757,2140.0542056074764,7895.12523364486,20960.26355140187,15609.521495327102,8262.932710280375,4804.835514018691,3060.4,1939.6093457943925,1974.7327102803738,2579.8579439252335,2103.8392523364487,1782.8728971962616,2267.685981308411,1954.2467289719625,1751.1943925233645,1404.7345794392522,1560.7121495327103,1695.6429906542055,1692.6280373831776,2106.041121495327,4715.456074766355,7463.059813084112,6549.153271028037,4148.52523364486,3238.6766355140185,4833.581308411215,4268.646728971963,4026.095327102804,3606.4915887850466,3084.9177570093457,2365.7196261682243,1770.4392523364486,1564.1196261682244,1345.3757009345795,1318.263551401869,1092.614953271028,1122.5177570093458,1082.6392523364486,1167.988785046729,1064.9028037383177,1249.8728971962616,1068.5532710280374,1133.044859813084,970.2504672897196,1117.5065420560747,1166.0317757009345,1391.3943925233646,1261.8616822429906,1294.4897196261682,1302.6018691588786,2141.177570093458,2239.3570093457943,2852.904672897196,2888.308411214953,2600.078504672897,2239.9906542056074,1902.4242990654207,1886.8710280373832,2913.8280373831776,4194.5570093457945,3792.728971962617,3021.1420560747665,2608.7794392523365,2047.7065420560748,1770.3158878504673,1468.3794392523364,1403.803738317757,1277.1682242990655,1644.0953271028038,4615.994392523365,8013.353271028037,5261.044859813084,3500.8392523364487,2229.9121495327104,1981.755140186916,3258.5682242990656,3086.207476635514,2242.003738317757,3036.8803738317756,8945.351401869159,12433.009345794393,11388.635514018692,6477.519626168224,3764.2429906542056,2644.8897196261682,1943.3607476635514,2756.4654205607476,7006.906542056075,5466.708411214953,3021.8112149532712,2058.319626168224,1490.211214953271,1382.9271028037383,1685.9906542056074,3400.7532710280375,3424.6317757009347,3235.777570093458,2327.685981308411,2705.441121495327,8301.629906542055,13433.192523364485,14914.857943925233,8216.943925233645,4462.029906542056,3579.5794392523367,5591.691588785046,16376.828037383177,10806.691588785046,5489.34953271028,4279.196261682243,3656.6467289719626,2122.345794392523,1771.2953271028036,1374.4616822429907,1492.7588785046728,1732.9663551401868,1579.2691588785046,1446.6,1753.0747663551401,1600.414953271028,2214.0672897196264,4586.347663551402,3484.648598130841,1918.7420560747664,1532.9719626168223,1181.03738317757,1323.6504672897197,1686.2560747663551,1464.7252336448598,1154.8785046728972,1426.7439252336449,2058.340186915888,2276.2897196261683,1958.4448598130841,2935.069158878505,2241.510280373832,2236.6168224299067,5198.05046728972,4581.373831775701,2854.5981308411215,2054.992523364486,1654.3738317757009,3814.781308411215,3799.4056074766354,2489.2523364485983,2467.536448598131,3750.3682242990653,3145.826168224299,3808.577570093458,3629.7532710280375,3457.181308411215,6531.8579439252335,11844.73644859813,7605.011214953271,4174.732710280374,2436.700934579439,1946.0429906542056,1416.392523364486,1350.0616822429906,1191.4841121495326,1303.1140186915889,1526.271028037383,3589.340186915888,7792.968224299066,5494.887850467289,3130.1532710280376,4257.235514018692,12470.880373831777,10365.069158878505,5067.592523364486,3268.444859813084,3006.930841121495,4473.813084112149,4484.482242990654,3720.4355140186917,2554.1719626168224,1865.1719626168224,1286.2803738317757,1133.3289719626168,1125.6728971962616,1294.992523364486,1137.5439252336448,1112.8841121495327,1303.87476635514,2144.407476635514,1973.0224299065421,1790.992523364486,2301.5401869158877,4599.742056074766,3915.5495327102803,2712.543925233645,2030.8710280373832,5682.852336448598,14564.042990654205,20688.26355140187,12482.084112149532,5530.579439252337,2648.4018691588785,1760.2467289719625,1285.0990654205607,1776.03738317757,1673.766355140187,1432.755140186916,1170.3439252336448,1204.6897196261682,1079.9383177570094,1169.7252336448598,1143.011214953271,1454.4205607476636,1632.1214953271028,3045.0878504672896,14091.934579439252,23903.940186915886,13116.16261682243,5678.36261682243,2950.4766355140187,1928.9084112149533,1392.6878504672898,1440.5233644859813,1362.188785046729,1336.7439252336449,1223.2242990654206,1233.629906542056,1323.211214953271,1612.2560747663551,1863.403738317757,1824.8130841121495,1525.0504672897196,1600.6130841121496,1724.3532710280374,4425.097196261682,16270.835514018692,30436.87102803738,22693.168224299065,9809.771962616822,4359.891588785047,2583.3981308411217,1936.5682242990654,2036.0934579439252,1511.8672897196261,1341.1065420560747,1276.9570093457944,1410.6785046728971,1228.018691588785,1275.648598130841,1044.8429906542056,1066.271028037383,1200.2168224299066,1220.8822429906543,1140.803738317757,1550.6579439252337,4457.328971962616,6901.2074766355145,3818.777570093458,2033.0542056074767,1330.192523364486,1287.8429906542056,1519.381308411215,1543.5514018691588,1223.385046728972,1304.9476635514018,1159.0355140186916,1333.2542056074767,1256.7869158878505,1408.2598130841122,1512.9065420560748,1639.9682242990655,1393.856074766355,1452.029906542056,1291.5420560747664,1337.9102803738317,1341.611214953271,3536.7794392523365,8785.304672897197,7806.102803738318,3436.9439252336447,1919.0093457943926,1285.588785046729,1145.9607476635515,1210.6355140186915,1741.9102803738317,2495.581308411215,7317.489719626168,9929.321495327104,5781.893457943926,2778.0168224299064,1809.5177570093458,1354.211214953271,1426.4542056074765,1213.9794392523365,1196.2467289719625,1084.5065420560747,1254.9943925233645,1408.992523364486,1821.2542056074767,1672.8654205607477,1993.917757009346,5295.5046728971965,18286.603738317757,22936.08598130841,12440.955140186916,5888.85046728972,3462.8280373831776,1961.2560747663551,1496.0710280373833,1061.7495327102804,1147.7943925233644,984.9401869158878,1047.5327102803737,1013.7439252336449,1385.1271028037384,3426.2616822429904,5177.5476635514015,3311.6355140186915,1837.7457943925233,1270.5943925233644,1171.9757009345794,1021.6635514018692,1093.648598130841,957.041121495327,1083.2766355140186,936.8728971962616,1127.755140186916,1074.4355140186915,1143.4242990654207,1147.4691588785047,1151.943925233645,1022.6841121495327,1326.3271028037384,1867.7757009345794,7077.448598130841,18548.620560747662,23573.41495327103,12865.882242990654,5874.990654205608,2976.3831775700933,1942.7682242990654,1245.7700934579439,1206.8093457943926,1038.5289719626169,1122.233644859813,935.9009345794393,1034.6392523364486,1086.7439252336449,1117.87476635514,1014.2635514018691,1077.0654205607477,976.9757009345794,1089.0691588785046,968.992523364486,1119.2785046728973,1750.3046728971963,2998.5457943925235,3400.856074766355,2252.6392523364484,1364.659813084112,1186.3831775700935,992.5514018691589,1096.4093457943925,957.1401869158879,1069.0,977.4523364485981,1046.7869158878505,1054.23738317757,1217.4766355140187,1192.8448598130842,1223.014953271028,1065.3943925233646,1171.3177570093458,1041.1065420560747,1201.8841121495327,1132.1457943925234,1167.5719626168225,978.3626168224299,1063.3682242990653,1115.9532710280373,1056.4373831775702,1022.8448598130841,1165.1065420560747,1246.2018691588785,1961.9644859813084,2477.0242990654206,3050.211214953271,2039.0,1411.5102803738318,1041.340186915888,1052.044859813084,972.8672897196261,1065.6392523364486,903.2429906542056,1048.6317757009347,1057.659813084112,1336.3943925233646,1301.7943925233644,1208.2766355140186,1043.3476635514019,1108.0504672897196,1041.5757009345793,1117.2130841121495,968.5177570093458,1109.3196261682242,985.388785046729,1120.4186915887851,1032.8654205607477,1075.3457943925234,947.4261682242991,1088.3794392523364,1203.3476635514019,1497.7009345794393,1503.7214953271027,1774.3607476635514,1489.648598130841,1767.0672897196262,1957.3570093457945,2183.4971962616823,1550.218691588785,1263.8598130841121,1046.4317757009346,1125.252336448598,1128.6766355140187,1293.1420560747663,1205.5084112149532,1325.996261682243,1643.029906542056,2288.164485981308,2747.973831775701,2657.5663551401867,1659.188785046729,1287.3439252336448,1110.063551401869,1149.177570093458,1042.7233644859814,1211.2504672897196,1141.1757009345795,1413.6355140186915,1545.4915887850468,2728.489719626168,8011.28785046729,16845.704672897195,23939.758878504672,25861.801869158877,14393.704672897196,6188.001869158878,2770.822429906542,1920.7682242990654,1471.014953271028,1575.2934579439252,1772.3570093457945,2113.3644859813085,2032.181308411215,1810.0224299065421,1415.1532710280374,1452.7981308411215,1403.2168224299066,1462.766355140187,1263.207476635514,1222.3682242990653,1029.23738317757,1133.12523364486,933.0523364485981,1154.566355140187,996.0373831775701,1103.8280373831776,973.9906542056075,1005.3514018691588,880.992523364486,968.0672897196262,948.611214953271,1057.2990654205607,921.2018691588785,1066.5457943925235,1357.4691588785047,1523.0355140186916,1478.6168224299065,1619.9943925233645,1497.214953271028,3003.185046728972,7658.4785046728975,12141.44859813084,16085.945794392523,16729.994392523364,9503.841121495327,4113.334579439253,2228.9289719626167,2001.2785046728973,1946.4205607476636
581.7730627306273,503.11439114391146,532.319188191882,466.8819188191882,593.8616236162362,434.1752767527675,541.6143911439115,528.2841328413284,556.9833948339483,528.1254612546126,583.0535055350554,509.8579335793358,617.0295202952029,478.3228782287823,596.1531365313654,616.330258302583,655.1088560885609,615.8044280442805,595.490774907749,569.6881918819188,609.269372693727,570.9188191881918,678.4206642066421,602.3007380073801,696.6955719557195,679.7435424354244,652.1014760147601,595.929889298893,644.5811808118082,583.4778597785978,693.5535055350554,612.459409594096,708.8357933579335,638.5129151291513,709.8007380073801,611.3321033210332,731.6789667896679,592.9797047970479,713.8265682656827,600.3007380073801,712.7878228782288,644.0664206642066,628.8560885608856,719.4944649446494,670.7250922509226,536.2638376383763,650.7878228782288,728.5073800738007,751.4649446494465,632.0535055350554,724.4317343173432,693.3653136531366,716.450184501845,690.1660516605166,746.9040590405904,599.5719557195572,727.9022140221402,655.7509225092251,691.309963099631,635.2158671586716,703.3357933579335,643.1088560885609,689.4354243542435,626.8523985239852,740.6734317343173,656.8247232472324,729.2859778597787,672.5221402214022,624.1346863468634,731.5535055350554,682.9797047970479,672.3321033210332,727.8726937269373,644.4686346863468,715.6918819188191,680.2988929889299,744.2656826568266,680.9963099630996,694.3228782287823,824.7324723247233,774.2361623616237,675.9483394833949,733.9280442804428,718.260147601476,742.7287822878229,697.509225092251,783.5424354243543,653.6734317343173,711.880073800738,713.1143911439115,749.409594095941,663.9870848708487,780.4797047970479,764.4815498154982,726.59963099631,749.2785977859778,754.4335793357934,727.0867158671587,791.7158671586716,703.3487084870849,792.6623616236162,718.540590405904,751.2988929889299,706.9354243542435,683.509225092251,696.7177121771218,812.9649446494465,671.1715867158672,767.3081180811809,703.1845018450184,648.0793357933579,840.2988929889299,834.8468634686346,747.7675276752767,779.6346863468634,737.6992619926199,844.040590405904,718.3081180811809,801.0959409594096,772.5977859778598,771.680811808118,777.9225092250922,826.1734317343173,741.7583025830259,798.850553505535,709.2177121771218,770.2380073800738,723.4077490774907,846.819188191882,798.9206642066421,820.5682656826568,763.9538745387454,842.5313653136532,739.1420664206642,755.7619926199262,742.4741697416974,820.1328413284133,781.7084870848709,823.7380073800738,671.5738007380074,775.8763837638377,693.7638376383763,678.5940959409594,825.7859778597787,861.5867158671587,759.070110701107,781.1826568265683,778.6457564575646,787.7453874538745,801.2509225092251,790.4981549815498,730.3726937269373,770.7361623616237,748.2232472324723,851.4630996309963,803.2749077490774,788.6457564575646,782.570110701107,769.1605166051661,691.3708487084871,834.2933579335794,800.3745387453874,768.7656826568266,780.6014760147601,835.319188191882,776.3413284132841,802.1365313653137,797.4538745387454,850.9944649446494,722.0221402214022,869.6789667896679,800.5442804428044,846.0738007380074,774.8007380073801,743.7915129151291,872.0645756457565,890.4630996309963,778.0848708487085,855.5959409594096,762.239852398524,897.8154981549816,792.3228782287823,802.760147601476,803.8892988929889,773.3763837638377,758.7878228782288,837.3210332103321,816.2583025830259,796.8265682656827,824.3376383763838,826.959409594096,812.4723247232472,845.1365313653137,778.1476014760148,861.8228782287823,769.9225092250922,863.409594095941,820.640221402214,830.5738007380074,886.7324723247233,807.6937269372694,835.5442804428044,876.5350553505535,826.0479704797048,854.1254612546126,774.4317343173432,737.4114391143911,916.0645756457565,818.9040590405904,837.0184501845018,875.7841328413284,805.8431734317343,864.5350553505535,797.9151291512915,857.9132841328413,816.6752767527676,865.1549815498155,785.3394833948339,823.2656826568266,797.4446494464945,847.5073800738007,845.6660516605166,881.6992619926199,814.3948339483395,878.3339483394834,865.6531365313654,833.3745387453874,788.2546125461255,819.2232472324723,871.2712177121771,879.1660516605166,846.6660516605166,870.3579335793358,878.7915129151291,869.3062730627306,874.9612546125461,807.5756457564576,783.3025830258302,786.2250922509226,919.2785977859778,871.0479704797048,830.4667896678967,793.6512915129151,817.5848708487085,827.7343173431734,808.9464944649446,851.3431734317343,755.9243542435424,817.0313653136532,840.7841328413284,788.1752767527676,833.3911439114391,773.6937269372694,776.3616236162362,842.8874538745388,797.7177121771218,801.0018450184502,809.1678966789668,842.8616236162362,836.2952029520295,835.8763837638377,858.3929889298893,875.7269372693727,770.1162361623616,892.9557195571956,811.8247232472324,845.0313653136532,887.1070110701107,838.680811808118,816.5073800738007,887.2214022140222,951.2343173431734,901.5313653136532,817.5774907749078,947.6623616236162,860.5848708487085,866.7841328413284,868.1752767527676,855.0756457564576,847.2066420664206,882.8376383763838,781.8579335793358,817.5313653136532,852.0922509225093,849.070110701107,885.1107011070111,861.0129151291513,879.6586715867159,858.7638376383763,784.0221402214022,881.4575645756457,812.8081180811809,838.4280442804428,846.5682656826568,875.780442804428,849.4667896678967,887.3357933579335,800.1752767527676,866.649446494465,819.5424354243543,866.1881918819188,818.3487084870849,787.9538745387454,977.9409594095941,900.1180811808118,896.380073800738,837.1125461254612,815.380073800738,867.1125461254612,844.3856088560885,857.6457564575646,890.1457564575646,831.4926199261993,837.7490774907749,894.9151291512915,833.4022140221402,912.1162361623616,818.3819188191882,850.4575645756457,872.1734317343173,900.7915129151291,860.4280442804428,902.4815498154982,903.869003690037,896.3044280442805,848.6088560885609,883.3339483394834,894.5073800738007,841.669741697417,917.9889298892989,918.3560885608856,860.490774907749,904.789667896679,816.6420664206642,783.630996309963,1019.2361623616237,1046.0756457564576,929.1273062730627,918.5036900369004,913.4261992619926,951.8154981549816,850.0977859778598,924.0479704797048,844.0922509225093,884.990774907749,943.6383763837638,827.260147601476,920.7583025830259,980.3468634686346,923.830258302583,965.9059040590406,912.1752767527676,919.730627306273,904.3782287822878,945.0774907749078,945.3487084870849,933.4059040590406,894.8376383763838,904.950184501845,893.5442804428044,877.5664206642066,883.7675276752767,933.6143911439115,930.830258302583,933.990774907749,856.3616236162362,826.0811808118082,965.6863468634687,966.1162361623616,926.350553505535,955.1254612546126,1012.459409594096,1106.2546125461254,1034.30073800738,965.590405904059,920.3616236162362,920.3487084870849,924.5184501845018,974.149446494465,921.140221402214,937.1107011070111,974.6180811808118,982.8911439114391,969.289667896679,989.7712177121771,916.1125461254612,1004.6033210332104,933.4704797047971,988.0442804428044,965.3634686346863,1035.9649446494466,1008.9409594095941,952.0369003690037,933.9114391143911,966.2472324723248,913.0129151291513,962.8431734317343,927.630996309963,855.0885608856089,1063.6771217712178,952.5332103321033,968.5848708487085,1000.2933579335794,945.2952029520295,1027.8763837638376,965.3966789667896,976.0350553505535,1040.7158671586717,1024.420664206642,953.5073800738007,1006.4409594095941,940.7785977859778,948.8892988929889,1002.7232472324723,1071.359778597786,1037.5553505535056,1075.6273062730627,1007.540590405904,1027.289667896679,986.5940959409594,990.40036900369,1045.0664206642066,997.5959409594096,1008.7029520295202,1075.5350553505534,1053.5738007380073,1055.0073800738007,1027.2730627306273,1061.3413284132841,925.5147601476015,978.9575645756457,1201.0774907749078,1032.7029520295202,1118.140221402214,1091.6217712177122,1075.8136531365315,1197.219557195572,1209.038745387454,1248.2730627306273,1070.8856088560885,1068.7232472324724,1007.2435424354244,992.760147601476,1034.1974169741698,1057.9354243542437,1013.3985239852399,1065.7490774907749,1014.2952029520295,1073.4040590405905,1061.4538745387454,1057.5756457564576,1016.880073800738,1089.9169741697417,1009.4704797047971,1068.638376383764,1114.2453874538746,1086.7952029520295,1025.619926199262,963.7952029520295,971.760147601476,1013.2416974169741,951.1715867158672,966.429889298893,1089.9040590405905,1107.9077490774907,986.2970479704798,1021.230627306273,1058.579335793358,1207.8763837638376,1163.710332103321,1147.6476014760149,978.8966789667896,1032.029520295203,1026.6014760147602,1062.5885608856088,1173.1789667896678,1192.570110701107,1147.0442804428044,1008.2214022140222,992.8044280442805,1015.3579335793358,1031.2343173431734,1136.59963099631,1105.328413284133,1087.2527675276754,1042.5553505535056,1067.9501845018451,1076.4686346863468,1263.0461254612546,1241.8413284132841,1294.3321033210332,1136.2952029520295,1101.389298892989,994.8247232472324,986.0756457564576,1120.3413284132841,1067.3044280442805,989.1531365313654,1106.2084870848707,1131.8837638376383,1120.7915129151293,1138.7878228782288,1100.6937269372693,1050.3339483394834,1109.9833948339483,1161.638376383764,1268.7822878228783,1072.0922509225093,1119.3856088560885,1115.8247232472324,1179.1143911439115,1182.7177121771217,1164.6752767527676,1114.828413284133,1357.7509225092251,1242.5369003690037,1134.4446494464944,1111.7047970479705,1135.719557195572,1126.339483394834,1177.9852398523985,1123.0479704797049,1110.5276752767527,1060.0258302583027,1158.3856088560885,1074.7084870848707,989.8081180811809,1221.29889298893,1151.9059040590405,1120.891143911439,1125.3487084870849,1143.861623616236,1236.6752767527676,1087.3173431734317,1165.6918819188193,1194.7546125461254,1093.6457564575646,1134.020295202952,1112.409594095941,991.4483394833949,1149.8542435424354,1072.839483394834,1080.738007380074,1002.2841328413284,1125.8154981549815,1084.3062730627307,1066.5959409594095,1070.819188191882,1041.8745387453876,999.8321033210332,1103.4963099630995,1067.3819188191883,1093.9501845018451,1094.5350553505534,1157.090405904059,1032.9760147601476,1121.2915129151293,1048.6439114391144,1094.070110701107,1105.7933579335793,1192.610701107011,1166.6070110701107,1123.239852398524,1184.1863468634685,1266.4151291512915,1148.0166051660517,1207.5221402214022,1159.9963099630995,1285.5738007380073,1176.2214022140222,1228.5977859778598,1204.2693726937268,1069.9870848708488,1113.1752767527676,1211.789667896679,1166.6771217712178,1191.5756457564576,1048.5498154981549,1081.5830258302583,1062.7121771217712,1266.0239852398524,1302.4059040590405,1250.6974169741698,1123.4114391143912,1050.3321033210332,1011.2029520295202,1213.9114391143912,1172.0166051660517,1369.9483394833949,1179.0166051660517,1113.6494464944649,1283.0018450184502,1436.929889298893,1289.0498154981549,1165.7656826568266,1061.9280442804427,1144.8450184501844,1127.309963099631,1155.8763837638376,1163.3062730627307,1177.6365313653137,1108.719557195572,1095.7140221402215,1058.3247232472324,1179.918819188192,1169.619926199262,1277.9630996309963,1070.889298892989,1187.5738007380073,1059.1420664206642,1179.80073800738,1130.3929889298893,1373.2269372693727,1061.4926199261993,1047.5,1009.8542435424354,1142.3837638376383,1164.289667896679,1282.610701107011,1052.0756457564576,1050.6642066420663,951.3431734317343,1117.8173431734317,1315.370848708487,1289.190036900369,1111.359778597786,1180.9926199261993,1180.5664206642066,1298.830258302583,1174.5055350553505,1167.038745387454,1133.5221402214022,1148.7564575645756,1212.9335793357934,1283.4169741697417,1104.5073800738007,1065.4723247232473,1191.6346863468634,1443.9354243542437,1540.1254612546124,1661.461254612546,1294.59963099631,1250.3339483394834,1165.861623616236,1179.1180811808117,1119.2564575645756,1189.038745387454,1204.9225092250922,1379.4446494464944,1074.4760147601476,1083.6070110701107,975.8819188191882,1027.4649446494466,973.4520295202952,1029.361623616236,1100.6180811808117,1266.3671586715868,1229.0055350553505,1180.7084870848707,1214.4022140221402,1337.4317343173432,1237.7675276752768,1373.6273062730627,1361.2435424354244,1405.219557195572,1153.0977859778598,1125.0129151291512,1157.6531365313654,1219.7343173431734,1163.0664206642066,1195.2029520295202,1118.429889298893,1260.5369003690037,1406.0018450184502,1600.7675276752768,1252.6568265682656,1301.2583025830259,1090.3265682656827,1076.970479704797,998.9428044280443,1143.5738007380073,1112.3560885608856,1357.119926199262,1364.3985239852398,1529.6642066420663,1572.3874538745388,1202.289667896679,1210.3265682656827,1267.5848708487085,1205.020295202952,1524.7029520295202,1746.9059040590405,1653.7749077490776,1824.8948339483395,1529.79889298893,1109.1937269372693,1201.1826568265683,1078.518450184502,1194.3450184501844,1214.2269372693727,1577.2177121771217,1910.009225092251,1593.479704797048,1420.8985239852398,1599.1180811808117,1471.4114391143912,1508.9833948339483,1401.481549815498,1772.6955719557195,2587.0830258302585,3175.463099630996,2487.0,2035.5055350553505,1712.719557195572,1570.5369003690037,1655.081180811808,2361.258302583026,2654.891143911439,1583.8450184501844,1391.2140221402215,1338.380073800738,1333.9409594095941,1345.9132841328412,1170.7084870848707,1317.2490774907749,1221.9169741697417,1578.0276752767527,1710.4409594095941,1447.261992619926,1156.9686346863468,1248.4870848708488,1193.7306273062732,1494.2952029520295,1922.429889298893,2409.252767527675,2605.09778597786,2201.1457564575644,1465.929889298893,1743.9520295202951,1421.2878228782288,1402.8745387453876,1553.9114391143912,1987.4483394833949,1727.2952029520295,1364.5110701107012,1477.1328413284132,1426.1937269372693,1420.2656826568266,1906.7693726937268,1616.4538745387454,1427.4151291512915,1609.7084870848707,1516.3413284132841,1221.210332103321,1354.710332103321,1567.9723247232473,2189.4963099630995,1788.160516605166,1853.520295202952,1583.8173431734317,1381.0461254612546,1270.3856088560885,1324.8560885608856,1416.1660516605166,1763.6660516605166,1923.0405904059041,1850.4261992619927,2414.507380073801,3104.9243542435424,3782.821033210332,2976.547970479705,2418.2453874538746,1920.9501845018451,1740.909594095941,1501.3154981549815,1219.3376383763837,1359.370848708487,1508.8856088560885,1940.330258302583,2401.2915129151293,1749.8431734317344,1345.981549815498,1317.6789667896678,1471.909594095941,1523.3118081180812,1175.9354243542437,1421.5166051660517,1502.9741697416973,2050.149446494465,2892.6125461254614,3518.872693726937,1782.9963099630995,1448.4428044280444,1359.6236162361624,1793.9889298892988,2293.309963099631,2174.6974169741698,1496.3062730627307,1450.169741697417,1386.3966789667898,1663.8523985239851,1523.238007380074,1852.7583025830259,2538.570110701107,3481.667896678967,2197.7380073800737,2210.9981549815498,2444.850553505535,1713.961254612546,1379.1273062730627,1479.0774907749078,1706.1143911439115,2544.1863468634688,3198.776752767528,2414.3062730627307,1721.4667896678966,1824.671586715867,2267.0516605166054,1582.90036900369,1237.5682656826568,1402.9151291512915,1306.2933579335793,1363.9778597785978,1284.5258302583027,1534.870848708487,1255.1346863468634,1403.079335793358,1254.8431734317344,1251.5055350553505,1161.9833948339483,1280.079335793358,1322.7675276752768,1706.8579335793358,1638.6660516605166,1874.2029520295202,1380.1346863468634,1401.129151291513,1212.0848708487085,1315.3819188191883,1410.180811808118,1626.260147601476,1633.7970479704798,1763.5424354243542,1678.3523985239851,1703.0,1502.7656826568266,1616.4889298892988,1829.59963099631,1674.9926199261993,1608.9354243542437,2082.7546125461254,1878.6273062730627,1652.7232472324724,1497.4464944649446,1501.1845018450185,1466.918819188192,1807.5535055350554,2309.040590405904,2580.470479704797,1779.1845018450185,1395.3210332103322,1468.819188191882,2019.680811808118,1635.0129151291512,1854.8413284132841,2007.8450184501844,1979.9483394833949,1881.4926199261993,1793.3025830258302,1609.6918819188193,1727.0461254612546,1352.1439114391144,1437.380073800738,1396.6457564575646,1521.7250922509224,1407.1273062730627,1508.3985239852398,1382.719557195572,1532.8081180811807,1780.660516605166,1688.9317343173432,1455.6974169741698,1567.7416974169741,1500.5664206642066,1620.5848708487085,1829.1642066420663,1911.1180811808117,1838.2269372693727,1830.6734317343173,1683.3118081180812,1959.1918819188193,2277.89852398524,2707.287822878229,2728.332103321033,2290.4040590405903,1889.3228782287822,2200.850553505535,2247.9649446494464,2077.070110701107,1993.0239852398524,2038.3228782287822,1868.3837638376383,1895.260147601476,1802.5239852398524,1752.180811808118,1799.6752767527676,1904.8837638376383,1816.7952029520295,2947.149446494465,3031.690036900369,2012.3468634686346,1843.8357933579337,2183.0166051660517,1612.9372693726937,1883.4778597785978,1752.0553505535056,1673.2177121771217,1822.3634686346863,2242.758302583026,2835.7453874538746,3086.223247232472,1812.0,2057.608856088561,2836.0738007380073,4084.2140221402215,5052.10147601476,3877.80073800738,2491.577490774908,2016.761992619926,2309.632841328413,2904.367158671587,3178.8025830258302,4282.057195571956,4147.188191881919,4032.3044280442805,4786.09963099631,5231.974169741698,4983.016605166052,3349.343173431734,2653.1439114391146,3307.8763837638376,2337.8745387453873,1710.2546125461254,1719.7915129151293,2096.2915129151293,2175.610701107011,2113.859778597786,1870.5590405904059,2111.4944649446493,2224.422509225092,1821.5682656826568,1961.4741697416973,3048.4428044280444,3127.6826568265683,2502.19926199262,2215.570110701107,2472.3357933579337,1898.5147601476015,1970.4354243542437,2162.6863468634688,2621.0332103321034,2791.6531365313654,2486.9557195571956,1873.4981549815498,1681.4944649446495,1518.8413284132841,1938.2066420664207,2660.2269372693727,2989.311808118081,2431.470479704797,2204.108856088561,1905.1789667896678,2640.7841328413283,2972.536900369004,2409.3708487084873,3156.7453874538746,3371.0092250922507,2539.540590405904,3114.660516605166,3046.3339483394834,3045.869003690037,2381.6051660516605,1958.8579335793358,2185.3948339483395,2916.5018450184502,3969.39852398524,5167.819188191882,4507.490774907749,4486.7859778597785,3615.8247232472327,3511.5036900369005,3215.9354243542434,3631.7675276752766,4095.9667896678966,3882.2029520295205,4640.3948339483395,4859.09594095941,3213.4261992619927,2484.391143911439,1968.110701107011,2308.8560885608854,2522.036900369004,3454.269372693727,3779.7453874538746,3451.3874538745386,3594.012915129151,3913.047970479705,4741.592250922509,5291.461254612546,3629.7675276752766,4111.225092250923,4004.9243542435424,3052.4188191881917,3403.411439114391,4143.337638376383,3699.9169741697415,3536.433579335793,3078.228782287823,3962.1660516605166,3968.547970479705,4055.7343173431736,4041.7380073800737,4824.835793357934,3783.4907749077493,3187.7749077490776,3132.1291512915127,3831.250922509225,3911.739852398524,3333.7047970479703,2496.9612546125463,2025.3228782287822,1591.520295202952,1824.8136531365315,1669.1420664206642,1533.0129151291512,1486.6771217712178,1684.9557195571956,1442.6162361623617,1508.738007380074,1508.4261992619927,1505.1273062730627,1451.9335793357934,1560.738007380074,1667.4280442804427,1843.1180811808117,1780.1476014760149,2608.3837638376385,3482.5996309963098,3038.372693726937,2264.2638376383766,1567.0369003690037,1340.761992619926,1644.0258302583027,1899.1549815498156,2234.8856088560888,1505.560885608856,1667.4225092250922,1565.4022140221402,1698.2933579335793,1849.1494464944649,1875.518450184502,1311.7878228782288,1431.4852398523985,1468.8228782287822,1709.2158671586717,1848.9760147601476,2076.7970479704795,2590.369003690037,3239.3579335793356,2439.8542435424356,2090.9446494464946,2317.946494464945,1663.1678966789668,1422.5479704797049,1510.8542435424354,1453.8819188191883,1793.5553505535056,2491.350553505535,3155.939114391144,1891.889298892989,1976.2638376383763,2342.479704797048,2836.9243542435424,3567.4317343173434,2571.6457564575644,1767.3450184501844,2472.9963099630995,2091.036900369004,1709.3690036900368,1346.739852398524,1719.79889298893,2078.049815498155,2676.132841328413,1950.5885608856088,2320.2066420664205,2466.9317343173434,2239.660516605166,1375.8431734317344,1514.4022140221402,1548.9059040590405,1975.8468634686346,2717.90221402214,4592.175276752768,5627.319188191882,5936.046125461255,3305.138376383764,1819.981549815498,1390.8966789667898,1430.7859778597785,1275.819188191882,1506.9981549815498,1535.761992619926,2148.90221402214,2520.2638376383766,3103.511070110701,3563.531365313653,4326.057195571956,2241.230627306273,1941.9981549815498,1849.1051660516605,2082.662361623616,2170.308118081181,3102.0036900369005,4018.341328413284,3299.280442804428,2384.1254612546127,3203.549815498155,2430.7970479704795,1643.780442804428,1465.3856088560885,1761.5,2143.6974169741698,3310.10147601476,2619.311808118081,1868.3856088560885,1788.7564575645756,2074.6937269372693,2189.4963099630995,2452.0516605166054,2061.169741697417,1730.40036900369,2124.6531365313654,2174.3357933579337,1993.830258302583,3218.0940959409595,3024.276752767528,1937.4446494464944,1835.8856088560885,2796.481549815498,2953.9151291512917,2377.1051660516605,2725.7140221402215,3938.688191881919,5420.0830258302585,3849.859778597786,2002.0369003690037,1615.260147601476,1294.8357933579337,1458.529520295203,1406.690036900369,1851.3210332103322,1586.2583025830259,1483.6162361623617,1292.3726937269373,1382.490774907749,1134.990774907749,1257.6586715867159,1291.2140221402215,1344.4630996309963,1376.5221402214022,1378.0018450184502,1113.7730627306273,1459.7509225092251,1495.309963099631,1378.1568265682656,1138.3579335793358,1276.909594095941,1140.8025830258302,1261.9151291512915,1200.5848708487085,1354.5405904059041,1121.3376383763837,1281.0018450184502,1098.6180811808117,1413.7343173431734,1219.2472324723246,1265.1955719557195,1123.8173431734317,1237.1974169741698,1147.1549815498156,1245.0590405904059,1224.3321033210332,1481.1309963099632,1164.19926199262,1250.9151291512915,1154.260147601476,1231.830258302583,1085.2527675276754,1188.9833948339483,1365.7416974169741,1527.1143911439115,1514.0664206642066,1439.4649446494466,1420.4409594095941,1763.619926199262,1844.8081180811807,1627.3487084870849,1745.4261992619927,2402.6143911439112,1616.2785977859778,1308.8985239852398,1163.0664206642066,1269.4778597785978,1264.9464944649446,1189.0498154981549,1104.8265682656827,1338.1771217712178,1103.859778597786,1327.1439114391144,1118.2859778597785,1271.6494464944649,1189.9520295202951,1183.6180811808117,1100.108856088561,1203.6236162361624,1212.4963099630995,1573.1143911439115,1849.210332103321,1706.3062730627307,1373.7767527675276,1335.5073800738007,1505.6642066420663,1494.9741697416973,1305.7250922509224,1481.9557195571956,1518.90036900369,1688.7952029520295,1304.7878228782288,1200.9723247232473,1179.418819188192,1321.2435424354244,1304.7066420664207,1733.3173431734317,2028.409594095941,1834.3136531365315,1298.5442804428044,1367.361623616236,1454.8044280442805,1949.6180811808117,1462.1476014760149,1473.319188191882,1569.9428044280444,1937.3782287822878,2097.7380073800737,2113.4003690036902,1642.7564575645756,1508.239852398524,1350.7749077490776,1688.3690036900368,1372.2859778597785,1290.2232472324724,1101.110701107011,1283.3265682656827,1431.8671586715868,1474.3856088560885,1545.1623616236163,1785.0276752767527,1441.1014760147602,1757.228782287823,2189.121771217712,2325.9261992619927,1606.5055350553505,1728.319188191882,1873.8450184501844,1678.7214022140222,1573.6070110701107,1807.8560885608856,1957.4483394833949,2283.9778597785976,1630.1678966789668,1938.6568265682656,2289.518450184502,3049.481549815498,1962.3948339483395,1800.8966789667898,1734.7509225092251,1821.3671586715868,2273.156826568266,3706.6070110701107,4706.535055350553,3497.0922509225093,2807.946494464945,3392.230627306273,2101.8966789667898,1695.6439114391144,2046.479704797048,2944.6033210332102,2437.018450184502,2754.7970479704795,2487.4833948339483,2659.2638376383766,2512.1051660516605,3470.3265682656825,2714.3856088560888,1962.8745387453876,1558.129151291513,1761.6143911439115,2277.0996309963098,2077.378228782288,1424.3487084870849,1844.0627306273063,2777.588560885609,3867.979704797048,2606.712177121771,3170.4483394833946,3285.520295202952,3152.0848708487083,4317.828413284133,3420.6734317343175,2370.669741697417,3943.372693726937,4855.0977859778595,2780.5627306273063,2198.909594095941,3387.249077490775,5113.5904059040595,5628.260147601476,4864.411439114391,3780.712177121771,2894.970479704797,3087.750922509225,4939.383763837638,6922.874538745387,4659.70110701107,3321.656826568266,5149.487084870849,8459.678966789668,5723.411439114391,3512.841328413284,2128.4059040590405,1878.289667896679,2076.2859778597785,3203.9059040590405,3407.656826568266,3441.8708487084873,4247.920664206642,6442.630996309963,4476.263837638377,2710.60147601476,2059.933579335793,1527.6309963099632,1348.1273062730627,1669.3948339483395,1643.4059040590405,2058.3173431734317,3197.311808118081,3460.6826568265683,2124.088560885609,1801.3210332103322,1840.4667896678966,1811.0738007380073,1460.1476014760149,1800.638376383764,2405.249077490775,3519.89852398524,2686.422509225092,2349.979704797048,2359.0442804428044,1788.3357933579337,1510.260147601476,1743.1642066420663,2473.970479704797,2496.4446494464946,1627.4114391143912,1658.7269372693727,1562.9594095940959,1943.2416974169741,1496.891143911439,1610.6420664206642,1605.6014760147602,2259.7619926199263,2646.776752767528,2337.6752767527673,1919.1143911439115,1620.2416974169741,1440.171586715867,1644.4335793357934,1528.5664206642066,1600.5129151291512,1928.8726937269373,1828.6734317343173,1479.09963099631,1536.7878228782288,1341.5276752767527,1627.0110701107012,2174.7047970479703,3427.0996309963098,2425.1125461254614,1691.5830258302583,1609.5516605166051,1553.538745387454,1451.0276752767527,1744.3062730627307,1442.891143911439,1587.4575645756458,1918.861623616236,2871.059040590406,4063.9944649446493,4173.555350553505,1988.9446494464944,1877.260147601476,2386.391143911439,2748.6420664206644,1735.5756457564576,1547.5571955719556,1515.2970479704798,2305.19926199262,2127.1051660516605,2537.6974169741698,3180.071955719557,2203.9778597785976,2033.6476014760149,2378.5516605166054,1649.8653136531366,1715.5332103321034,2119.0830258302585,2301.6291512915127,1391.0571955719556,1411.9169741697417,1186.4889298892988,1321.9225092250922,1262.918819188192,1462.2841328413283,1411.1752767527676,1908.339483394834,2849.4963099630995,2403.638376383764,1310.2047970479705,1333.8782287822878,1355.1051660516605,1680.8874538745388,1265.9022140221402,1476.079335793358,1176.4261992619927,1469.9889298892988,1343.038745387454,1290.3357933579337,1294.8081180811807,1420.4870848708488,1380.3874538745388,1932.309963099631,2334.2656826568264,1807.3560885608856,1644.6180811808117,2646.968634686347,2629.9723247232473,1567.8228782287822,1426.5073800738007,1650.9022140221402,1565.6623616236163,1550.0166051660517,1233.6476014760149,1547.018450184502,1897.5332103321034,2400.4612546125463,2801.428044280443,2066.5442804428044,1437.1660516605166,1633.2527675276754,1689.7121771217712,2299.130996309963,1742.560885608856,1800.690036900369,1754.6974169741698,2336.5332103321034,1692.979704797048,1638.7066420664207,1942.5350553505534,2169.463099630996,1407.7269372693727,1481.2693726937268,1723.4335793357934,2953.6937269372693,3750.350553505535,2195.5848708487083,1765.0147601476015,1962.739852398524,1479.018450184502,1553.5498154981549,1616.5535055350554,1816.6586715867159,1533.3376383763837,1565.138376383764,1516.909594095941,2294.970479704797,4055.3708487084873,4288.134686346863,1801.4225092250922,1538.4926199261993,1337.1642066420663,1385.6273062730627,1433.190036900369,1665.2066420664207,1401.1660516605166,1998.2324723247232,1825.7232472324724,1747.3763837638376,1292.1549815498156,1285.2416974169741,1131.9464944649446,1308.9040590405905,1245.7767527675276,1545.0055350553505,1783.4889298892988,1999.7250922509224,1452.6162361623617,1384.990774907749,1261.0738007380073,1555.2324723247232,1646.8985239852398,1766.5313653136532,1761.2324723247232,2329.149446494465,2085.2915129151293,1502.8837638376383,1426.3431734317344,1702.9833948339483,1917.1771217712178,2091.6162361623615,1984.8044280442805,2406.0830258302585,1913.6365313653137,1765.6789667896678,1421.2140221402215,1664.5719557195573,1787.1051660516605,1845.760147601476,1424.1752767527676,1689.2656826568266,1863.4630996309963,2900.911439114391,4629.7712177121775,5107.940959409594,1912.5276752767527,1586.180811808118,1593.7970479704798,1455.7841328413283,1136.8837638376383,1399.710332103321,1254.1789667896678,1359.2656826568266,1513.9280442804427,1525.1457564575646,1229.370848708487,1424.3579335793358,1290.1346863468634,1412.629151291513,1293.1863468634685,1549.1881918819188,1440.3523985239851,1629.1494464944649,1953.7583025830259,2619.4040590405903,1856.5571955719556,1330.0645756457563,1181.7859778597785,1389.7675276752768,1339.6678966789668,1898.5405904059041,1681.7250922509224,1616.3671586715868,1234.169741697417,1584.9354243542437,1701.9778597785978,1609.8856088560885,1211.0129151291512,1314.271217712177,1197.7675276752768,1259.8929889298893,1202.8247232472324,1398.1273062730627,1315.0,1556.7047970479705,1492.3819188191883,1576.7785977859778,1423.7361623616237,1434.6752767527676,1380.6476014760149,1701.7564575645756,2421.9132841328415,2130.6143911439112,1218.828413284133,1370.5922509225093,1265.2121771217712,1270.590405904059,1208.8357933579337,1437.7453874538746,1549.738007380074,2485.787822878229,2391.8228782287824,2005.4261992619927,1534.0221402214022,1787.2269372693727,1709.6826568265683,1674.3819188191883,1825.7343173431734,2657.1365313653137,3174.2970479704795,2403.0276752767527,1753.4114391143912,2199.289667896679,2439.7730627306273,2712.339483394834,1918.8579335793358,2109.7158671586717,3451.0,4069.0055350553507,1960.6937269372693,1573.3929889298893,1393.7232472324724,1493.3136531365315,1421.3136531365315,1675.2933579335793,1379.4225092250922,1507.9280442804427,1516.640221402214,2143.223247232472,3220.8247232472327,4845.040590405904,3183.841328413284,2316.7546125461254,2017.3044280442805,2522.4944649446493,1865.0479704797049,2393.341328413284,2778.2435424354244,1839.6143911439115,1514.1771217712178,1993.1549815498156,2460.276752767528,2720.518450184502,1784.9022140221402,1854.420664206642,2326.5627306273063,4109.584870848708,6279.865313653137,4393.0830258302585,3284.132841328413,2906.7933579335795,2592.667896678967,2044.0313653136532,1633.5,2026.638376383764,2676.2047970479703,5122.6051660516605,4764.193726937269,2325.250922509225,1627.918819188192,2073.2859778597785,2800.5627306273063,4123.734317343174,2319.8837638376385,2118.8247232472327,2568.0571955719556,3852.771217712177,2392.391143911439,1716.3431734317344,1389.40036900369,1523.361623616236,1592.4630996309963,2175.7361623616234,2974.4557195571956,4847.20110701107,4421.356088560886,5391.357933579336,6940.992619926199,3581.9944649446493,2445.7952029520297,3659.2343173431736,5764.361623616236,5701.169741697417,3126.8025830258302,2462.258302583026,3321.9963099630995,6337.129151291513,7364.824723247232,2948.1236162361624,1675.9464944649446,1747.610701107011,1826.0867158671588,1853.0553505535056,1420.9870848708488,1488.3505535055351,1496.9538745387454,1958.859778597786,1983.7749077490776,3038.289667896679,3847.957564575646,4930.118081180812,3511.9169741697415,4523.422509225093,7133.027675276753,5602.795202952029,5859.60147601476,4459.5977859778595,2879.0516605166054,3268.780442804428,3670.9354243542434,2205.3634686346863,1587.8136531365315,1685.140221402214,2247.132841328413,2599.9428044280444,2022.2656826568266,2266.3929889298893,2192.7361623616234,2690.0461254612546,4485.660516605166,7339.040590405904,3563.5553505535054,2083.280442804428,1953.3653136531366,1780.5535055350554,1833.9833948339483,2615.723247232472,4546.835793357934,7881.761992619926,6452.632841328414,8416.880073800738,5373.931734317343,5430.710332103321,7180.136531365313,5274.89852398524,3026.8284132841327,2042.4317343173432,1908.4354243542437,2332.0682656826566,3564.6715867158673,6254.485239852398,6591.514760147602,5978.780442804428,5445.977859778598,5794.80442804428,2882.741697416974,3032.4667896678966,3871.282287822878,3175.1180811808117,1823.3929889298893,1654.3874538745388,1633.020295202952,1901.2029520295202,2467.0147601476015,3957.848708487085,3182.536900369004,4812.055350553505,4549.014760147602,6103.660516605166,7613.452029520296,10669.154981549815,18566.228782287824,13798.59225092251,4570.896678966789,2676.2638376383766,2637.632841328413,4564.584870848708,4636.7287822878225,5722.035055350553,9833.89114391144,7518.937269372694,3346.4833948339483,1856.9575645756458,1617.289667896679,2162.769372693727,3050.690036900369,4941.555350553505,5024.570110701107,6328.634686346863,3545.9261992619927,1907.0055350553505,1620.6660516605166,1668.5166051660517,1598.5535055350554,1926.2140221402215,2359.8856088560888,3571.7841328413283,7077.863468634687,6416.3007380073805,2835.0922509225093,2283.0036900369005,2660.2546125461254,4590.773062730627,4563.138376383764,7754.690036900369,6396.186346863468,4244.946494464944,2049.6439114391146,1823.1476014760149,1983.1660516605166,2197.8560885608854,2285.8173431734317,3868.1439114391146,7514.0904059040595,6134.431734317343,2581.212177121771,2108.389298892989,2097.1033210332102,3465.3450184501844,3069.2730627306273,1902.710332103321,1781.0719557195573,2473.841328413284,2551.4483394833946,3035.3228782287824,3093.688191881919,3063.9667896678966,3342.719557195572,6603.8007380073805,10507.145756457565,6309.610701107011,7378.581180811808,5955.99815498155,2545.433579335793,2172.7675276752766,1817.090405904059,2156.5553505535054,1546.7841328413283,1643.7047970479705,1698.439114391144,1913.3948339483395,1809.6512915129151,2491.6771217712176,4237.357933579336,8611.564575645756,5715.084870848708,3059.5645756457566,1801.9870848708488,1596.920664206642,1380.1125461254612,1367.6070110701107,1399.0719557195573,1491.5073800738007,1386.5221402214022,1698.479704797048,2149.7158671586717,2943.1051660516605,5476.317343173432,5992.09963099631,2432.2749077490776,2095.1826568265683,2011.1309963099632,2032.3745387453876,1578.9464944649446,1789.5774907749078,1846.0258302583027,1762.0424354243542,1603.8874538745388,2427.0258302583024,2925.588560885609,5826.883763837638,3417.710332103321,1798.4944649446495,1454.560885608856,1513.409594095941,1397.9483394833949,1518.3819188191883,1438.5774907749078,1544.2140221402215,1473.1365313653137,1834.8966789667898,2198.007380073801,4178.680811808118,4164.0977859778595,2352.1845018450185,2185.2029520295205,2248.036900369004,1753.5369003690037,1780.738007380074,1527.018450184502,1656.5867158671588,1804.0627306273063,2156.2066420664205,2768.271217712177,4156.680811808118,9117.625461254613,15888.263837638377,11772.450184501846,7488.89852398524,4858.592250922509,2727.5645756457566,1681.6217712177122,1530.1494464944649,1303.4760147601476,1505.4335793357934,1296.680811808118,1316.8523985239851,1158.2749077490776,1309.271217712177,1190.4446494464944,1342.3653136531366,1404.9889298892988,1738.5553505535056,1537.9963099630995,1685.8560885608856,1769.2306273062732,1504.9354243542437,1427.8653136531366,1607.538745387454,1296.4409594095941,1518.3468634686346,1878.0738007380073,2802.8708487084873,1665.3505535055351,1471.1439114391144,1394.439114391144,1962.0479704797049,2098.19926199262,2301.80073800738,1785.0479704797049,1606.9040590405905,1376.5369003690037,1775.5,1297.0018450184502,1590.2361623616237,2157.4132841328415,4016.1254612546127,3282.228782287823,1965.5516605166051,1330.710332103321,1379.4483394833949,1424.9778597785978,1656.6660516605166,1256.5461254612546,1341.9575645756458,1388.140221402214,2085.649446494465,3681.162361623616,2958.276752767528,3435.789667896679,3594.638376383764,1963.1734317343173,1837.8265682656827,1601.8579335793358,1534.5627306273063,1307.1678966789668,1458.8468634686346,1362.8726937269373,1744.861623616236,1945.2767527675276,1832.861623616236,1559.780442804428,2033.7472324723246,2464.968634686347,2925.468634686347,2904.920664206642,2685.348708487085,1878.880073800738,1575.3653136531366,1417.3634686346863,1569.9889298892988,1582.6125461254612,1616.8560885608856,1430.719557195572,1602.7084870848707,1887.8136531365315,2660.3745387453873,3012.7029520295205,2072.6937269372693,2267.350553505535,2755.7970479704795,2415.5553505535054,2283.690036900369,1912.8560885608856,2482.9428044280444,3033.3284132841327,3633.559040590406,3414.361623616236,2609.5166051660517,1871.5405904059041,2239.359778597786,3335.719557195572,3301.621771217712,2658.5387453874537,2463.5627306273063,1779.8856088560885,1974.6014760147602,1577.9723247232473,1879.2490774907749,2028.6586715867159,2655.260147601476,2340.337638376384,2071.6143911439112,2212.6143911439112,1930.0258302583027,1686.081180811808,2216.228782287823,2762.1033210332102,2197.1457564575644,1815.2490774907749,1632.2066420664207,1562.5055350553505,1940.5664206642066,1701.409594095941,2461.3025830258302,3182.69926199262,2178.920664206642,1681.1937269372693,2294.5682656826566,2812.280442804428,2385.0350553505536,2945.0867158671585,5167.169741697417,4316.044280442805,2703.3284132841327,2434.0036900369005,2157.769372693727,2065.843173431734,2227.411439114391,2037.361623616236,2447.1937269372693,1651.3450184501844,1784.3542435424354,1899.9723247232473,1857.018450184502,2176.6125461254614,3097.867158671587,2001.4464944649446,1769.1568265682656,1994.1937269372693,2700.691881918819,3303.212177121771,5408.915129151292,7769.544280442805,5776.523985239853,3470.0018450184502,2605.3856088560888,3197.7859778597785,5935.230627306273,8422.931734317342,4134.046125461255,2507.249077490775,3017.4944649446493,4807.118081180812,5367.645756457565,4651.509225092251,2333.389298892989,1834.0959409594095,1854.0239852398524,1479.970479704797,2129.130996309963,2172.8579335793356,4307.795202952029,3112.250922509225,2046.5479704797049,1819.3542435424354,1984.5590405904059,2677.7029520295205,3595.4981549815498,3920.8560885608854,5694.690036900369,7044.664206642066,9397.433579335793,9683.50184501845,5732.964944649447,7573.116236162362,11831.031365313653,6618.79704797048,4590.795202952029,5510.852398523985,3663.6771217712176,3912.012915129151,3322.0018450184502,2857.036900369004,5035.3154981549815,8222.821033210332,4739.0184501845015,4066.2269372693727,7978.6992619926195,10297.867158671586,4385.966789667897,2690.0461254612546,3132.5258302583024,4291.180811808118,10064.10885608856,12188.247232472324,5864.389298892989,5968.822878228782,8520.223247232472,5135.466789667897,3830.911439114391,4196.027675276753,4397.385608856089,4092.4833948339483,2658.4372693726937,2493.832103321033,4487.546125461255,4208.922509225093,4195.287822878229,2768.867158671587,2159.4723247232473,2525.830258302583,2306.939114391144,1691.638376383764,1890.780442804428,2445.029520295203,5018.4169741697415,4106.850553505535,2260.89852398524,1637.8874538745388,1580.6476014760149,1712.0479704797049,2642.3542435424356,3716.841328413284,5722.3948339483395,2791.7453874538746,2466.0,3124.321033210332,5166.383763837638,10839.662361623616,8037.680811808118,3961.476014760148,2568.8044280442805,1927.1217712177122,2429.90221402214,2706.4981549815498,2171.6549815498156,1917.2970479704798,2143.8708487084873,2506.280442804428,3231.470479704797,2080.536900369004,1779.2767527675276,1723.7546125461254,1812.1568265682656,2079.658671586716,1864.619926199262,1654.6678966789668,1743.3468634686346,1781.9040590405905,1693.9778597785978,1525.090405904059,1767.0313653136532,1617.5239852398524,1558.5442804428044,1531.1568265682656,2568.968634686347,3062.0811808118083,4425.570110701107,2424.2250922509224,1717.1439114391144,1469.3523985239851,1736.520295202952,1450.9944649446495,1595.690036900369,1752.619926199262,3372.9667896678966,3728.511070110701,2252.839483394834,2005.330258302583,3401.3819188191883,8565.095940959409,6315.439114391144,2679.5848708487083,1951.8321033210332,1623.8413284132841,1601.8118081180812,1486.2546125461254,1452.2785977859778,1471.2970479704798,1743.4317343173432,2466.968634686347,2248.9040590405903,1585.2583025830259,1568.081180811808,1611.9833948339483,1746.7324723247232,1536.760147601476,2329.6771217712176,2088.968634686347,2888.1752767527673,5418.167896678967,7339.453874538745,3304.1531365313654,2186.710332103321,1800.6678966789668,1698.108856088561,1492.1771217712178,2068.710332103321,2322.4372693726937,3604.588560885609,3448.319188191882,2118.8560885608854,1615.029520295203,1464.2490774907749,1246.8634686346863,1335.0424354243542,1199.3228782287822,1338.3450184501844,1440.6531365313654,1938.4059040590405,1333.210332103321,1241.8173431734317,1076.4169741697417,1163.7029520295202,1082.4059040590405,1188.738007380074,1117.7121771217712,1353.0553505535056,1324.6365313653137,2123.769372693727,2977.2656826568264,7994.035055350553,10465.479704797048,5510.123616236162,3178.260147601476,2064.0738007380073,1427.590405904059,1433.8173431734317,1560.6014760147602,1568.119926199262,1237.1752767527676,1377.5738007380073,1213.990774907749,1340.4852398523985,1732.8856088560885,2843.7656826568264,2490.8763837638376,2129.9188191881917,1588.2490774907749,1584.2878228782288,1309.990774907749,1354.8321033210332,1298.6273062730627,1544.2435424354244,1628.2453874538746,1727.6586715867159,1464.7638376383763,1747.7675276752768,1938.4520295202951,2170.1660516605166,2293.4538745387454,2529.566420664207,1687.5830258302583,1591.1014760147602,1341.8376383763837,1410.4575645756458,1382.6180811808117,1864.09963099631,2308.0848708487083,1845.6678966789668,1420.4760147601476,1456.59963099631,1448.5369003690037,1467.1365313653137,1203.2324723247232,1184.0461254612546,1351.5313653136532,1436.8062730627307,1334.0738007380073,1824.9280442804427,1556.3505535055351,1635.7564575645756,1814.5977859778598,1688.8929889298893,1547.8118081180812,1650.1236162361624,1553.570110701107,1856.129151291513,1645.228782287823,2275.867158671587,1762.0073800738007,1481.6660516605166,1363.4132841328412,1896.4778597785978,1259.9354243542437,1425.6531365313654,1295.0313653136532,1488.1365313653137,1545.8339483394834,1635.8025830258302,1500.6439114391144,1548.1863468634685,1299.6623616236163,1395.3321033210332,1483.2638376383763,1560.4686346863468,1270.6014760147602,1402.138376383764,1679.780442804428,1809.4944649446495,2198.0645756457566,1935.3819188191883,1698.0664206642066,1602.8653136531366,1416.0590405904059,1580.9059040590405,1444.6457564575646,1562.9741697416973,1347.6974169741698,1516.2785977859778,1761.0369003690037,1701.7822878228783,1388.3819188191883,1497.1162361623617,1391.8634686346863,1887.0719557195573,1469.0332103321034,1967.8247232472324,2120.771217712177,2370.771217712177,1728.7029520295202,1869.7084870848707,2445.963099630996,5052.055350553505,4010.4981549815498,4972.531365313653,3300.7988929889298,2725.348708487085,1949.3228782287822,1690.0848708487085,1649.2269372693727,1877.839483394834,1436.0073800738007,1454.70110701107,1305.420664206642,1464.5221402214022,1482.339483394834,2156.7453874538746,3049.8173431734317,3155.0940959409595,4785.577490774907,5735.254612546126,3153.1734317343175,2370.8929889298893,2039.9446494464944,2343.319188191882,3584.7011070110702,3287.8044280442805,1950.5332103321034,1787.2232472324724,1493.0166051660517,1596.020295202952,1717.9963099630995,1664.1254612546124,1490.5129151291512,1635.3560885608856,1567.4114391143912,2194.939114391144,2796.450184501845,4045.0848708487083,7539.140221402214,6973.824723247232,3927.728782287823,3372.1236162361624,2456.640221402214,1981.0461254612546,1750.5018450184502,2030.5627306273063,1868.3136531365315,1941.3653136531366,2862.2546125461254,5239.282287822878,3055.1457564575644,2349.667896678967,2576.5959409594097,3265.1715867158673,3060.178966789668,2468.0018450184502,3017.750922509225,5802.9169741697415,3358.3708487084873,2859.4077490774907,3629.739852398524,6910.389298892989,11739.333948339483,6704.99815498155,3591.848708487085,2799.7380073800737,2626.4261992619927,2509.9852398523985,2357.691881918819,2362.6826568265683,2942.249077490775,6768.40036900369,5614.153136531365,5941.80442804428,8117.896678966789,4731.332103321033,2997.2011070110702,2738.5940959409595,3863.1845018450185,6534.077490774907,5890.177121771218,3496.3357933579337,2441.9852398523985,2000.1070110701107,1756.9630996309963,2304.2915129151293,4185.429889298893,4619.588560885609,5026.121771217712,6990.963099630996,5290.345018450184,4221.562730627306,5253.976014760147,10285.553505535056,11594.522140221403,7741.071955719557,5797.370848708487,3555.6955719557195,2400.839483394834,2042.361623616236,1810.1955719557195,2237.691881918819,1969.918819188192,2485.3357933579337,4459.509225092251,3170.0627306273063,2132.476014760148,1989.4022140221402,1799.9538745387454,2378.0018450184502,3224.830258302583,3039.241697416974,2684.630996309963,3046.278597785978,5478.009225092251,16343.238007380074,23016.79335793358,12558.39114391144,7924.260147601476,6352.070110701107,7455.446494464944,10524.566420664207,7065.134686346863,8327.959409594096,6989.464944649447,6768.5904059040595,5147.643911439114,3760.963099630996,2659.889298892989,2363.2952029520297,2241.6549815498156,3586.850553505535,2919.8634686346863,3610.169741697417,5208.832103321033,4996.540590405904,3678.590405904059,2560.167896678967,1903.828413284133,1896.5590405904059,1803.671586715867,2105.889298892989,2037.1918819188193,2774.5387453874537,5889.474169741698,5041.088560885609,3880.5516605166054,3871.6771217712176,3118.0461254612546,5392.029520295203,5243.033210332103,3177.5922509225093,2329.688191881919,2613.1457564575644,2080.8966789667898,3539.6955719557195,9177.79704797048,7594.086715867159,4151.988929889299,2946.741697416974,2417.070110701107,2944.9907749077493,2569.7029520295205,2282.9132841328415,2075.0018450184502,3087.321033210332,2929.7324723247234,3904.258302583026,3107.337638376384,2771.6937269372693,3316.3154981549815,7284.1051660516605,13057.337638376384,10033.365313653136,11280.828413284133,6135.669741697417,3900.3966789667898,2944.1439114391146,2163.367158671587,1924.4114391143912,1748.1125461254612,1876.4981549815498,1901.1642066420663,2206.6660516605166,2284.167896678967,3230.212177121771,2518.9446494464946,2898.979704797048,3329.741697416974,2612.507380073801,2013.260147601476,1873.629151291513,1837.7730627306273,2260.9483394833946,2780.7952029520297,4701.710332103321,10607.121771217711,8668.811808118082,4644.828413284133,4408.418819188192,7066.571955719557,5040.439114391144,3121.8763837638376,2933.7952029520297,3385.2066420664205,2802.760147601476,3405.6291512915127,6650.682656826568,10023.916974169742,6479.121771217712,3615.9538745387454,2708.108856088561,2516.3653136531366,2615.212177121771,1882.29889298893,1815.9981549815498,1531.80073800738,1962.4575645756458,1492.9225092250922,1975.3154981549815,2120.9040590405903,2075.518450184502,2730.719557195572,2439.0092250922507,1986.4059040590405,2463.2380073800737,2288.309963099631,2409.4188191881917,3829.029520295203,3654.8450184501844,2340.0018450184502,2279.540590405904,2469.6365313653137,4371.468634686347,9337.59778597786,7191.025830258302,8181.452029520296,5242.584870848708,3801.1863468634688,2923.8856088560888,2082.433579335793,1938.009225092251,1976.9889298892988,2157.8025830258302,2353.710332103321,3865.5848708487083,9567.083025830258,7217.976014760147,4718.525830258302,4282.5,4304.356088560886,9248.70110701107,8642.929889298894,8762.89483394834,18926.555350553506,15849.835793357934,9122.274907749077,7139.3007380073805,4573.536900369004,3971.7435424354244,4805.8726937269375,4155.385608856089,2873.523985239852,2858.321033210332,3990.6162361623615,7958.129151291513,7509.0,4496.341328413284,3265.981549815498,3089.8339483394834,4624.760147601476,8987.671586715867,6393.8081180811805,5965.238007380074,4211.935424354244,3307.9667896678966,3101.5848708487083,5029.931734317343,10548.845018450185,12765.31365313653,13996.129151291512,9306.649446494464,5579.612546125461,4150.49446494465,3038.2970479704795,3171.1162361623615,3714.536900369004,2730.7084870848707,2412.8819188191883,2767.632841328413,2805.191881918819,2223.3062730627307,1866.3081180811807,1881.1586715867159,1514.6309963099632,1662.7767527675276,2005.581180811808,2782.0036900369005,3733.2915129151293,6902.490774907749,10975.132841328414,19785.01291512915,12142.761992619926,8646.383763837639,10000.918819188191,7572.5830258302585,8285.226937269374,12950.717712177122,7441.488929889299,4905.511070110701,3485.440959409594,2874.6125461254614,2165.59778597786,2352.5571955719556,1758.1070110701107,1911.9963099630995,2607.4538745387454,6791.49446494465,18058.297047970478,14086.819188191881,10012.920664206642,6764.828413284133,4849.428044280443,4729.463099630996,7079.186346863468,19236.0221402214,35192.928044280445,21057.274907749077,13442.278597785978,11397.750922509225,7374.813653136532,5909.435424354244,6210.553505535056,4590.370848708487,4902.905904059041,4428.632841328414,3395.5387453874537,3119.2066420664205,2552.280442804428,2976.2915129151293,3373.2158671586717,3156.656826568266,4629.009225092251,14310.60516605166,29564.0,20115.28044280443,11931.723247232472,8031.734317343174,6401.435424354244,8800.90774907749,16442.817343173432,21496.166051660515,18185.29889298893,17475.40774907749,14787.5,9942.630996309963,8426.754612546125,7733.758302583025,5116.149446494465,3335.750922509225,2669.758302583026,2357.339483394834,2028.4778597785978,2232.217712177122,2762.4040590405903,3353.1457564575644,4760.476014760147,3617.4188191881917,2653.5867158671585,2371.9077490774907,2356.2730627306273,2784.476014760148,2265.7029520295205,2662.752767527675,2872.1845018450185,2413.553505535055,1901.0276752767527,2317.2324723247234,2645.0738007380073,4320.2287822878225,5982.035055350553,4685.143911439114,3965.6236162361624,7228.913284132841,9610.158671586716,9867.928044280443,11049.19741697417,7058.8007380073805,7916.8007380073805,17555.87453874539,15012.90221402214,14809.601476014761,12112.234317343173,7441.3948339483395,5561.536900369004,4773.833948339483,3840.6531365313654,3366.260147601476,3222.1937269372693,3258.649446494465,2618.5018450184502,2785.869003690037,3297.9354243542434,4943.575645756458,9091.952029520295,18160.70848708487,20958.29889298893,14305.821033210332,8764.50184501845,8229.250922509225,11037.99815498155,9715.311808118082,6398.444649446495,5923.546125461255,4500.215867158671,3829.012915129151,3650.1051660516605,2850.832103321033,2103.5682656826566,1965.6494464944649,1738.4114391143912,1812.0664206642066,1551.9169741697417,1834.6531365313654,2867.4040590405903,6193.169741697417,17575.5036900369,18244.555350553506,11312.036900369003,7979.983394833948,6222.852398523985,6449.542435424354,5356.217712177122,4193.186346863468,3767.2011070110702,3732.9907749077493,3363.819188191882,4452.564575645756,4604.19741697417,3264.619926199262,3303.6734317343175,6512.060885608856,4366.619926199262,3064.3136531365312,2255.463099630996,2396.7324723247234,2900.0092250922507,2938.658671586716,2502.7435424354244,3018.60147601476,3638.6937269372693,3322.531365313653,5022.230627306273,14916.007380073801,13788.138376383764,9205.429889298894,10544.023985239852,9380.595940959409,6885.374538745387,8288.570110701106,6557.317343173432,4157.1845018450185,2849.1715867158673,2524.837638376384,1986.918819188192,2214.149446494465,2713.7749077490776,2744.0276752767527,2329.957564575646,2184.5276752767527,1914.6346863468634,1921.038745387454,2237.6291512915127,2944.30073800738,1926.9428044280444,1788.5645756457563,1518.3856088560885,1517.4464944649446,1650.0756457564576,1901.970479704797,1860.4575645756458,2117.247232472325,1714.3118081180812,1749.7767527675276,1747.9852398523985,2240.39852398524,2311.420664206642,2211.369003690037,2929.8819188191883,4964.809963099631,4457.7712177121775,3281.2952029520297,2365.891143911439,1979.169741697417,1709.9169741697417,1837.6476014760149,1683.6014760147602,1886.2749077490776,1780.439114391144,1775.5479704797049,2400.090405904059,3036.308118081181,5581.453874538745,5896.905904059041,4023.8763837638376,4503.175276752768,7908.992619926199,7686.212177121771,5741.566420664207,5073.49815498155,6885.461254612546,6453.547970479704,5425.50184501845,5865.837638376383,4616.564575645756,3747.0258302583024,5399.5184501845015,5680.970479704797,7616.306273062731,12157.442804428045,7986.750922509225,6308.367158671586,6803.247232472325,5332.356088560886,4409.795202952029,3273.749077490775,2327.6826568265683,2182.0092250922507,2391.241697416974,4876.09963099631,6103.915129151292,5439.476014760147,4278.710332103321,3081.80073800738,2526.4981549815498,3245.4981549815498,2872.481549815498,2875.5461254612546,2175.8837638376385,2055.2324723247234,2524.1033210332102,5674.2933579335795,5377.466789667897,4026.0092250922507,2994.066420664207,3393.9372693726937,4146.350553505535,4922.79704797048,6344.071955719557,10070.974169741698,6580.219557195572,6619.7712177121775,9152.769372693727,10762.182656826568,9771.544280442804,14320.645756457565,9181.926199261992,5889.319188191882,4565.319188191882,3554.3136531365312,2402.872693726937,1918.5479704797049,1481.3837638376383,1444.1623616236163,1321.1494464944649,1697.0535055350554,2908.8542435424356,4366.913284132841,3155.4741697416976,2938.579335793358,2969.337638376384,4239.896678966789,12719.61070110701,19754.714022140222,12318.640221402215,9481.19926199262,9227.020295202952,12815.241697416974,8641.171586715867,5915.50184501845,5912.3081180811805,4379.693726937269,3171.9151291512917,3014.361623616236,5823.110701107011,12958.079335793358,12866.387453874539,7921.5036900369005,5036.212177121771,4085.59778597786,4148.250922509225,3962.6955719557195,3433.2915129151293,5989.142066420664,8232.750922509225,12437.476014760148,11705.01660516605,25230.876383763836,30426.856088560886,19950.40959409594,15280.20848708487,22542.5036900369,18996.60516605166,13575.728782287822,9026.664206642066,6769.260147601476,5356.431734317343,4203.525830258302,2958.808118081181,2683.9944649446493,3624.0922509225093,9408.081180811809,14364.18634686347,9939.963099630997,8778.992619926199,19215.12730627306,22656.833948339485,15077.579335793358,10751.273062730626,11728.583025830258,17524.653136531364,21277.19372693727,29175.660516605167,19250.658671586716,11628.771217712178,7708.487084870849,5378.171586715867,3996.6180811808117,3715.8653136531366,4374.9022140221405,3113.060885608856,2519.518450184502,2061.939114391144,2491.2619926199263,3152.350553505535,5241.166051660517,15820.51660516605,18209.981549815497,11309.018450184501,8826.966789667897,7610.570110701107,5649.232472324723,3926.512915129151,3154.1346863468634,3278.3579335793356,9459.90221402214,16202.787822878228,10680.638376383764,10461.749077490775,11494.123616236162,8900.404059040591,15222.767527675276,14755.409594095941,9252.690036900369,5782.287822878229,4149.942804428044,3579.1642066420663,2987.880073800738,2071.018450184502,1813.9483394833949,1577.239852398524,1545.4280442804427,1541.8763837638376,1638.1549815498156,1948.608856088561,2503.837638376384,2050.4538745387454,2471.249077490775,2164.1365313653137,2118.638376383764,2305.178966789668,2406.719557195572,2329.212177121771,2066.162361623616,1701.9723247232473,1888.8653136531366,1778.9889298892988,1907.1494464944649,1695.0313653136532,1731.9354243542437,1649.5332103321034,1682.1642066420663,2437.6143911439112,4578.712177121771,4763.164206642066,5982.752767527675,11954.512915129151,8952.621771217711,6210.60147601476,5910.367158671586,6407.225092250923,4740.9963099630995,3423.933579335793,3007.258302583026,2542.7029520295205,2876.0645756457566,3686.2084870848707,7167.472324723247,13345.553505535056,9497.479704797048,6092.166051660517,5150.049815498155,7977.690036900369,11737.778597785978,15835.904059040591,15835.769372693727,15831.339483394833,9907.518450184501,6673.667896678967,5743.011070110701,4515.90036900369,3226.422509225092,2501.119926199262,2414.9261992619927,2725.4852398523985,6753.819188191882,6934.278597785978,7320.614391143911,8101.89852398524,7352.610701107011,5364.30442804428,4685.69557195572,3659.8339483394834,2888.968634686347,2515.60147601476,2525.6752767527673,2497.319188191882,4186.776752767528,11233.180811808119,10072.666051660517,7228.0977859778595,7015.586715867159,12074.370848708488,25910.529520295204,19647.544280442806,12473.479704797048,8518.623616236162,6412.492619926199,5075.625461254613,6004.845018450184,17165.566420664207,28755.542435424355,22915.797047970478,15571.527675276753,10217.39667896679,7581.273062730627,7184.880073800738,14655.649446494464,15680.634686346864,18167.90959409594,27589.9963099631,20075.723247232472,16943.749077490775,26650.69372693727,21150.12546125461,13532.420664206642,8887.341328413284,6204.352398523985,4732.920664206642,3620.9261992619927,3096.2158671586717,3564.350553505535,4539.092250922509,9850.909594095941,19996.055350553506,14219.426199261992,8967.238007380074,7163.940959409594,6140.584870848708,4661.2712177121775,3920.8634686346863,4215.118081180812,5692.726937269373,7621.5830258302585,16963.743542435423,28392.771217712176,25373.431734317342,15497.579335793358,10507.086715867159,10202.234317343173,7400.780442804428,4910.459409594096,3808.457564575646,3558.190036900369,4192.280442804428,7003.527675276753,5524.60147601476,3994.8948339483395,3085.180811808118,3461.361623616236,9782.468634686347,13253.822878228782,11355.08856088561,7870.780442804428,5494.238007380074,5386.926199261992,3914.769372693727,3106.782287822878,2677.7011070110702,2634.769372693727,3792.3044280442805,11645.828413284133,11455.426199261992,7456.221402214022,5783.108856088561,6186.092250922509,10234.378228782289,22341.450184501846,21550.67712177122,13753.739852398525,9208.018450184501,6351.830258302583,4464.289667896679,3759.4612546125463,5176.664206642066,5554.278597785978,7688.861623616236,13304.280442804427,8935.91143911439,6972.821033210332,6372.180811808118,4827.453874538745,3343.8173431734317,2976.0830258302585,2790.542435424354,2622.3154981549815,2320.3247232472327,3714.0461254612546,9078.632841328414,13636.924354243542,9685.311808118082,8273.723247232472,5396.09594095941,3882.389298892989,3026.5055350553507,2677.0442804428044,2448.6162361623615,5436.926199261992,17276.69557195572,24265.32472324723,16799.658671586716,10334.154981549815,6705.79704797048,4810.132841328414,3395.531365313653,2691.492619926199,2462.520295202952,3273.3468634686346,2938.570110701107,3337.721402214022,3839.963099630996,7805.156826568265,18413.90774907749,21695.086715867157,17646.470479704796,15278.955719557196,19934.62730627306,14169.129151291512,8642.776752767528,5962.789667896679,4527.226937269373,3763.9446494464946,3289.928044280443,3192.422509225092,4669.619926199262,4690.389298892989,3706.630996309963,5138.857933579336,11377.509225092252,8605.059040590406,5589.140221402214,5664.559040590406,7865.959409594096,6221.151291512915,7540.023985239853,13649.260147601475,9876.627306273063,6645.6273062730625,4591.736162361623,4897.10147601476,13541.60332103321,15722.383763837639,10689.10516605166,7207.511070110701,5460.470479704797,5872.693726937269,7810.841328413284,8105.110701107011,5555.012915129151,4900.813653136532,3278.518450184502,2800.169741697417,2847.872693726937,2468.5332103321034,2246.830258302583,2000.0516605166051,1639.8450184501844,1539.3265682656827,1718.1771217712178,2215.3634686346863,1805.8265682656827,1738.5774907749078,1470.0940959409595,2003.5110701107012,4028.391143911439,4567.9815498154985,4187.4815498154985,6125.463099630996,5343.319188191882,6377.761992619926,11987.706642066421,8840.119926199262,5865.677121771218,4852.614391143911,10262.413284132841,12085.140221402215,7301.269372693727,4838.437269372694,3738.4963099630995,4603.079335793358,4713.8154981549815,3826.4963099630995,5106.618081180812,13752.883763837639,10935.50184501845,7579.905904059041,7142.381918819188,14359.758302583026,11475.601476014761,7311.182656826568,4850.832103321033,4411.306273062731,3681.0738007380073,3463.7380073800737,2414.7675276752766,2040.3948339483395,2766.511070110701,3132.1863468634688,2375.481549815498,2343.452029520295,1958.891143911439,1742.0424354243542,1378.3044280442805,1414.0369003690037,1384.6309963099632,2265.869003690037,2450.481549815498,2481.409594095941,2949.2952029520297,2664.946494464945,2195.167896678967,2174.210332103321,2400.1476014760146,2513.258302583026,1767.739852398524,1988.2970479704798,2719.80073800738,3663.830258302583,4691.850553505535,5430.459409594096,4540.765682656826,4929.450184501845,4102.619926199262,4831.047970479704,3517.0553505535054,3798.4003690036902,3763.559040590406,3025.2029520295205,2400.747232472325,2188.457564575646,2248.060885608856,3601.4132841328415,8876.326568265682,8983.70110701107,5875.396678966789,4054.536900369004,2912.6955719557195,2286.4852398523985,1807.6863468634685,1810.1568265682656,1750.8856088560885,2059.540590405904,1871.20110701107,2420.429889298893,2453.2675276752766,2391.452029520295,2089.712177121771,2165.710332103321,3621.662361623616,6079.7933579335795,6283.523985239853,6245.116236162362,5437.6845018450185,8261.964944649446,19352.40036900369,14691.809963099631,9715.012915129151,7339.542435424354,5870.282287822878,3876.7749077490776,2694.739852398524,2308.60147601476,2101.060885608856,1906.4741697416973,1553.3505535055351,1655.629151291513,1946.5756457564576,2706.8450184501844,3522.976014760148,4451.0184501845015,3007.59778597786,2294.4833948339483,1748.979704797048,1608.8339483394834,1364.0018450184502,2037.8247232472324,2279.19926199262,2035.560885608856,1676.1586715867159,2881.939114391144,2857.0147601476015,2357.071955719557,2190.5553505535054,2477.946494464945,2090.6070110701107,1726.8819188191883,1389.7232472324724,1374.9409594095941,1209.6845018450185,1521.7822878228783,1588.280442804428,1611.3763837638376,1403.889298892989,1373.8357933579337,1208.7730627306273,1298.4944649446495,1213.5738007380073,1537.660516605166,1297.9114391143912,1537.518450184502,1843.260147601476,2186.130996309963,4592.10701107011,7040.0977859778595,5987.553505535056,4004.7619926199263,2640.8154981549815,2284.012915129151,1987.1974169741698,1931.2933579335793,1790.529520295203,1712.9040590405905,1455.6162361623617,1582.1826568265683,1880.7564575645756,4125.407749077491,15060.440959409594,13269.734317343173,8484.490774907748,6377.570110701107,4905.704797047971,3371.239852398524,2319.5147601476015,2431.060885608856,3739.071955719557,2944.258302583026,2175.8763837638376,1886.6955719557195,1554.1014760147602,1456.9428044280444,1347.1512915129151,1980.6586715867159,3565.2730627306273,3454.031365313653,2341.2269372693727,2039.9446494464944,2270.3136531365312,2819.6439114391146,2318.6752767527673,2202.2435424354244,1686.6180811808117,1647.0369003690037,1345.2693726937268,1429.789667896679,1757.169741697417,3968.422509225092,3100.249077490775,2284.5221402214024,1742.6420664206642,1866.9335793357934,2399.9907749077493,2175.0221402214024,1650.9132841328412,1582.3357933579337,1217.9538745387454,1196.581180811808,1237.7453874538746,1323.9667896678966,1536.4114391143912,2573.608856088561,6979.833948339483,8027.653136531365,5319.878228782288,4553.889298892989,6121.690036900369,6456.725092250923,4472.19557195572,5494.10147601476,3943.946494464945,3065.7066420664205,2156.4741697416976,1804.5922509225093,1428.1328413284132,1440.0922509225093,1205.429889298893,1365.8653136531366,1272.2749077490776,1617.0885608856088,2047.5756457564576,2688.0055350553507,2076.372693726937,1798.420664206642,1633.8856088560885,2402.492619926199,3259.9077490774907,5247.011070110701,19569.51291512915,36487.12361623616,23233.317343173432,13548.322878228782,8474.284132841329,5593.470479704797,3496.4907749077493,2456.228782287823,1721.2306273062732,1623.2822878228783,1448.4538745387454,1575.4778597785978,1690.6660516605166,1820.640221402214,1648.108856088561,1681.210332103321,1951.590405904059,2558.760147601476,2141.3523985239854,1988.0239852398524,1610.2361623616237,1728.5498154981549,1887.9501845018451,2124.987084870849,1864.180811808118,1923.6918819188193,1626.4778597785978,1682.9833948339483,1705.2084870848707,2857.940959409594,4955.343173431735,15244.071955719557,30239.92988929889,19197.58302583026,10922.383763837639,7276.167896678967,4686.3948339483395,3867.1457564575644,4492.260147601476,4974.677121771218,4412.060885608856,3157.1715867158673,2291.5387453874537,2380.212177121771,3380.070110701107,8716.581180811809,27397.0221402214,20277.47970479705,11174.859778597785,7475.584870848708,5317.531365313653,4262.333948339483,3029.3819188191883,2586.0442804428044,3511.343173431734,4466.487084870849,2948.459409594096,2539.389298892989,2308.5830258302585,2200.042435424354,2363.730627306273,2441.0166051660517,1926.0516605166051,1716.4354243542437,1498.3745387453876,1486.5166051660517,1647.3413284132841,2025.6586715867159,2767.7435424354244,4040.6162361623615,3834.6439114391146,2815.0055350553507,2122.121771217712,1910.2490774907749,1457.2583025830259,1393.1881918819188,1269.1752767527676,1380.828413284133,1208.0645756457563,1262.7324723247232,1238.8154981549815,1302.0627306273063,1291.5664206642066,1420.5774907749078,1106.4077490774907,1166.5424354243542,1071.771217712177,1298.4944649446495,1539.7730627306273,2008.09963099631,1589.5590405904059,1521.3081180811807,1882.1586715867159,2045.3210332103322,1528.409594095941,1382.789667896679,1393.481549815498,1601.4169741697417,1697.520295202952,1569.529520295203,1213.6660516605166,1233.180811808118,1195.8357933579337,1579.3154981549815,1384.738007380074,1304.0166051660517,1216.8357933579337,1488.5110701107012,1972.7472324723246,3587.2011070110702,2428.156826568266,1964.7527675276754,1964.0166051660517,2990.6937269372693,2048.8523985239854,1650.7214022140222,1335.4778597785978,1344.929889298893,1440.1974169741698,1685.7564575645756,1445.6014760147602,2078.553505535055,1802.8431734317344,1522.7822878228783,1241.169741697417,1234.7453874538746,1188.0221402214022,1724.2177121771217,5700.992619926199,6236.341328413284,3809.889298892989,3091.2435424354244,2289.077490774908,1800.2158671586717,1928.6642066420663,2073.7546125461254,1656.8450184501844,1613.3690036900368,1439.9317343173432,1342.8745387453876,1257.8671586715868,1882.6328413284132,2055.3837638376385,1794.6365313653137,2585.3745387453873,2865.4428044280444,1841.5350553505534,1619.20110701107,1265.8339483394834,1275.8634686346863,1349.0516605166051,2766.138376383764,13160.819188191881,12926.564575645756,7959.743542435424,5268.378228782288,4536.461254612546,6159.939114391144,3778.6955719557195,2429.007380073801,2087.372693726937,2981.6420664206644,2316.859778597786,1728.3579335793358,1298.9926199261993,1268.9132841328412,1176.9852398523985,1251.9778597785978,1144.2269372693727,1249.660516605166,1444.6014760147602,2105.0442804428044,7766.673431734317,20877.426199261994,15580.645756457565,8231.173431734318,4784.619926199262,3039.979704797048,1923.9778597785978,1951.3357933579337,2516.0442804428044,2059.6974169741698,1744.1162361623617,2212.10147601476,1914.3431734317344,1717.9963099630995,1381.509225092251,1536.4261992619927,1659.0,1661.0332103321034,2050.0036900369005,4572.782287822878,7221.070110701107,6338.230627306273,4023.621771217712,3146.9059040590405,4692.487084870849,4147.407749077491,3907.271217712177,3498.2638376383766,2998.350553505535,2306.9188191881917,1732.1125461254612,1535.19926199262,1324.669741697417,1299.20110701107,1081.1254612546124,1111.4889298892988,1070.2232472324724,1154.4667896678966,1055.0590405904059,1237.328413284133,1056.0867158671588,1124.560885608856,964.1365313653137,1107.429889298893,1149.4889298892988,1372.418819188192,1240.610701107011,1276.5055350553505,1282.0147601476015,2094.909594095941,2184.1715867158673,2774.359778597786,2805.1033210332102,2529.929889298893,2184.909594095941,1865.4059040590405,1841.7564575645756,2834.8228782287824,4074.7269372693727,3684.6365313653137,2932.319188191882,2540.8062730627307,1997.3505535055351,1737.9114391143912,1447.2177121771217,1384.4354243542437,1257.9354243542437,1618.0830258302583,4516.638376383764,7831.614391143911,5131.086715867159,3425.678966789668,2188.9538745387454,1948.7029520295202,3171.156826568266,3012.1346863468634,2187.39852398524,2962.5682656826566,8692.645756457565,12064.363468634687,11061.143911439114,6287.736162361623,3667.850553505535,2584.2933579335795,1902.1346863468634,2686.278597785978,6795.149446494465,5303.90036900369,2933.5332103321034,2012.3966789667898,1465.6863468634685,1359.660516605166,1645.1660516605166,3305.859778597786,3311.760147601476,3137.036900369004,2262.30073800738,2631.088560885609,8056.012915129151,13110.854243542435,14668.385608856088,8082.89852398524,4381.239852398524,3515.2343173431736,5546.859778597786,16386.352398523984,10801.118081180812,5472.686346863468,4213.232472324723,3582.739852398524,2079.9151291512917,1745.8856088560885,1352.1328413284132,1471.9944649446495,1695.4225092250922,1552.110701107011,1417.9667896678966,1715.4317343173432,1571.6143911439115,2167.309963099631,4443.618081180812,3386.287822878229,1874.780442804428,1512.5571955719556,1169.6070110701107,1307.439114391144,1647.4114391143912,1446.9575645756458,1141.9132841328412,1404.9594095940959,2009.7841328413283,2225.1236162361624,1912.5424354243542,2860.5276752767527,2188.6365313653137,2186.6143911439112,5068.356088560886,4474.811808118081,2787.5627306273063,2017.7214022140222,1624.669741697417,3702.2915129151293,3688.30073800738,2420.821033210332,2401.5147601476015,3635.3819188191883,3053.6476014760146,3694.821033210332,3507.8247232472327,3339.040590405904,6338.171586715867,11495.190036900369,7345.845018450184,4044.6937269372693,2371.9483394833946,1902.5,1390.3210332103322,1333.1346863468634,1179.0940959409595,1289.7250922509224,1498.9594095940959,3510.678966789668,7567.374538745387,5339.160516605166,3042.837638376384,4146.324723247232,12174.61070110701,10096.645756457565,4936.8081180811805,3191.3837638376385,2922.088560885609,4343.119926199262,4334.284132841329,3605.6531365313654,2476.1734317343175,1821.359778597786,1262.090405904059,1122.5664206642066,1107.4501845018451,1276.761992619926,1117.3837638376383,1094.2232472324724,1282.570110701107,2087.8468634686346,1923.771217712177,1753.1494464944649,2236.9077490774907,4455.466789667897,3791.011070110701,2635.2066420664205,1980.2841328413283,5536.267527675277,14248.140221402215,20481.97970479705,12388.033210332103,5477.642066420664,2626.5258302583024,1747.7361623616237,1273.7029520295202,1739.610701107011,1633.3044280442805,1406.5461254612546,1155.4557195571956,1190.9059040590405,1069.0553505535056,1159.6734317343173,1131.009225092251,1429.590405904059,1601.8321033210332,2974.1715867158673,13896.817343173432,23603.140221402213,12896.156826568265,5577.474169741698,2902.970479704797,1899.9464944649446,1375.1309963099632,1426.3874538745388,1342.8450184501844,1319.418819188192,1210.5553505535056,1222.1955719557195,1304.7121771217712,1585.9354243542437,1821.8523985239851,1787.0332103321034,1494.4428044280444,1575.2656826568266,1697.9372693726937,4335.431734317343,16007.845018450185,30428.354243542435,22758.09040590406,9782.359778597785,4340.250922509225,2563.450184501845,1909.6494464944649,1997.1180811808117,1488.261992619926,1328.8081180811807,1259.481549815498,1392.3579335793358,1210.9870848708488,1263.819188191882,1034.891143911439,1058.4317343173432,1191.5645756457563,1211.6236162361624,1131.0940959409595,1535.5682656826568,4381.014760147602,6770.60147601476,3750.361623616236,2008.638376383764,1320.0461254612546,1278.2490774907749,1491.9889298892988,1518.9723247232473,1206.7509225092251,1289.6826568265683,1146.7970479704798,1316.6826568265683,1236.9870848708488,1385.4870848708488,1479.7140221402215,1606.6439114391144,1370.8173431734317,1430.1974169741698,1275.1365313653137,1322.0867158671588,1325.8173431734317,3487.638376383764,8666.453874538745,7698.477859778598,3391.1291512915127,1903.8450184501844,1274.5405904059041,1140.3413284132841,1198.560885608856,1712.3948339483395,2435.2066420664205,7132.0036900369005,9657.721402214022,5623.289667896679,2713.230627306273,1778.9225092250922,1333.0350553505534,1408.2915129151293,1199.79889298893,1190.5498154981549,1079.0166051660517,1245.4944649446495,1387.2472324723246,1787.2509225092251,1643.2749077490776,1969.3468634686346,5285.564575645756,18419.586715867157,23115.28782287823,12475.758302583026,5846.092250922509,3422.928044280443,1938.30073800738,1481.328413284133,1053.5,1142.3228782287822,981.3892988929889,1041.4889298892988,1010.2952029520295,1368.6328413284132,3358.809963099631,5061.153136531365,3244.0276752767527,1815.8173431734317,1259.0479704797049,1167.69926199262,1017.769372693727,1089.7416974169741,953.9372693726938,1077.429889298893,931.5018450184502,1119.4778597785978,1064.870848708487,1132.9243542435424,1138.2029520295202,1145.8154981549815,1013.8892988929889,1316.3690036900368,1846.4261992619927,7091.542435424354,18675.79889298893,23759.18450184502,12907.383763837639,5839.40405904059,2946.210332103321,1925.0073800738007,1237.160516605166,1201.0664206642066,1032.738007380074,1117.6937269372693,929.009225092251,1031.3726937269373,1080.8487084870849,1114.3487084870849,1011.5959409594096,1074.0719557195573,973.5258302583026,1083.7416974169741,965.2047970479705,1113.6125461254612,1717.8431734317344,2925.0147601476015,3307.440959409594,2207.6549815498156,1344.7269372693727,1176.859778597786,987.490774907749,1090.5239852398524,952.630996309963,1062.0258302583027,973.9372693726938,1042.370848708487,1043.7214022140222,1204.110701107011,1178.070110701107,1208.9077490774907,1058.3560885608856,1162.8468634686346,1031.690036900369,1190.3856088560885,1117.5977859778598,1159.160516605166,968.570110701107,1055.1974169741698,1110.4630996309963,1052.1033210332102,1015.1918819188191,1154.9833948339483,1233.3044280442805,1926.929889298893,2417.4723247232473,2975.867158671587,1990.4132841328412,1394.4040590405905,1034.0239852398524,1047.0479704797049,972.0129151291513,1063.5221402214022,899.4483394833949,1044.8690036900368,1051.1771217712178,1323.9409594095941,1285.3523985239851,1197.6845018450185,1038.3690036900368,1101.610701107011,1034.5940959409595,1109.6623616236163,963.5369003690037,1104.538745387454,978.9243542435424,1117.4723247232473,1027.710332103321,1071.7693726937268,941.2472324723248,1081.1752767527676,1192.0756457564576,1480.0774907749078,1476.6014760147602,1738.2509225092251,1462.5332103321034,1732.9852398523985,1915.7177121771217,2133.5627306273063,1523.280442804428,1250.7509225092251,1039.3468634686346,1118.6309963099632,1118.0756457564576,1283.3560885608856,1194.6014760147602,1313.5977859778598,1616.180811808118,2244.023985239852,2686.049815498155,2601.619926199262,1635.018450184502,1273.5645756457563,1104.2214022140222,1137.2583025830259,1032.4630996309963,1198.4409594095941,1128.0055350553505,1397.8044280442805,1517.7730627306273,2680.6051660516605,7997.575645756458,16897.41697416974,24006.931734317342,25987.464944649448,14400.80073800738,6152.5,2744.7158671586717,1896.7140221402215,1448.2490774907749,1552.640221402214,1736.3265682656827,2065.889298892989,1984.119926199262,1774.0571955719556,1390.9335793357934,1433.660516605166,1382.1051660516605,1442.7250922509224,1250.4040590405905,1213.3339483394834,1020.0221402214022,1126.2453874538746,926.6605166051661,1146.9501845018451,989.3339483394834,1098.3579335793358,966.5018450184502,1001.3985239852399,877.3911439114391,963.2785977859778,945.789667896679,1057.370848708487,917.1180811808118,1059.060885608856,1346.1439114391144,1504.228782287823,1451.8634686346863,1597.861623616236,1482.579335793358,2991.031365313653,7702.680811808118,12207.095940959409,16186.274907749077,16843.361623616238,9537.304428044281,4107.961254612546,2205.7453874538746,1966.6974169741698,1901.880073800738
579.6441947565543,502.9569288389513,529.3014981273408,464.9531835205992,590.7883895131087,431.8370786516854,540.1685393258427,525.8071161048689,557.8089887640449,526.9307116104869,581.5486891385768,507.86704119850185,616.1816479400749,476.80337078651684,594.1367041198502,614.9756554307116,653.2734082397004,614.3595505617977,592.7902621722847,567.87265917603,606.5131086142322,568.0730337078652,677.441947565543,600.0430711610487,694.8876404494382,676.5224719101124,649.3258426966293,591.5093632958801,642.3501872659176,581.2471910112359,691.7734082397004,609.3689138576779,706.2958801498128,636.0692883895131,708.6591760299625,610.9325842696629,730.8052434456929,591.6479400749064,710.1367041198502,598.1554307116105,709.1516853932584,642.0074906367041,627.0674157303371,716.1217228464419,667.9101123595506,534.185393258427,648.3464419475655,726.2827715355805,750.5936329588015,629.7602996254682,721.3258426966293,691.6329588014981,715.0880149812734,689.5992509363296,744.7977528089888,598.2059925093633,724.9456928838952,652.4044943820224,689.9606741573034,633.1460674157304,700.1441947565543,641.5187265917604,687.6760299625469,625.2902621722847,739.3651685393259,654.4456928838952,727.5430711610487,669.7022471910112,621.5205992509364,729.62734082397,678.9850187265918,669.6310861423221,727.0992509363296,643.0805243445693,713.8932584269663,677.4868913857678,742.2022471910112,678.9044943820224,693.0692883895131,821.1797752808989,772.6722846441947,674.0205992509364,731.6011235955057,717.7340823970037,742.3014981273408,694.7378277153558,780.9625468164794,650.5898876404494,708.7172284644195,712.0674157303371,746.8913857677902,660.4700374531835,778.1329588014981,760.0805243445693,724.1985018726592,748.6198501872659,751.9737827715355,725.7696629213483,790.7584269662922,702.2996254681648,790.061797752809,716.8951310861423,749.0262172284645,704.0149812734082,681.1104868913858,694.1329588014981,810.2172284644195,668.5299625468165,766.3595505617977,700.7265917602996,645.8445692883895,838.9176029962547,831.6647940074906,745.2509363295881,775.7134831460675,735.4325842696629,842.9044943820224,716.87265917603,798.5786516853933,770.4550561797753,770.8501872659176,777.3970037453183,823.0187265917604,738.3838951310861,797.1460674157304,705.3314606741573,769.316479400749,721.7359550561798,843.6067415730337,796.6966292134831,817.5898876404494,761.561797752809,840.9962546816479,738.4606741573034,755.1554307116105,740.4063670411985,818.6647940074906,778.7228464419476,821.7359550561798,668.2602996254682,773.5842696629213,691.4906367041199,677.2397003745318,824.3089887640449,859.4026217228464,758.2640449438202,779.6554307116105,775.3277153558053,786.4119850187266,800.9269662921348,786.3913857677902,729.6310861423221,769.7790262172284,746.1685393258427,848.0786516853933,802.1104868913858,787.3501872659176,782.7771535580524,767.6685393258427,689.189138576779,831.87265917603,799.8014981273408,767.2546816479401,780.2228464419476,834.2977528089888,774.9494382022472,798.8033707865169,795.3314606741573,849.0543071161048,718.6142322097378,867.2977528089888,800.0131086142322,844.2846441947565,772.1816479400749,741.4962546816479,868.8670411985019,889.4250936329588,776.3951310861423,852.2303370786517,760.2752808988764,895.2022471910112,790.7453183520599,800.5749063670412,801.058052434457,770.998127340824,755.3464419475655,835.5898876404494,813.7209737827716,795.6516853932584,822.1460674157304,824.87265917603,808.2228464419476,843.812734082397,777.0037453183521,858.5430711610487,768.059925093633,861.2134831460675,819.7921348314607,827.4681647940075,885.1498127340824,806.6367041198502,834.1048689138577,873.9157303370787,824.810861423221,852.3970037453183,774.0543071161048,735.6310861423221,911.8539325842696,817.6741573033707,833.3670411985019,873.7434456928839,804.7734082397004,862.4625468164794,796.7621722846442,856.558052434457,814.2209737827716,863.2752808988764,783.1573033707865,822.3033707865169,794.9569288389513,845.0187265917604,842.6966292134831,879.5299625468165,812.370786516854,876.0655430711611,864.3689138576779,831.9812734082396,786.4943820224719,818.5955056179776,867.5692883895131,876.4925093632959,843.2602996254682,867.4026217228464,876.4288389513108,866.2602996254682,873.310861423221,806.2977528089888,781.6947565543071,784.3033707865169,916.0187265917604,870.1086142322098,829.3445692883895,792.4531835205993,816.8576779026217,826.5543071161048,809.3520599250936,849.4962546816479,756.0411985018727,813.0374531835206,838.2228464419476,787.3876404494382,831.2471910112359,771.6460674157304,774.3689138576779,841.0318352059925,796.9101123595506,798.7041198501872,807.6985018726592,841.374531835206,834.7640449438202,834.374531835206,857.8782771535581,871.5449438202247,767.2958801498128,891.1310861423221,809.6629213483146,843.6928838951311,883.8801498127341,837.4475655430712,813.9625468164794,884.0112359550562,951.1685393258427,899.0056179775281,814.183520599251,946.1498127340824,858.1647940074906,866.2752808988764,866.5861423220974,852.7097378277153,845.1685393258427,880.9737827715355,779.4794007490636,815.3089887640449,849.7397003745318,846.9119850187266,882.5131086142322,859.2940074906367,877.9007490636704,856.6142322097378,781.5093632958801,880.058052434457,808.9625468164794,838.4007490636704,843.4775280898876,873.4550561797753,845.8426966292135,886.501872659176,799.5486891385768,864.0205992509364,818.6385767790263,862.5973782771536,815.376404494382,787.3314606741573,974.3501872659176,896.8632958801498,891.1441947565543,833.870786516854,811.9794007490636,865.6217228464419,839.9213483146067,855.9550561797753,886.9344569288389,829.2172284644195,835.1573033707865,893.3970037453183,830.5543071161048,911.0543071161048,817.1797752808989,847.3314606741573,868.438202247191,900.6011235955057,859.129213483146,900.6029962546817,900.9925093632959,892.7265917602996,847.5505617977528,881.0636704119851,891.7902621722847,839.8651685393259,917.2996254681648,916.8632958801498,857.2003745318352,902.312734082397,813.1629213483146,780.3258426966293,1018.8389513108614,1043.0318352059926,927.5355805243446,917.1554307116105,910.9288389513108,950.6573033707865,847.8932584269663,921.1554307116105,840.8838951310861,883.1011235955057,939.5674157303371,824.7996254681648,919.7902621722847,978.123595505618,920.7715355805243,963.4531835205993,910.310861423221,916.3651685393259,900.9344569288389,941.7509363295881,943.4456928838952,932.1479400749064,893.0355805243446,901.4606741573034,893.9138576779026,875.9794007490636,880.4775280898876,929.5486891385768,927.8089887640449,931.998127340824,852.185393258427,826.2490636704119,962.9363295880149,963.125468164794,924.9101123595506,951.5037453183521,1008.6985018726592,1102.4456928838952,1030.749063670412,962.8932584269663,917.0730337078652,918.4250936329588,924.9232209737828,972.501872659176,918.7977528089888,934.4044943820224,973.8932584269663,981.3483146067416,968.0131086142322,986.2265917602996,911.9831460674158,1003.2734082397004,930.5093632958801,985.4662921348314,961.2078651685393,1034.5056179775281,1006.874531835206,949.0730337078652,930.9475655430712,963.6479400749064,911.556179775281,959.4157303370787,924.0056179775281,853.8445692883895,1061.5992509363296,950.5524344569288,966.1741573033707,997.687265917603,944.6086142322098,1026.681647940075,963.6760299625469,975.7940074906367,1041.6011235955057,1022.9794007490636,950.6123595505618,1004.87265917603,938.4250936329588,948.8464419475655,1002.8951310861423,1068.1835205992509,1037.2958801498128,1073.0280898876404,1006.2659176029963,1025.4644194756554,985.5449438202247,989.0187265917604,1043.947565543071,996.558052434457,1006.1685393258427,1072.7284644194756,1051.9625468164793,1054.9419475655432,1023.0411985018727,1058.3614232209738,923.7134831460675,975.2996254681648,1198.5898876404494,1031.387640449438,1117.4194756554307,1088.3464419475656,1074.059925093633,1194.5786516853932,1207.4044943820224,1241.0880149812733,1066.2434456928838,1067.9063670411986,1005.8277153558053,991.4269662921348,1032.9250936329588,1056.3614232209738,1011.9887640449438,1063.5786516853932,1011.943820224719,1069.7659176029963,1057.3314606741574,1053.7097378277153,1014.0786516853933,1087.119850187266,1007.4906367041199,1065.2059925093633,1107.2921348314608,1080.4007490636704,1023.0243445692884,962.7172284644195,972.2078651685393,1010.4363295880149,948.0543071161048,962.4456928838952,1088.121722846442,1108.307116104869,982.3370786516854,1019.129213483146,1054.1573033707866,1201.7284644194756,1156.7209737827716,1143.3951310861423,976.3071161048689,1029.5823970037454,1024.6685393258426,1061.9082397003745,1170.0842696629213,1185.310861423221,1143.808988764045,1007.1423220973783,990.5749063670412,1011.4700374531835,1028.7958801498128,1130.4794007490636,1099.8164794007491,1085.758426966292,1040.692883895131,1063.818352059925,1075.116104868914,1260.6629213483145,1234.4831460674156,1289.125468164794,1132.8389513108614,1099.2677902621722,992.9007490636704,984.2921348314607,1119.996254681648,1066.1104868913858,987.5992509363296,1104.0842696629213,1131.6498127340824,1117.1591760299625,1136.3651685393259,1097.5973782771537,1046.7734082397003,1107.938202247191,1160.4775280898875,1263.6779026217228,1067.565543071161,1115.4550561797753,1112.8632958801497,1176.6704119850187,1182.5224719101125,1162.8220973782772,1109.7790262172284,1353.1404494382023,1235.4157303370787,1132.565543071161,1109.1666666666667,1133.7041198501872,1122.3520599250937,1174.6722846441949,1117.7865168539327,1108.6423220973784,1057.2846441947565,1156.307116104869,1072.0074906367042,987.5168539325842,1217.3033707865168,1147.8820224719102,1119.0018726591761,1123.3520599250937,1143.3202247191011,1233.6629213483145,1084.5093632958801,1163.2846441947565,1190.367041198502,1090.6067415730338,1131.9569288389514,1109.9588014981273,988.1423220973783,1146.6179775280898,1068.7640449438202,1078.6441947565543,1000.9026217228464,1123.8033707865168,1082.1029962546816,1066.1348314606741,1068.5823970037454,1040.318352059925,996.8202247191011,1102.7996254681648,1062.7696629213483,1091.5318352059926,1093.0486891385767,1154.4513108614233,1030.8239700374531,1119.552434456929,1045.7640449438202,1093.4719101123596,1102.4625468164793,1189.7827715355804,1164.25468164794,1120.2827715355804,1181.1310861423221,1266.996254681648,1144.7191011235955,1205.7846441947565,1157.7134831460673,1281.2883895131085,1174.052434456929,1224.9194756554307,1198.741573033708,1067.367041198502,1112.7322097378278,1210.2734082397003,1161.305243445693,1188.8913857677903,1044.8913857677903,1078.387640449438,1059.4662921348315,1260.1310861423221,1297.8426966292134,1245.3445692883895,1119.6779026217228,1048.191011235955,1006.689138576779,1214.3333333333333,1171.4550561797753,1368.2116104868915,1177.3501872659176,1113.2322097378278,1283.0880149812733,1435.7265917602997,1287.7116104868915,1162.191011235955,1060.1647940074906,1145.1722846441949,1126.1179775280898,1155.7134831460673,1164.4194756554307,1176.1011235955057,1107.132958801498,1093.8239700374531,1056.0543071161048,1177.8333333333333,1168.367041198502,1273.7790262172284,1069.2322097378278,1187.6479400749063,1057.5,1174.9831460674156,1127.1179775280898,1368.7172284644196,1059.2808988764045,1045.807116104869,1005.4044943820224,1141.121722846442,1162.7041198501872,1280.6741573033707,1045.3314606741574,1047.934456928839,949.2134831460675,1116.2640449438202,1310.805243445693,1288.7977528089887,1110.2153558052435,1180.0,1179.430711610487,1301.189138576779,1173.7696629213483,1166.258426966292,1130.4925093632958,1144.2865168539327,1212.2715355805244,1278.9026217228463,1100.5674157303372,1062.801498127341,1191.241573033708,1440.436329588015,1529.4513108614233,1649.9887640449438,1289.4719101123596,1244.8595505617977,1163.0,1179.4456928838952,1115.436329588015,1186.059925093633,1204.6067415730338,1377.5243445692884,1072.0112359550562,1082.430711610487,974.5898876404494,1027.7340823970037,973.8951310861423,1028.2209737827716,1098.2003745318352,1262.4625468164793,1224.430711610487,1178.0280898876404,1210.552434456929,1333.4531835205992,1233.1479400749063,1365.24531835206,1356.380149812734,1399.1610486891386,1150.2621722846443,1119.2771535580525,1154.7565543071162,1215.9662921348315,1161.4794007490636,1192.9719101123596,1117.74531835206,1252.9176029962546,1398.1142322097378,1587.4906367041199,1247.8202247191011,1295.7921348314608,1090.0355805243446,1075.5337078651685,998.1685393258427,1142.1610486891386,1110.9250936329588,1352.2846441947565,1356.4531835205992,1521.5842696629213,1559.3239700374531,1198.9531835205992,1211.0992509363296,1266.5898876404494,1202.187265917603,1516.5318352059926,1735.9325842696628,1640.9906367041199,1805.3408239700375,1517.9925093632958,1106.808988764045,1200.5992509363296,1079.5093632958801,1191.0486891385767,1211.2228464419475,1572.6348314606741,1898.1966292134832,1585.241573033708,1422.6048689138577,1599.5168539325844,1469.9850187265918,1508.2808988764045,1402.2228464419475,1763.8445692883895,2564.4101123595506,3138.9775280898875,2466.492509363296,2029.4101123595506,1710.6647940074906,1564.9756554307116,1648.7827715355804,2346.205992509363,2622.455056179775,1573.5093632958801,1390.4494382022472,1337.3483146067415,1331.8408239700375,1343.6460674157304,1168.7659176029963,1314.434456928839,1218.1310861423221,1572.1441947565543,1702.2191011235955,1443.3352059925094,1154.3614232209738,1248.7284644194756,1188.6385767790262,1487.8258426966293,1904.5355805243446,2385.307116104869,2578.571161048689,2177.992509363296,1458.758426966292,1733.7958801498128,1415.5842696629213,1396.1423220973784,1546.4157303370787,1974.0318352059926,1711.698501872659,1362.2003745318352,1472.9981273408239,1421.2940074906367,1415.8558052434457,1893.808988764045,1601.8033707865168,1424.073033707865,1601.7340823970037,1509.5205992509364,1215.6666666666667,1350.3258426966293,1559.0880149812733,2166.698501872659,1771.3483146067415,1841.1685393258426,1572.7172284644196,1377.1310861423221,1266.7003745318352,1320.4101123595506,1409.8895131086142,1751.9569288389514,1903.870786516854,1837.552434456929,2387.913857677903,3077.14606741573,3731.558052434457,2943.698501872659,2392.0749063670414,1907.9288389513108,1729.7715355805244,1496.2340823970037,1214.9007490636704,1357.7677902621722,1503.8445692883895,1928.5898876404494,2380.932584269663,1734.7172284644196,1341.6741573033707,1314.3595505617977,1469.1273408239701,1518.116104868914,1172.3689138576779,1417.8033707865168,1496.0337078651685,2036.6704119850187,2865.0730337078653,3473.0955056179773,1768.5786516853932,1442.7059925093633,1352.6779026217228,1782.7116104868915,2274.2041198501875,2153.3651685393256,1490.9044943820224,1447.3895131086142,1386.052434456929,1659.8426966292134,1518.9138576779026,1841.4868913857679,2518.6573033707864,3437.887640449438,2173.3913857677903,2196.063670411985,2423.37265917603,1706.9157303370787,1376.7303370786517,1475.2041198501872,1697.307116104869,2523.7359550561796,3159.9194756554307,2387.928838951311,1712.0992509363296,1813.874531835206,2243.2808988764045,1575.0805243445693,1232.930711610487,1401.870786516854,1304.9644194756554,1362.6835205992509,1280.4981273408239,1531.4494382022472,1252.747191011236,1403.940074906367,1254.1554307116105,1250.694756554307,1160.7247191011236,1277.3520599250937,1317.9775280898875,1701.4531835205992,1632.698501872659,1864.7322097378278,1375.8614232209738,1398.5543071161048,1210.4007490636704,1314.8164794007491,1404.9213483146068,1622.6741573033707,1629.3295880149813,1760.1741573033707,1678.5992509363296,1702.25468164794,1500.4325842696628,1613.1067415730338,1818.4831460674156,1669.8239700374531,1605.694756554307,2085.430711610487,1877.0131086142321,1655.0430711610486,1498.7059925093633,1497.8033707865168,1462.5374531835207,1804.878277153558,2298.2022471910113,2565.3651685393256,1770.7808988764045,1392.8501872659176,1468.1722846441949,2016.8539325842696,1633.310861423221,1848.3164794007491,1995.0374531835207,1972.6779026217228,1871.191011235955,1785.1591760299625,1604.9812734082398,1723.934456928839,1348.7902621722847,1438.056179775281,1396.5861423220974,1522.3295880149813,1407.3726591760299,1512.6367041198503,1383.4194756554307,1531.6142322097378,1779.2378277153557,1685.7677902621722,1456.5842696629213,1570.7340823970037,1500.7734082397003,1621.3951310861423,1815.880149812734,1901.3501872659176,1830.6554307116105,1826.9250936329588,1681.5936329588014,1960.2340823970037,2269.794007490637,2691.1591760299625,2708.0393258426966,2279.483146067416,1887.5018726591761,2189.2209737827716,2232.6423220973784,2068.1404494382023,1988.2996254681648,2037.301498127341,1868.1029962546816,1893.808988764045,1795.059925093633,1748.249063670412,1793.5299625468165,1898.7022471910113,1808.314606741573,2926.2734082397005,3000.5224719101125,2001.8389513108614,1840.4119850187267,2177.3651685393256,1611.374531835206,1887.5430711610486,1754.7865168539327,1674.430711610487,1821.0280898876404,2233.6947565543073,2820.2228464419477,3066.2453183520597,1809.2397003745318,2050.7228464419477,2825.9513108614233,4049.4007490636704,4977.563670411985,3844.9026217228466,2481.0992509363296,2018.6273408239701,2304.874531835206,2890.7209737827716,3163.760299625468,4243.449438202248,4118.34456928839,4015.4269662921347,4739.539325842697,5169.827715355806,4915.51872659176,3339.8426966292136,2650.705992509363,3287.62734082397,2324.5187265917602,1710.3333333333333,1719.0842696629213,2097.8295880149813,2173.9044943820227,2105.6516853932585,1866.7172284644196,2105.2621722846443,2208.043071161049,1819.632958801498,1956.619850187266,3035.741573033708,3119.4026217228466,2500.7621722846443,2211.544943820225,2470.3483146067415,1896.2097378277153,1973.936329588015,2166.9644194756556,2617.4756554307114,2771.7097378277153,2471.2771535580523,1868.189138576779,1679.0131086142321,1515.0973782771537,1932.4756554307116,2641.2977528089887,2970.001872659176,2420.1760299625466,2199.99063670412,1904.4812734082398,2633.638576779026,2953.114232209738,2399.889513108614,3134.672284644195,3345.550561797753,2529.8932584269664,3100.747191011236,3028.361423220974,3030.507490636704,2369.00936329588,1955.0898876404494,2187.395131086142,2915.559925093633,3950.492509363296,5117.134831460674,4470.722846441948,4448.121722846442,3591.8501872659176,3491.956928838951,3203.0411985018727,3610.1573033707864,4063.775280898876,3857.7883895131085,4602.760299625468,4816.89138576779,3190.4119850187267,2482.121722846442,1969.7265917602997,2315.6629213483147,2527.739700374532,3457.1348314606744,3771.164794007491,3446.2153558052432,3590.8913857677903,3908.621722846442,4746.327715355806,5289.4925093632955,3624.86329588015,4098.468164794008,3989.6704119850187,3054.069288389513,3395.983146067416,4118.269662921349,3679.870786516854,3514.5823970037454,3071.0561797752807,3952.12734082397,3965.8295880149813,4061.7097378277153,4033.1760299625466,4818.059925093633,3795.044943820225,3193.9737827715358,3135.8651685393256,3818.741573033708,3883.243445692884,3322.36329588015,2496.9026217228466,2027.750936329588,1595.436329588015,1828.616104868914,1671.9906367041199,1532.6142322097378,1488.9419475655432,1687.378277153558,1443.692883895131,1511.2322097378278,1509.8426966292134,1506.4812734082398,1452.1535580524344,1557.7284644194756,1664.0674157303372,1840.9756554307116,1776.6647940074906,2593.052434456929,3445.1535580524346,3004.456928838951,2241.3408239700375,1562.9513108614233,1338.2696629213483,1641.2228464419475,1892.6310861423221,2222.0955056179773,1501.059925093633,1666.4850187265918,1567.3520599250937,1699.185393258427,1846.1760299625469,1869.0018726591761,1308.6554307116105,1431.1367041198503,1469.0,1709.623595505618,1843.7996254681648,2075.050561797753,2592.5880149812733,3231.265917602996,2425.747191011236,2080.2453183520597,2305.9662921348313,1660.1310861423221,1423.887640449438,1512.3202247191011,1454.4550561797753,1792.312734082397,2487.612359550562,3148.0,1881.2191011235955,1967.0992509363296,2318.13670411985,2814.5,3530.3464419475654,2545.4588014981273,1764.383895131086,2479.0880149812733,2096.932584269663,1707.4213483146068,1345.2565543071162,1714.7284644194756,2069.61797752809,2657.2265917602995,1941.2659176029963,2313.874531835206,2457.7284644194756,2238.5898876404494,1375.2752808988764,1515.5749063670412,1546.2659176029963,1967.4550561797753,2699.1161048689137,4547.385767790262,5566.001872659176,5859.741573033708,3269.1348314606744,1813.191011235955,1387.2659176029963,1429.8539325842696,1274.3501872659176,1508.25468164794,1532.3857677902622,2148.3651685393256,2509.604868913858,3087.8988764044943,3531.7359550561796,4270.301498127341,2231.5468164794006,1946.5224719101125,1852.3220973782772,2080.378277153558,2158.8558052434455,3078.561797752809,3973.5823970037454,3261.674157303371,2370.2546816479403,3173.2958801498125,2409.8464419475654,1640.619850187266,1463.1011235955057,1755.569288389513,2129.6161048689137,3278.9438202247193,2603.247191011236,1867.7602996254682,1786.5337078651685,2063.4157303370785,2176.0898876404494,2433.9026217228466,2043.7752808988764,1728.1348314606741,2117.6535580524346,2160.7827715355807,1986.7715355805244,3193.2808988764045,2992.260299625468,1927.8483146067415,1826.996254681648,2774.2640449438204,2922.434456928839,2362.0992509363296,2707.3483146067415,3904.131086142322,5358.3558052434455,3812.5468164794006,1996.5243445692884,1616.4925093632958,1294.9868913857679,1460.8913857677903,1405.689138576779,1847.7996254681648,1584.9325842696628,1481.9775280898875,1289.3614232209738,1383.6629213483145,1135.5468164794008,1254.125468164794,1291.1629213483145,1346.2003745318352,1378.4906367041199,1379.1685393258426,1111.4550561797753,1456.1629213483145,1489.0355805243446,1374.5805243445693,1136.6348314606741,1280.1460674157304,1142.6179775280898,1264.7097378277153,1201.6722846441949,1353.194756554307,1120.6498127340824,1280.8314606741574,1096.0973782771537,1415.0786516853932,1219.112359550562,1266.0674157303372,1125.7715355805244,1236.9063670411986,1149.387640449438,1246.1779026217228,1226.8520599250937,1483.3651685393259,1168.1460674157304,1250.3726591760299,1155.3464419475656,1234.1404494382023,1087.4157303370787,1191.061797752809,1368.1385767790262,1533.1423220973784,1519.7734082397003,1442.8352059925094,1420.4494382022472,1760.623595505618,1841.0711610486892,1621.9194756554307,1743.876404494382,2398.7191011235955,1613.6629213483145,1310.947565543071,1163.938202247191,1270.3651685393259,1264.9232209737827,1187.5955056179776,1104.308988764045,1337.4007490636704,1104.9250936329588,1329.1779026217228,1121.1441947565543,1271.5018726591761,1193.1704119850187,1184.250936329588,1098.4531835205992,1203.629213483146,1210.0,1570.5393258426966,1840.3408239700375,1702.7247191011236,1376.8333333333333,1340.7191011235955,1513.065543071161,1501.7078651685392,1306.810861423221,1486.0205992509364,1521.3726591760299,1688.2715355805244,1301.9887640449438,1201.4700374531835,1180.801498127341,1325.4419475655432,1303.7696629213483,1731.632958801498,2032.8651685393259,1840.2790262172284,1299.6479400749063,1364.7921348314608,1455.0149812734082,1948.3220973782772,1457.0749063670412,1476.7022471910113,1580.619850187266,1951.3408239700375,2113.50936329588,2127.1441947565545,1648.7771535580525,1511.7116104868915,1352.6086142322097,1688.6142322097378,1374.3389513108614,1291.9887640449438,1104.5749063670412,1285.063670411985,1430.2434456928838,1471.3970037453184,1542.5543071161048,1782.2322097378278,1440.6367041198503,1761.252808988764,2187.2977528089887,2322.501872659176,1605.0131086142321,1729.24531835206,1873.930711610487,1683.3370786516855,1575.3689138576779,1812.3558052434457,1960.0093632958801,2279.3670411985017,1623.2846441947565,1931.758426966292,2277.7284644194756,3024.638576779026,1954.0205992509364,1798.301498127341,1732.426966292135,1819.0917602996255,2270.2097378277153,3690.247191011236,4671.573033707865,3489.00936329588,2804.9531835205994,3369.794007490637,2098.85393258427,1695.374531835206,2040.4925093632958,2924.7209737827716,2428.1161048689137,2752.1704119850187,2486.4850187265915,2662.065543071161,2503.0337078651687,3438.543071161049,2701.4101123595506,1962.7209737827716,1559.8689138576779,1757.6067415730338,2269.9681647940074,2072.1498127340824,1421.7883895131085,1842.2172284644196,2768.4063670411983,3846.7134831460676,2611.252808988764,3162.3408239700375,3264.4063670411983,3134.102996254682,4275.387640449439,3392.174157303371,2357.9850187265915,3903.816479400749,4801.513108614232,2760.7097378277153,2190.9269662921347,3371.054307116105,5062.5692883895135,5565.889513108615,4817.516853932584,3757.664794007491,2877.3932584269664,3061.876404494382,4880.60861423221,6825.016853932584,4601.301498127341,3295.067415730337,5090.567415730337,8347.2265917603,5659.970037453183,3500.550561797753,2128.9794007490636,1877.1460674157304,2074.5749063670414,3202.2977528089887,3404.870786516854,3437.8408239700375,4210.788389513109,6369.428838951311,4424.818352059925,2702.172284644195,2058.7022471910113,1530.0580524344568,1348.867041198502,1671.9812734082398,1643.2397003745318,2058.0131086142324,3187.507490636704,3449.818352059925,2132.8651685393256,1811.4044943820224,1851.0149812734082,1814.1516853932585,1462.1048689138577,1801.9625468164793,2402.4438202247193,3498.449438202247,2669.1441947565545,2350.936329588015,2357.4794007490636,1787.561797752809,1509.370786516854,1741.8632958801497,2465.9588014981273,2492.9887640449438,1632.1104868913858,1663.7247191011236,1569.125468164794,1948.7565543071162,1501.3352059925094,1616.2003745318352,1609.4288389513108,2257.889513108614,2639.1067415730336,2340.0842696629215,1918.7340823970037,1624.187265917603,1443.7640449438202,1653.2209737827716,1530.383895131086,1598.0243445692884,1923.0749063670412,1826.623595505618,1478.119850187266,1537.0880149812733,1341.9812734082398,1625.063670411985,2169.921348314607,3400.803370786517,2407.440074906367,1694.7846441947565,1616.7340823970037,1558.5131086142321,1457.2153558052435,1748.4644194756554,1445.5318352059926,1583.9887640449438,1915.9119850187267,2865.5374531835205,4040.1554307116103,4152.352059925093,1984.0543071161048,1879.5,2391.2022471910113,2743.4082397003745,1735.0955056179776,1550.4700374531835,1515.7621722846443,2306.086142322097,2127.0842696629215,2536.1853932584268,3172.724719101124,2206.102996254682,2027.75468164794,2368.005617977528,1649.3932584269662,1715.2734082397003,2106.0337078651687,2292.380149812734,1394.7696629213483,1415.0805243445693,1187.9569288389514,1322.7022471910113,1263.5018726591761,1462.4981273408239,1407.4644194756554,1903.4812734082398,2822.767790262172,2382.005617977528,1307.818352059925,1334.9531835205992,1357.1835205992509,1684.4569288389514,1268.2752808988764,1482.6404494382023,1180.1722846441949,1474.059925093633,1350.121722846442,1291.0131086142321,1301.0318352059926,1422.3651685393259,1380.926966292135,1928.1142322097378,2317.0299625468165,1805.1685393258426,1645.9681647940074,2639.7771535580523,2624.8595505617977,1571.1666666666667,1430.2808988764045,1659.7771535580525,1570.74531835206,1552.0243445692884,1232.6610486891386,1544.447565543071,1889.7977528089887,2382.8838951310863,2769.87265917603,2057.2265917602995,1439.5262172284645,1636.694756554307,1696.2265917602997,2309.835205992509,1747.3483146067415,1801.5992509363296,1756.376404494382,2341.421348314607,1690.4082397003745,1638.7846441947565,1949.5898876404494,2171.9101123595506,1407.9681647940074,1484.0898876404494,1724.8258426966293,2950.612359550562,3721.9250936329586,2185.8370786516853,1773.7921348314608,1967.0880149812733,1483.747191011236,1557.4325842696628,1618.181647940075,1820.870786516854,1533.692883895131,1561.8520599250937,1511.2715355805244,2287.3651685393256,4022.0131086142324,4244.095505617977,1799.3220973782772,1543.2808988764045,1339.0973782771537,1385.1835205992509,1432.7940074906367,1663.2865168539327,1397.9981273408239,1997.9812734082398,1823.198501872659,1749.0749063670412,1292.9625468164793,1285.5374531835207,1133.565543071161,1308.4606741573034,1248.565543071161,1548.4756554307116,1795.3913857677903,2010.4569288389514,1454.4719101123596,1383.8820224719102,1262.5093632958801,1563.3820224719102,1654.2378277153557,1773.2715355805244,1769.7846441947565,2335.775280898876,2086.921348314607,1502.2940074906367,1426.758426966292,1707.4906367041199,1926.4625468164793,2091.3052434456927,1989.7715355805244,2407.241573033708,1914.561797752809,1770.112359550562,1422.7846441947565,1670.801498127341,1794.0505617977528,1848.4456928838952,1428.3295880149813,1690.374531835206,1858.3333333333333,2890.0299625468165,4593.850187265917,5049.320224719101,1906.934456928839,1583.1666666666667,1589.4588014981273,1456.3520599250937,1138.5823970037454,1400.1385767790262,1255.8426966292134,1361.947565543071,1518.2921348314608,1528.2996254681648,1229.6048689138577,1424.3258426966293,1293.5280898876404,1415.8539325842696,1296.5074906367042,1555.132958801498,1445.9588014981273,1633.5936329588014,1961.0973782771537,2630.6779026217228,1861.6142322097378,1332.623595505618,1181.3164794007491,1389.4887640449438,1346.1086142322097,1902.758426966292,1689.5205992509364,1620.6011235955057,1236.801498127341,1591.4700374531835,1713.1460674157304,1618.883895131086,1211.8033707865168,1315.621722846442,1202.1348314606741,1259.867041198502,1201.6273408239701,1400.7659176029963,1319.883895131086,1562.5805243445693,1497.2116104868915,1582.3595505617977,1427.4925093632958,1436.252808988764,1380.5449438202247,1699.6573033707866,2413.7621722846443,2118.067415730337,1219.1516853932585,1373.8820224719102,1266.5749063670412,1270.4063670411986,1210.2565543071162,1437.6591760299625,1552.2883895131085,2497.0037453183522,2404.0561797752807,2010.808988764045,1543.2265917602997,1793.2191011235955,1722.7247191011236,1682.7883895131085,1839.6591760299625,2684.700374531835,3208.0131086142324,2418.749063670412,1765.308988764045,2213.7453183520597,2445.7977528089887,2714.1329588014983,1920.7228464419475,2115.4868913857676,3452.0955056179773,4071.1760299625466,1964.7940074906367,1576.6647940074906,1395.5374531835207,1496.2940074906367,1420.8164794007491,1675.6779026217228,1382.4026217228463,1508.7996254681648,1516.1591760299625,2141.7790262172284,3215.102996254682,4817.170411985018,3192.861423220974,2336.265917602996,2026.1779026217228,2531.2827715355807,1871.5093632958801,2397.5917602996255,2771.438202247191,1836.2659176029963,1517.0861423220974,1992.681647940075,2462.614232209738,2719.36329588015,1788.4213483146068,1858.747191011236,2321.938202247191,4095.724719101124,6237.880149812734,4398.121722846442,3298.5749063670414,2937.4662921348313,2621.49063670412,2057.6479400749063,1640.3033707865168,2025.3689138576779,2672.2771535580523,5101.031835205992,4730.123595505618,2328.9644194756556,1627.9456928838952,2069.2097378277153,2789.8464419475654,4087.734082397004,2311.007490636704,2127.0374531835205,2580.691011235955,3869.2715355805244,2403.016853932584,1722.5430711610486,1392.4850187265918,1524.812734082397,1591.367041198502,2174.9756554307114,2966.9719101123596,4815.488764044944,4401.743445692884,5382.41011235955,6897.08988764045,3579.803370786517,2457.0917602996255,3671.2790262172284,5760.606741573034,5649.408239700375,3116.1554307116103,2456.121722846442,3301.501872659176,6260.2659176029965,7242.009363295881,2926.436329588015,1676.867041198502,1753.7359550561798,1836.318352059925,1861.9194756554307,1423.0674157303372,1489.7303370786517,1496.4513108614233,1955.8333333333333,1985.947565543071,3044.078651685393,3832.00936329588,4907.801498127341,3515.3595505617977,4507.275280898876,7081.016853932584,5586.192883895131,5834.513108614232,4445.4625468164795,2885.674157303371,3282.750936329588,3687.5842696629215,2216.679775280899,1593.9943820224719,1692.112359550562,2263.0880149812733,2615.8913857677903,2034.750936329588,2288.9962546816478,2205.3520599250937,2685.6348314606744,4464.89138576779,7280.252808988764,3554.0561797752807,2091.6067415730336,1965.307116104869,1786.8726591760299,1836.8895131086142,2609.7621722846443,4533.125468164794,7825.093632958801,6440.323970037453,8371.058052434457,5356.009363295881,5438.102996254682,7189.588014981274,5297.621722846442,3045.9812734082398,2053.897003745318,1917.0093632958801,2338.320224719101,3570.250936329588,6238.149812734083,6540.749063670412,5940.852059925093,5433.642322097378,5759.146067415731,2884.13670411985,3048.232209737828,3899.260299625468,3197.380149812734,1832.1142322097378,1661.7134831460673,1642.0711610486892,1912.003745318352,2484.4176029962546,3986.2846441947568,3195.110486891386,4800.945692883895,4539.132958801498,6101.998127340824,7581.691011235955,10578.395131086143,18309.06554307116,13672.582397003745,4569.634831460674,2678.3651685393256,2627.001872659176,4530.531835205992,4599.940074906367,5694.230337078651,9757.016853932584,7499.295880149813,3340.945692883895,1858.4044943820224,1620.4288389513108,2170.9531835205994,3060.7153558052432,4949.441947565543,5041.964419475656,6356.74531835206,3561.9756554307114,1911.7041198501872,1627.3970037453184,1674.2621722846443,1607.4644194756554,1934.2958801498128,2366.1535580524346,3567.734082397004,7035.6292134831465,6407.5524344569285,2848.256554307116,2294.38202247191,2679.121722846442,4631.865168539326,4603.576779026217,7808.09925093633,6443.346441947566,4270.565543071161,2063.2921348314608,1835.6086142322097,1999.0674157303372,2212.947565543071,2292.1441947565545,3867.8295880149813,7479.157303370786,6104.908239700375,2594.505617977528,2119.104868913858,2102.1161048689137,3469.8052434456927,3072.9737827715358,1905.2940074906367,1793.552434456929,2498.4082397003745,2583.749063670412,3075.807116104869,3121.602996254682,3084.303370786517,3343.563670411985,6568.808988764045,10444.919475655432,6295.812734082397,7332.760299625468,5913.9475655430715,2555.1947565543073,2186.294007490637,1825.808988764045,2161.3295880149813,1550.5224719101125,1652.2247191011236,1710.1591760299625,1934.6367041198503,1818.0337078651685,2493.5,4240.001872659176,8571.277153558052,5700.398876404494,3078.4756554307114,1811.1460674157304,1603.6704119850187,1384.9101123595506,1369.25468164794,1403.3988764044943,1498.4812734082398,1388.9176029962546,1704.7808988764045,2159.749063670412,2941.4887640449438,5443.63670411985,5942.87265917603,2425.4681647940074,2100.265917602996,2026.556179775281,2045.8408239700375,1586.5318352059926,1803.6591760299625,1865.8033707865168,1777.8202247191011,1607.9063670411986,2429.1554307116103,2921.4794007490636,5799.664794007491,3408.516853932584,1796.0262172284645,1459.2902621722847,1520.1179775280898,1400.4981273408239,1521.198501872659,1444.7771535580525,1549.7172284644196,1479.6048689138577,1842.198501872659,2210.0992509363296,4194.041198501873,4179.2191011235955,2366.885767790262,2204.7191011235955,2270.64606741573,1766.8202247191011,1793.685393258427,1534.8988764044943,1663.2059925093633,1818.8277153558051,2171.4026217228466,2783.810861423221,4167.737827715356,9101.760299625468,15825.82584269663,11750.805243445693,7524.938202247191,4900.10861423221,2749.00936329588,1692.9606741573034,1536.1404494382023,1306.7265917602997,1510.934456928839,1299.5486891385767,1320.2846441947565,1162.7378277153557,1312.689138576779,1195.7958801498128,1346.0112359550562,1412.6760299625469,1753.4157303370787,1552.2359550561798,1701.4101123595506,1783.4625468164793,1512.7865168539327,1436.3689138576779,1619.250936329588,1301.4456928838952,1520.9569288389514,1894.2340823970037,2834.7209737827716,1680.2621722846443,1478.1966292134832,1400.938202247191,1975.0973782771537,2116.9101123595506,2322.2958801498125,1796.0355805243446,1616.6760299625469,1385.2865168539327,1782.1685393258426,1301.559925093633,1596.065543071161,2178.4868913857676,4061.6666666666665,3317.7097378277153,1983.5056179775281,1334.3483146067415,1380.8970037453184,1434.2808988764045,1669.7303370786517,1262.5337078651685,1344.6423220973784,1395.8295880149813,2106.14606741573,3731.816479400749,2988.1011235955057,3460.192883895131,3620.7621722846443,1973.129213483146,1848.121722846442,1610.5786516853932,1542.4513108614233,1311.2434456928838,1461.307116104869,1367.314606741573,1756.7808988764045,1965.2734082397003,1846.7116104868915,1567.0674157303372,2051.0898876404494,2495.3295880149813,2952.9700374531835,2941.397003745318,2716.9868913857676,1894.1741573033707,1582.8445692883895,1422.8820224719102,1579.1629213483145,1590.6348314606741,1621.7059925093633,1434.6610486891386,1609.6404494382023,1902.8314606741574,2690.9700374531835,3054.6423220973784,2087.9531835205994,2287.125468164794,2782.9044943820227,2435.9063670411983,2299.3932584269664,1926.301498127341,2512.2808988764045,3076.112359550562,3697.775280898876,3478.2883895131085,2650.5299625468165,1889.8820224719102,2262.6498127340824,3389.621722846442,3347.3295880149813,2693.3370786516853,2489.6779026217228,1789.318352059925,1980.8033707865168,1588.4700374531835,1894.4775280898875,2050.129213483146,2684.054307116105,2359.1779026217228,2083.801498127341,2228.447565543071,1943.061797752809,1697.1797752808989,2242.4269662921347,2805.692883895131,2217.1853932584268,1837.0449438202247,1640.129213483146,1570.938202247191,1955.3576779026216,1715.0767790262173,2490.604868913858,3232.2865168539324,2201.61797752809,1696.1348314606741,2314.335205992509,2851.62734082397,2414.9082397003745,2985.9962546816478,5246.59925093633,4385.6292134831465,2739.0955056179773,2467.1498127340824,2182.071161048689,2085.250936329588,2242.241573033708,2065.050561797753,2475.308988764045,1662.0112359550562,1790.9981273408239,1905.8614232209738,1870.5411985018727,2199.0224719101125,3146.7228464419477,2021.4606741573034,1783.9044943820224,2015.691011235955,2737.14606741573,3347.998127340824,5493.90074906367,7885.593632958801,5860.829588014982,3521.5898876404494,2627.810861423221,3226.947565543071,6003.0374531835205,8523.709737827716,4177.646067415731,2531.885767790262,3055.6573033707864,4888.031835205992,5452.752808988764,4722.024344569289,2352.5374531835205,1849.0056179775281,1867.0112359550562,1486.7958801498128,2137.571161048689,2195.930711610487,4377.172284644194,3153.940074906367,2064.0299625468165,1836.6310861423221,2001.194756554307,2716.067415730337,3653.7827715355807,3981.544943820225,5774.421348314607,7154.651685393258,9548.338951310861,9823.941947565543,5794.269662921349,7640.168539325843,11958.402621722846,6696.262172284644,4654.711610486891,5593.668539325843,3714.8595505617977,3967.816479400749,3363.325842696629,2891.0131086142324,5107.39138576779,8358.001872659175,4806.043071161049,4109.769662921349,8062.797752808989,10389.602996254682,4424.604868913858,2708.267790262172,3153.1516853932585,4323.460674157303,10129.23595505618,12250.7265917603,5912.696629213483,6025.305243445693,8611.104868913857,5208.213483146067,3888.2621722846443,4261.861423220974,4475.9157303370785,4153.247191011236,2682.1479400749063,2520.374531835206,4548.327715355806,4270.425093632959,4262.63670411985,2810.7640449438204,2181.3913857677903,2559.765917602996,2330.0149812734085,1705.9194756554307,1903.496254681648,2471.2078651685392,5086.941947565543,4160.956928838951,2276.835205992509,1646.9719101123596,1591.2846441947565,1724.003745318352,2675.544943820225,3778.078651685393,5810.185393258427,2827.0973782771534,2488.0131086142324,3146.8220973782772,5156.189138576779,10688.647940074907,7979.183520599251,3970.421348314607,2573.2771535580523,1938.7097378277153,2454.3146067415732,2740.397003745318,2189.775280898876,1937.0543071161048,2162.6704119850187,2525.4269662921347,3261.807116104869,2095.0149812734085,1788.0318352059926,1733.1498127340824,1827.1310861423221,2100.4269662921347,1878.5074906367042,1658.556179775281,1749.8595505617977,1796.1610486891386,1701.691011235955,1535.2003745318352,1776.0205992509364,1629.749063670412,1567.318352059925,1540.2715355805244,2593.054307116105,3107.063670411985,4474.440074906367,2443.559925093633,1725.0486891385767,1472.5992509363296,1748.0449438202247,1458.6741573033707,1603.3426966292134,1763.874531835206,3406.569288389513,3766.3314606741574,2272.687265917603,2004.2078651685392,3369.1629213483147,8420.155430711611,6230.3408239700375,2661.4868913857676,1947.8483146067415,1625.380149812734,1606.8295880149813,1489.1460674157304,1456.0955056179776,1480.198501872659,1749.378277153558,2489.438202247191,2261.0,1589.5749063670412,1575.2865168539327,1626.310861423221,1757.2153558052435,1544.8333333333333,2346.8389513108614,2105.827715355805,2908.4681647940074,5447.4925093632955,7382.3707865168535,3320.7303370786517,2196.0955056179773,1812.9831460674156,1706.7340823970037,1498.8932584269662,2090.065543071161,2349.4063670411983,3651.7977528089887,3502.552434456929,2139.044943820225,1620.6722846441949,1468.3408239700375,1249.9906367041199,1337.687265917603,1204.7378277153557,1342.247191011236,1450.191011235955,1956.0973782771537,1340.2265917602997,1244.5786516853932,1076.0056179775281,1165.6779026217228,1084.314606741573,1191.003745318352,1121.376404494382,1356.752808988764,1332.6629213483145,2127.801498127341,2997.619850187266,8060.035580524344,10547.359550561798,5556.5374531835205,3207.6610486891386,2075.88202247191,1433.5337078651685,1440.0374531835207,1571.5168539325844,1577.1067415730338,1239.6797752808989,1380.7752808988764,1218.5711610486892,1345.4850187265918,1745.1367041198503,2873.7771535580523,2522.076779026217,2153.4775280898875,1600.125468164794,1593.996254681648,1314.808988764045,1359.694756554307,1306.0842696629213,1555.0543071161048,1644.685393258427,1744.752808988764,1472.8951310861423,1764.4250936329588,1959.2734082397003,2192.803370786517,2322.559925093633,2554.5955056179773,1700.7883895131085,1601.4756554307116,1347.123595505618,1415.4681647940074,1391.9194756554307,1873.367041198502,2329.2883895131085,1860.0486891385767,1425.314606741573,1462.249063670412,1457.2640449438202,1472.9887640449438,1207.5449438202247,1184.5674157303372,1357.9831460674156,1442.4737827715355,1341.305243445693,1838.9943820224719,1566.3520599250937,1641.9681647940074,1833.1348314606741,1702.1310861423221,1559.3558052434457,1661.1591760299625,1569.052434456929,1869.9868913857679,1658.2752808988764,2301.4868913857676,1777.310861423221,1490.5674157303372,1368.2846441947565,1904.8932584269662,1265.7659176029963,1428.9925093632958,1297.692883895131,1493.5318352059926,1557.7958801498128,1645.0112359550562,1507.2696629213483,1554.8277153558051,1303.1779026217228,1398.8202247191011,1491.387640449438,1567.9026217228463,1275.0205992509364,1407.132958801498,1687.8501872659176,1820.2677902621722,2220.9438202247193,1952.1722846441949,1712.810861423221,1611.258426966292,1424.4868913857679,1590.75468164794,1451.1310861423221,1571.573033707865,1355.380149812734,1520.7359550561798,1780.0580524344568,1716.7602996254682,1395.4119850187267,1502.7059925093633,1400.436329588015,1890.198501872659,1479.3988764044943,1992.4101123595506,2149.2303370786517,2399.3520599250937,1743.0861423220974,1881.9850187265918,2468.9007490636704,5101.756554307116,4046.0,5020.760299625468,3333.861423220974,2757.052434456929,1971.0224719101125,1699.5543071161048,1665.1011235955057,1893.6685393258426,1444.0468164794008,1458.75468164794,1311.1067415730338,1470.5842696629213,1489.0280898876404,2178.378277153558,3099.614232209738,3198.179775280899,4865.646067415731,5829.2340823970035,3196.432584269663,2394.9794007490636,2062.8595505617977,2368.063670411985,3639.2734082397005,3325.4662921348313,1974.4756554307116,1800.940074906367,1498.370786516854,1606.9812734082398,1732.2621722846443,1672.3576779026216,1499.0243445692884,1642.2940074906367,1578.2734082397003,2224.994382022472,2839.6404494382023,4104.960674157303,7652.756554307116,7079.353932584269,3982.6573033707864,3419.5224719101125,2484.3464419475654,1994.9250936329588,1763.2846441947565,2049.8445692883897,1883.7996254681648,1954.947565543071,2886.5205992509364,5294.404494382023,3079.267790262172,2365.812734082397,2609.7977528089887,3313.9719101123596,3100.432584269663,2489.983146067416,3056.9007490636704,5882.12734082397,3399.1666666666665,2885.0318352059926,3672.3426966292136,6958.84456928839,11751.022471910112,6710.455056179775,3593.861423220974,2811.631086142322,2647.8558052434455,2532.0299625468165,2385.35393258427,2381.3595505617977,2963.301498127341,6824.200374531835,5663.0842696629215,5961.651685393258,8118.790262172284,4757.157303370786,3012.578651685393,2753.7284644194756,3904.0,6626.252808988764,5977.239700374532,3538.4644194756556,2464.4887640449438,2012.7865168539327,1767.1666666666667,2326.8651685393256,4250.964419475656,4700.035580524344,5109.670411985018,7096.078651685393,5374.647940074907,4274.649812734083,5320.031835205992,10385.05243445693,11648.833333333334,7794.121722846442,5860.020599250936,3585.683520599251,2412.294007490637,2053.507490636704,1818.808988764045,2257.629213483146,1988.563670411985,2510.808988764045,4528.153558052434,3215.8464419475654,2152.447565543071,2004.616104868914,1813.6647940074906,2407.7191011235955,3284.179775280899,3084.5749063670414,2719.6685393258426,3071.2116104868915,5500.204119850187,16255.94756554307,22860.224719101123,12515.89138576779,7939.473782771535,6372.692883895131,7432.711610486891,10450.805243445693,7077.305243445693,8386.938202247191,7063.25468164794,6854.029962546817,5229.625468164794,3809.308988764045,2687.5224719101125,2389.110486891386,2262.750936329588,3630.998127340824,2956.8295880149813,3661.3483146067415,5315.874531835206,5106.496254681648,3747.4644194756556,2588.885767790262,1922.3314606741574,1909.0355805243446,1816.0767790262173,2120.243445692884,2056.6067415730336,2802.8483146067415,5962.7808988764045,5109.192883895131,3932.2172284644193,3920.241573033708,3149.5973782771534,5445.488764044944,5292.62734082397,3207.440074906367,2349.6404494382023,2628.8389513108614,2087.044943820225,3530.807116104869,9085.022471910112,7549.333333333333,4146.40074906367,2948.5131086142324,2428.494382022472,2979.5112359550562,2604.1573033707864,2306.825842696629,2097.2865168539324,3136.5205992509364,2971.1704119850187,3974.8146067415732,3151.125468164794,2801.078651685393,3335.6591760299625,7256.88202247191,12974.352059925093,10014.03745318352,11253.383895131086,6130.9157303370785,3905.0730337078653,2954.2153558052432,2175.7977528089887,1933.7228464419475,1754.2902621722847,1886.4157303370787,1913.434456928839,2224.5374531835205,2311.6479400749063,3270.35393258427,2553.614232209738,2938.820224719101,3383.498127340824,2643.1685393258426,2028.4775280898875,1883.1629213483145,1850.5262172284645,2272.550561797753,2805.2921348314608,4720.131086142322,10520.374531835207,8617.893258426966,4631.762172284644,4421.25468164794,7123.39138576779,5083.694756554307,3149.9101123595506,2957.4681647940074,3432.3220973782772,2832.3220973782772,3440.7902621722847,6714.398876404494,10019.365168539325,6486.288389513109,3622.7359550561796,2713.9812734082398,2538.320224719101,2649.956928838951,1903.552434456929,1829.5823970037454,1540.5823970037454,1968.0955056179776,1499.0898876404494,1996.2902621722847,2147.260299625468,2092.3483146067415,2768.9962546816478,2467.059925093633,2005.1086142322097,2491.7359550561796,2320.4101123595506,2437.258426966292,3903.3520599250937,3724.5262172284642,2370.3576779026216,2300.50936329588,2491.9775280898875,4389.874531835206,9349.765917602996,7226.468164794008,8244.361423220973,5282.367041198502,3840.5992509363296,2950.835205992509,2098.016853932584,1951.808988764045,1998.749063670412,2179.932584269663,2378.121722846442,3873.1666666666665,9570.176029962548,7257.829588014982,4755.365168539326,4314.868913857678,4344.593632958801,9302.83520599251,8684.177902621723,8815.434456928839,19094.750936329587,16086.737827715357,9253.46254681648,7258.539325842697,4638.917602996255,4022.8295880149813,4892.4307116104865,4226.908239700375,2916.376404494382,2903.7715355805244,4047.397003745318,8104.1741573033705,7656.571161048689,4565.050561797752,3312.9700374531835,3130.3295880149813,4685.606741573034,9151.265917602996,6508.34456928839,6077.544943820225,4286.357677902622,3356.436329588015,3142.380149812734,5112.043071161049,10731.237827715357,12995.3202247191,14249.134831460675,9464.438202247191,5676.89138576779,4214.376404494382,3077.760299625468,3218.423220973783,3782.747191011236,2768.205992509363,2443.234082397004,2806.765917602996,2854.956928838951,2247.563670411985,1884.9644194756554,1897.0411985018727,1526.5580524344568,1677.3614232209738,2024.4812734082398,2815.301498127341,3785.307116104869,6995.25468164794,11124.921348314607,20033.80524344569,12312.260299625468,8773.6797752809,10186.739700374532,7700.215355805243,8309.041198501873,12915.707865168539,7445.625468164794,4921.704119850187,3505.058052434457,2890.7790262172284,2182.4625468164795,2364.7265917602995,1773.7191011235955,1923.1704119850187,2626.043071161049,6784.168539325843,17990.29775280899,14133.196629213484,10102.930711610486,6822.050561797752,4893.926966292135,4780.59925093633,7155.762172284644,19214.7734082397,35043.440074906364,21069.61797752809,13505.578651685393,11523.102996254682,7448.024344569289,5991.438202247191,6316.75468164794,4658.393258426966,4994.237827715356,4505.196629213483,3448.3370786516853,3156.7715355805244,2587.37265917603,3017.5318352059926,3432.5131086142324,3201.325842696629,4679.425093632959,14321.996254681648,29470.696629213482,20182.290262172286,12009.078651685393,8093.647940074907,6456.979400749064,8879.196629213484,16546.719101123595,21552.704119850187,18275.511235955055,17508.252808988764,14855.520599250936,10027.724719101123,8546.829588014982,7864.9475655430715,5195.550561797752,3379.2116104868915,2704.3295880149813,2381.801498127341,2045.5243445692884,2261.683520599251,2805.9606741573034,3408.3483146067415,4854.288389513109,3681.1423220973784,2694.614232209738,2401.2022471910113,2390.8576779026216,2839.00936329588,2298.123595505618,2703.8445692883897,2914.8389513108614,2445.368913857678,1917.9737827715355,2330.5243445692886,2677.498127340824,4388.928838951311,6067.73595505618,4748.940074906367,4021.007490636704,7322.329588014982,9723.975655430711,9898.619850187266,11068.938202247191,7078.640449438202,7943.338951310861,17480.979400749064,15018.419475655432,14960.677902621723,12286.468164794007,7537.181647940075,5639.262172284644,4854.634831460674,3912.7771535580523,3419.00936329588,3276.8295880149813,3307.1573033707864,2651.4662921348313,2818.880149812734,3340.436329588015,5004.958801498127,9201.741573033707,18169.8595505618,20986.402621722846,14380.488764044943,8826.204119850187,8282.574906367041,11128.161048689139,9813.059925093634,6467.074906367041,6008.672284644194,4570.563670411985,3892.758426966292,3711.5318352059926,2893.8595505617977,2126.4794007490636,1981.7397003745318,1751.9700374531835,1825.2340823970037,1567.0749063670412,1850.2003745318352,2898.016853932584,6250.440074906367,17551.516853932586,18275.078651685395,11370.960674157302,8049.297752808989,6291.722846441948,6550.172284644194,5450.15543071161,4263.046816479401,3831.0992509363296,3799.440074906367,3418.492509363296,4522.623595505618,4667.5,3306.007490636704,3336.413857677903,6573.290262172284,4404.526217228465,3088.7022471910113,2274.5112359550562,2420.421348314607,2944.4606741573034,2981.294007490637,2538.4850187265915,3064.0842696629215,3693.1535580524346,3363.4438202247193,5048.74531835206,14853.870786516854,13767.026217228464,9219.305243445693,10621.960674157302,9486.543071161048,6963.681647940075,8357.033707865168,6609.112359550561,4188.5374531835205,2871.921348314607,2551.183520599251,2008.3352059925094,2233.370786516854,2758.6479400749063,2782.9176029962546,2362.440074906367,2214.0749063670414,1938.5992509363296,1939.563670411985,2263.897003745318,2982.7640449438204,1949.8408239700375,1805.5936329588014,1531.7097378277153,1526.6086142322097,1664.7565543071162,1923.2172284644196,1879.818352059925,2140.983146067416,1733.2808988764045,1764.8595505617977,1770.5393258426966,2268.3408239700375,2346.5131086142324,2245.071161048689,2970.445692883895,5036.612359550561,4533.971910112359,3334.610486891386,2395.9513108614233,1998.187265917603,1726.6423220973784,1853.8277153558051,1701.9101123595506,1910.7041198501872,1797.867041198502,1791.3333333333333,2431.6011235955057,3075.885767790262,5653.853932584269,5971.582397003745,4071.1610486891386,4533.029962546817,7878.013108614232,7692.01872659176,5779.732209737827,5120.662921348315,6987.310861423221,6553.41011235955,5522.455056179775,5956.123595505618,4683.616104868914,3801.249063670412,5495.380149812734,5775.928838951311,7652.295880149813,12169.312734082398,8014.252808988764,6355.101123595506,6910.432584269663,5406.614232209738,4475.232209737827,3320.9438202247193,2354.054307116105,2207.4719101123596,2417.310861423221,4959.494382022472,6225.5074906367045,5536.15543071161,4347.752808988764,3120.921348314607,2559.069288389513,3297.385767790262,2924.7640449438204,2913.49063670412,2206.4026217228466,2076.4737827715358,2552.181647940075,5781.247191011236,5491.0842696629215,4095.7228464419477,3042.0936329588017,3447.2902621722847,4222.3558052434455,5001.350187265917,6350.466292134832,10024.644194756554,6576.730337078651,6672.807116104869,9256.219101123595,10876.421348314607,9804.554307116105,14291.548689138577,9194.5468164794,5898.580524344569,4591.483146067416,3581.4737827715358,2416.361423220974,1930.1554307116105,1488.8408239700375,1447.383895131086,1327.5205992509364,1710.0355805243446,2956.325842696629,4454.876404494382,3217.0973782771534,2976.2116104868915,3013.4157303370785,4285.76404494382,12727.41011235955,19758.89138576779,12375.031835205993,9561.941947565543,9276.597378277154,12773.36329588015,8627.470037453184,5922.4157303370785,5961.357677902622,4416.990636704119,3202.4026217228466,3044.9644194756556,5894.89138576779,12983.606741573034,12876.421348314607,7956.086142322098,5059.852059925093,4103.082397003745,4195.1292134831465,4016.0917602996255,3484.0187265917602,6060.12734082397,8274.011235955057,12417.917602996255,11731.312734082398,25184.322097378277,30464.994382022473,20068.26404494382,15366.168539325843,22532.237827715355,19054.69850187266,13655.397003745318,9105.926966292134,6833.468164794008,5430.20786516854,4265.016853932584,3000.1573033707864,2716.8838951310863,3667.492509363296,9421.342696629214,14391.975655430711,10001.119850187266,8806.63670411985,19118.17041198502,22580.020599250936,15078.700374531834,10782.616104868914,11718.647940074907,17491.50374531835,21300.917602996255,29125.45692883895,19283.250936329587,11662.404494382023,7742.161048689139,5396.760299625468,4021.5224719101125,3761.619850187266,4445.782771535581,3165.0224719101125,2552.016853932584,2085.629213483146,2514.6011235955057,3186.368913857678,5291.4925093632955,15752.750936329589,18182.277153558054,11315.09925093633,8870.89138576779,7681.951310861423,5703.485018726592,3965.5898876404494,3190.5561797752807,3300.303370786517,9418.672284644195,16136.988764044943,10667.1797752809,10465.277153558052,11525.544943820225,8908.357677902623,15153.007490636704,14710.455056179775,9245.370786516854,5774.288389513109,4152.911985018726,3607.0486891385767,3017.050561797753,2092.318352059925,1828.4026217228463,1585.7041198501872,1559.616104868914,1555.9625468164793,1654.25468164794,1978.0205992509364,2535.945692883895,2083.8595505617977,2509.5243445692886,2197.897003745318,2150.434456928839,2340.181647940075,2446.196629213483,2367.102996254682,2093.2022471910113,1719.1423220973784,1910.5,1806.0299625468165,1930.805243445693,1718.1273408239701,1760.5149812734082,1668.0168539325844,1693.3314606741574,2467.3314606741574,4667.687265917603,4859.8258426966295,6034.243445692884,11958.906367041198,8971.181647940075,6242.676029962547,5966.795880149813,6497.767790262173,4812.938202247191,3474.4588014981273,3049.2846441947568,2581.5224719101125,2922.0730337078653,3739.8408239700375,7206.9925093632955,13329.955056179775,9502.119850187266,6106.020599250936,5164.578651685393,8038.949438202248,11860.024344569289,15979.31086142322,15874.303370786516,15847.80149812734,9928.331460674157,6693.488764044944,5784.011235955056,4567.485018726592,3259.35393258427,2530.1479400749063,2443.0262172284642,2748.119850187266,6808.3707865168535,7002.692883895131,7409.835205992509,8237.41011235955,7492.5,5461.376404494382,4771.196629213483,3726.3464419475654,2933.945692883895,2558.249063670412,2565.3408239700375,2532.0280898876404,4213.395131086142,11262.436329588016,10138.275280898877,7295.728464419476,7093.554307116105,12082.621722846441,25834.715355805245,19659.840823970037,12495.215355805243,8556.66479400749,6449.990636704119,5109.865168539326,6051.6292134831465,17149.526217228464,28739.2265917603,23023.073033707864,15678.4531835206,10299.655430711611,7634.823970037453,7236.318352059925,14652.185393258427,15680.734082397004,18138.681647940073,27517.15543071161,20076.539325842696,16943.220973782772,26544.365168539327,21118.713483146068,13537.383895131086,8921.702247191011,6232.893258426966,4763.237827715356,3655.835205992509,3143.7808988764045,3625.0955056179773,4606.524344569289,9872.470037453184,19925.380149812732,14213.024344569289,8969.99063670412,7202.252808988764,6193.951310861423,4707.717228464419,3985.955056179775,4299.250936329588,5785.539325842697,7711.76404494382,16914.247191011236,28252.936329588014,25305.795880149813,15476.17415730337,10505.134831460675,10264.430711610486,7463.250936329588,4949.48127340824,3855.0374531835205,3615.6779026217228,4261.374531835206,7134.026217228465,5630.7265917603,4061.938202247191,3135.3670411985017,3489.389513108614,9757.82584269663,13259.8202247191,11443.110486891386,7942.554307116105,5542.162921348315,5470.771535580524,3967.4644194756556,3151.0973782771534,2725.3988764044943,2665.945692883895,3811.7265917602995,11558.144194756554,11403.55243445693,7445.121722846442,5810.842696629214,6252.651685393258,10336.24531835206,22348.501872659177,21617.333333333332,13828.6797752809,9278.258426966293,6402.131086142322,4497.258426966292,3803.7265917602995,5303.312734082397,5696.241573033708,7743.544943820225,13347.477528089888,8980.535580524345,7015.4925093632955,6455.762172284644,4890.016853932584,3383.9625468164795,3021.0337078651687,2840.5205992509364,2660.956928838951,2354.9194756554307,3765.6498127340824,9087.168539325843,13657.936329588016,9728.632958801498,8352.917602996255,5448.9925093632955,3913.205992509363,3052.6947565543073,2705.243445692884,2468.687265917603,5428.016853932584,17212.76966292135,24224.23595505618,16810.653558052436,10339.711610486891,6711.6441947565545,4821.9157303370785,3412.4176029962546,2715.9719101123596,2496.3389513108614,3335.121722846442,2995.631086142322,3397.125468164794,3895.3314606741574,7859.312734082397,18353.144194756554,21673.20224719101,17672.54307116105,15297.756554307116,20028.612359550563,14246.756554307116,8702.0468164794,6008.6591760299625,4573.616104868914,3804.2640449438204,3338.2022471910113,3238.7134831460676,4755.842696629214,4783.7191011235955,3767.938202247191,5150.511235955056,11357.973782771536,8611.715355805243,5594.074906367041,5709.797752808989,8004.220973782772,6317.10861423221,7558.198501872659,13597.908239700375,9875.66479400749,6651.260299625468,4602.485018726592,4892.970037453183,13506.71722846442,15745.361423220973,10742.833333333334,7244.689138576779,5503.187265917603,5940.940074906367,7911.080524344569,8240.505617977527,5645.404494382023,4984.350187265917,3329.7116104868915,2834.9119850187267,2900.4063670411983,2507.224719101124,2284.423220973783,2031.812734082397,1657.2696629213483,1552.1142322097378,1739.8558052434457,2249.6760299625466,1833.9925093632958,1759.747191011236,1487.805243445693,2030.3408239700375,4108.593632958801,4673.5,4276.039325842697,6266.593632958801,5460.7734082397,6422.445692883895,12013.194756554307,8875.082397003745,5902.932584269663,4864.979400749064,10208.149812734082,12055.741573033707,7298.968164794008,4837.2191011235955,3744.5355805243444,4656.563670411985,4801.908239700375,3880.1516853932585,5107.20786516854,13706.438202247191,10936.979400749064,7596.576779026217,7137.2808988764045,14272.005617977527,11440.46254681648,7303.352059925093,4855.576779026217,4463.024344569289,3867.0468164794006,3901.6498127340824,2706.5280898876404,2213.125468164794,2901.49063670412,3246.835205992509,2444.239700374532,2399.747191011236,1995.0112359550562,1764.6741573033707,1390.0411985018727,1426.9494382022472,1394.9775280898875,2305.2640449438204,2501.689138576779,2519.076779026217,3008.4756554307114,2716.187265917603,2234.9082397003745,2210.205992509363,2443.698501872659,2551.247191011236,1790.938202247191,2012.7846441947565,2771.37265917603,3742.205992509363,4796.4625468164795,5547.198501872659,4634.001872659176,5037.994382022472,4191.524344569289,4930.0374531835205,3587.260299625468,3873.7808988764045,3847.8988764044943,3085.256554307116,2441.0355805243444,2218.9794007490636,2285.2640449438204,3649.63670411985,9028.318352059925,9163.734082397004,5987.514981273408,4126.271535580524,2960.758426966292,2315.8988764044943,1829.750936329588,1826.6273408239701,1776.6779026217228,2089.0280898876404,1898.4812734082398,2461.0561797752807,2502.7303370786517,2425.6535580524346,2128.505617977528,2198.9756554307114,3692.9026217228466,6231.449438202248,6444.288389513109,6406.043071161049,5679.65543071161,8548.642322097377,19507.795880149813,14824.361423220973,9827.35393258427,7432.189138576779,5958.073033707865,3934.2865168539324,2728.820224719101,2335.164794007491,2134.932584269663,1930.9887640449438,1573.2734082397003,1672.4906367041199,1970.4925093632958,2755.36329588015,3583.8988764044943,4545.204119850187,3068.930711610487,2333.2621722846443,1771.241573033708,1627.3689138576779,1372.378277153558,2062.941947565543,2320.554307116105,2063.885767790262,1699.9925093632958,2935.3483146067415,2913.816479400749,2390.928838951311,2229.6011235955057,2522.9044943820227,2122.275280898876,1751.5992509363296,1404.7265917602997,1388.430711610487,1223.9981273408239,1536.5280898876404,1612.8464419475656,1634.8314606741574,1419.2116104868915,1382.3295880149813,1218.3820224719102,1307.4194756554307,1222.685393258427,1552.7153558052435,1310.5749063670412,1550.9943820224719,1871.1666666666667,2218.4719101123596,4657.582397003745,7180.374531835206,6110.889513108615,4079.2640449438204,2685.447565543071,2317.121722846442,2017.3239700374531,1951.6535580524344,1819.6835205992509,1733.6966292134832,1471.6404494382023,1596.6647940074906,1900.8295880149813,4142.625468164794,15102.576779026218,13347.24531835206,8558.561797752809,6454.509363295881,4969.616104868914,3409.4250936329586,2353.1404494382023,2466.0205992509364,3816.9775280898875,3004.061797752809,2210.3464419475654,1915.7378277153557,1576.691011235955,1471.191011235955,1361.9625468164793,2005.6142322097378,3630.3483146067415,3522.058052434457,2381.5898876404494,2067.700374531835,2302.4962546816478,2871.12734082397,2361.930711610487,2246.614232209738,1714.3970037453184,1664.6479400749063,1360.194756554307,1441.436329588015,1772.6348314606741,4039.760299625468,3162.9531835205994,2318.9513108614233,1764.25468164794,1890.3970037453184,2441.5355805243444,2213.7921348314608,1672.6704119850187,1598.2265917602997,1228.5880149812733,1204.2265917602997,1244.5374531835207,1330.4194756554307,1549.3820224719102,2612.0205992509364,7141.335205992509,8257.211610486891,5458.558052434457,4656.09925093633,6281.662921348315,6641.470037453183,4594.065543071161,5657.213483146067,4051.8464419475654,3138.5187265917602,2196.14606741573,1832.7397003745318,1445.2621722846443,1452.3202247191011,1214.1310861423221,1377.496254681648,1283.5374531835207,1636.8857677902622,2078.0224719101125,2745.2808988764045,2118.571161048689,1824.0224719101125,1653.616104868914,2440.0955056179773,3314.9794007490636,5322.670411985018,19515.33520599251,36401.82209737827,23279.333333333332,13574.659176029963,8497.020599250936,5610.546816479401,3519.49063670412,2476.3913857677903,1734.7134831460673,1637.2602996254682,1458.810861423221,1588.3576779026216,1710.123595505618,1844.814606741573,1669.5262172284645,1696.3614232209738,1979.8352059925094,2603.928838951311,2184.6610486891386,2012.9288389513108,1630.7621722846443,1747.878277153558,1913.191011235955,2162.310861423221,1896.3370786516855,1952.121722846442,1646.4719101123596,1700.5917602996255,1720.4194756554307,2899.794007490637,5036.88202247191,15222.672284644195,30174.3670411985,19228.876404494382,10942.72097378277,7292.056179775281,4703.262172284644,3904.3576779026216,4585.750936329588,5084.75468164794,4517.827715355806,3225.2846441947568,2333.818352059925,2421.483146067416,3428.85393258427,8723.421348314607,27295.33520599251,20268.803370786518,11204.329588014982,7494.925093632959,5354.904494382023,4311.460674157303,3075.8670411985017,2619.9681647940074,3580.2546816479403,4576.717228464419,3031.6479400749063,2597.9700374531835,2367.835205992509,2242.7453183520597,2412.6610486891386,2487.9756554307114,1958.5486891385767,1740.7097378277153,1522.8426966292134,1504.3408239700375,1669.9138576779026,2055.3370786516853,2822.507490636704,4126.897003745318,3929.6498127340824,2874.4887640449438,2159.9438202247193,1938.7752808988764,1475.9681647940074,1404.4007490636704,1278.9662921348315,1392.0786516853932,1218.2790262172284,1271.0786516853932,1249.750936329588,1313.5131086142321,1305.3614232209738,1430.9981273408239,1113.938202247191,1172.5543071161048,1078.694756554307,1304.0168539325844,1556.7397003745318,2039.4794007490636,1612.5936329588014,1539.0056179775281,1910.7696629213483,2078.2172284644193,1546.698501872659,1393.2715355805244,1407.8352059925094,1623.1460674157304,1723.9625468164793,1587.3988764044943,1223.8520599250937,1241.681647940075,1205.192883895131,1597.6647940074906,1399.9644194756554,1313.8352059925094,1224.4513108614233,1502.878277153558,1995.5505617977528,3656.4119850187267,2474.5973782771534,1995.9681647940074,1992.5355805243446,3050.7153558052432,2087.507490636704,1671.0393258426966,1346.9138576779026,1356.625468164794,1457.6142322097378,1707.6086142322097,1463.612359550562,2112.249063670412,1831.4138576779026,1540.5430711610486,1250.8464419475656,1241.4007490636704,1194.447565543071,1729.9606741573034,5758.101123595506,6336.913857677902,3864.85393258427,3137.732209737828,2326.63670411985,1818.2602996254682,1959.6441947565543,2108.983146067416,1683.1760299625469,1633.0505617977528,1457.9213483146068,1355.6835205992509,1271.1104868913858,1909.2378277153557,2093.0468164794006,1817.8520599250937,2631.7303370786517,2931.1853932584268,1872.3913857677903,1637.1067415730338,1275.9681647940074,1284.9943820224719,1357.1011235955057,2771.9531835205994,13203.44756554307,13058.75468164794,8073.681647940075,5342.110486891385,4598.177902621723,6271.024344569289,3855.3651685393256,2466.698501872659,2117.7284644194756,3041.436329588015,2356.9887640449438,1749.0805243445693,1313.6516853932585,1278.2397003745318,1185.7209737827716,1263.2022471910113,1151.5580524344568,1259.252808988764,1456.6591760299625,2125.067415730337,7829.365168539326,20988.16479400749,15699.711610486891,8288.481273408239,4815.37265917603,3060.6516853932585,1939.7752808988764,1970.758426966292,2570.078651685393,2095.876404494382,1770.9925093632958,2255.936329588015,1946.7734082397003,1740.9213483146068,1398.5337078651685,1552.6179775280898,1688.8314606741574,1682.3595505617977,2077.9850187265915,4669.610486891385,7392.749063670412,6513.078651685393,4114.490636704119,3201.1423220973784,4789.217228464419,4239.4157303370785,3999.998127340824,3580.0337078651687,3063.8558052434455,2350.794007490637,1754.561797752809,1555.056179775281,1340.2865168539327,1310.689138576779,1086.926966292135,1119.7940074906367,1078.249063670412,1163.2677902621722,1063.752808988764,1244.7734082397003,1066.2696629213483,1130.6067415730338,967.9662921348314,1111.752808988764,1160.9513108614233,1384.052434456929,1251.247191011236,1288.625468164794,1293.4513108614233,2126.928838951311,2225.3426966292136,2823.8520599250937,2867.2359550561796,2584.2977528089887,2223.192883895131,1895.5018726591761,1872.8483146067415,2884.62734082397,4162.11797752809,3762.8239700374534,3002.6554307116103,2595.5355805243444,2035.9157303370787,1763.996254681648,1463.616104868914,1399.5842696629213,1268.3408239700375,1633.1498127340824,4571.082397003745,7986.887640449439,5237.11797752809,3485.7041198501875,2217.897003745318,1970.3632958801497,3233.61797752809,3072.1086142322097,2225.0149812734085,3003.9962546816478,8875.464419475655,12354.119850187266,11345.807116104868,6447.185393258427,3743.2116104868915,2628.7621722846443,1932.7247191011236,2722.7378277153557,6962.496254681648,5438.028089887641,2999.760299625468,2043.6460674157304,1482.1460674157304,1374.9101123595506,1668.249063670412,3375.4044943820227,3390.8932584269664,3208.9756554307114,2306.2696629213483,2670.8220973782772,8218.32584269663,13344.078651685393,14895.31086142322,8206.014981273409,4445.061797752809,3559.1666666666665,5551.181647940075,16439.71161048689,10874.374531835207,5510.619850187266,4259.988764044944,3649.063670411985,2110.303370786517,1763.9101123595506,1366.4325842696628,1485.5580524344568,1724.8913857677903,1573.1048689138577,1437.7996254681648,1742.4007490636704,1592.3970037453184,2194.913857677903,4556.0692883895135,3462.8838951310863,1909.5,1527.430711610487,1176.2003745318352,1318.4925093632958,1672.556179775281,1465.2003745318352,1154.5262172284645,1428.3970037453184,2056.932584269663,2276.5880149812733,1950.878277153558,2917.067415730337,2229.64606741573,2212.6067415730336,5156.464419475656,4560.260299625468,2839.8146067415732,2044.9850187265918,1642.2771535580525,3777.380149812734,3788.803370786517,2468.767790262172,2439.743445692884,3716.878277153558,3122.623595505618,3774.456928838951,3600.2977528089887,3483.8389513108614,6539.490636704119,11817.13670411985,7559.848314606742,4137.601123595506,2413.196629213483,1926.0861423220974,1407.0767790262173,1342.301498127341,1186.5767790262173,1296.74531835206,1517.619850187266,3562.614232209738,7753.39138576779,5465.9925093632955,3108.4101123595506,4208.692883895131,12399.202247191011,10331.565543071161,5044.526217228465,3247.275280898876,2979.614232209738,4440.604868913858,4444.322097378277,3687.749063670412,2529.3464419475654,1850.6685393258426,1278.3408239700375,1128.5187265917602,1118.434456928839,1289.6367041198503,1128.2022471910113,1105.069288389513,1291.9700374531835,2125.8988764044943,1960.9681647940074,1781.6760299625469,2276.058052434457,4563.080524344569,3891.2209737827716,2688.664794007491,2009.0093632958801,5617.511235955056,14474.12734082397,20709.23595505618,12544.9531835206,5541.973782771535,2652.6404494382023,1760.3202247191011,1280.9625468164793,1764.2958801498128,1663.623595505618,1426.3333333333333,1164.3913857677903,1202.1479400749063,1076.8651685393259,1166.6142322097378,1136.3857677902622,1448.0243445692884,1619.383895131086,3006.445692883895,13986.762172284643,23865.063670411986,13085.692883895132,5653.346441947566,2930.1404494382023,1916.5449438202247,1381.5355805243446,1433.4007490636704,1354.5205992509364,1332.438202247191,1219.0374531835207,1230.808988764045,1317.367041198502,1602.876404494382,1849.6348314606741,1813.883895131086,1511.808988764045,1592.192883895131,1713.0205992509364,4378.926966292135,16178.852059925093,30486.01498127341,22824.157303370786,9840.511235955057,4361.161048689139,2577.2209737827716,1925.8520599250937,2023.9794007490636,1506.3464419475656,1336.7172284644196,1274.503745318352,1410.3483146067415,1225.8501872659176,1272.6479400749063,1041.7116104868915,1065.5992509363296,1196.7134831460673,1219.1610486891386,1136.5842696629213,1542.5430711610486,4429.563670411985,6899.795880149813,3822.85393258427,2031.694756554307,1329.7434456928838,1288.573033707865,1509.4981273408239,1537.1647940074906,1219.0224719101125,1303.9419475655432,1157.3464419475656,1328.8913857677903,1254.7303370786517,1404.24531835206,1504.7397003745318,1632.559925093633,1388.056179775281,1443.74531835206,1288.6797752808989,1335.9288389513108,1336.8988764044943,3518.455056179775,8783.275280898877,7837.485018726592,3446.4007490636704,1921.0449438202247,1285.692883895131,1144.9250936329588,1205.9419475655432,1731.3501872659176,2468.5992509363296,7254.357677902622,9884.72097378277,5761.408239700375,2766.0730337078653,1803.1385767790262,1348.7359550561798,1422.8408239700375,1211.496254681648,1196.8820224719102,1085.5955056179776,1250.5056179775281,1400.5505617977528,1812.0898876404494,1663.870786516854,1981.5149812734082,5269.747191011236,18304.24531835206,23065.039325842696,12518.741573033707,5892.312734082397,3455.8333333333335,1955.2022471910113,1492.1310861423221,1059.9700374531835,1146.5543071161048,984.3071161048689,1044.4213483146068,1014.0543071161048,1375.9662921348315,3405.061797752809,5163.756554307116,3312.949438202247,1836.7359550561798,1266.8258426966293,1170.6479400749063,1021.0767790262172,1093.0543071161048,958.5,1081.4456928838952,934.876404494382,1123.9981273408239,1072.7902621722847,1141.056179775281,1142.2284644194756,1151.559925093633,1018.7771535580524,1322.063670411985,1852.0711610486892,7054.683520599251,18579.71722846442,23707.2734082397,12952.52808988764,5881.8558052434455,2973.129213483146,1941.6367041198503,1242.870786516854,1203.8932584269662,1039.7228464419475,1117.0861423220974,933.5786516853933,1031.7696629213483,1083.9157303370787,1115.9063670411986,1015.689138576779,1074.5205992509364,976.4513108614232,1086.3389513108614,969.6460674157304,1116.8576779026216,1739.3951310861423,2982.6067415730336,3388.428838951311,2250.1573033707864,1362.0355805243446,1186.307116104869,991.5636704119851,1095.258426966292,955.5505617977528,1067.8314606741574,978.3932584269663,1047.0992509363296,1050.7977528089887,1216.4176029962546,1190.2153558052435,1218.6835205992509,1064.4550561797753,1167.9906367041199,1038.252808988764,1200.0430711610486,1125.7247191011236,1166.8333333333333,974.7715355805243,1061.6273408239701,1115.0992509363296,1056.4850187265918,1021.0543071161048,1161.7247191011236,1242.4138576779026,1956.192883895131,2466.1760299625466,3037.3651685393256,2032.7790262172284,1410.8632958801497,1039.7153558052435,1053.1666666666667,973.2734082397004,1065.870786516854,902.7865168539325,1047.936329588015,1057.2397003745318,1332.947565543071,1298.2883895131085,1206.6591760299625,1042.7696629213483,1106.805243445693,1038.573033707865,1114.3314606741574,967.8988764044943,1109.3483146067415,984.6966292134831,1119.8951310861423,1033.5711610486892,1074.8988764044943,946.3838951310861,1084.878277153558,1200.818352059925,1493.2977528089887,1495.8932584269662,1765.252808988764,1484.4325842696628,1758.887640449438,1945.5411985018727,2171.6591760299625,1543.3632958801497,1260.9925093632958,1043.2940074906367,1122.8913857677903,1123.6067415730338,1289.4194756554307,1201.9700374531835,1324.6741573033707,1639.7097378277153,2288.767790262172,2750.181647940075,2663.1573033707864,1663.807116104869,1285.5205992509364,1107.9943820224719,1144.74531835206,1040.247191011236,1208.191011235955,1137.4232209737827,1409.563670411985,1536.7752808988764,2706.672284644195,7993.385767790262,16849.833333333332,23948.09925093633,25967.704119850187,14471.367041198502,6193.192883895131,2764.397003745318,1913.2134831460673,1464.1029962546816,1566.2921348314608,1762.0842696629213,2099.604868913858,2020.7172284644196,1800.616104868914,1406.192883895131,1445.1104868913858,1396.0749063670412,1457.6685393258426,1260.8239700374531,1218.7134831460673,1025.9288389513108,1132.5749063670412,931.061797752809,1150.185393258427,996.561797752809,1101.0187265917602,974.316479400749,1004.4344569288389,878.7902621722847,966.501872659176,947.059925093633,1058.8614232209738,919.2265917602996,1062.7902621722847,1355.301498127341,1517.4868913857679,1471.0149812734082,1616.314606741573,1491.7659176029963,2990.760299625468,7664.90074906367,12171.522471910112,16137.455056179775,16824.069288389514,9563.52808988764,4132.1591760299625,2225.380149812734,1991.3277153558051,1933.6142322097378
583.411214953271,505.26728971962615,530.1140186915887,467.0,592.9570093457944,433.781308411215,542.3457943925233,527.211214953271,557.3943925233644,528.3700934579439,583.9981308411215,510.38130841121495,617.7663551401869,479.22616822429904,596.9551401869159,617.8579439252336,658.3028037383177,615.7906542056074,595.3271028037383,571.0822429906542,610.0355140186916,570.9158878504672,680.3626168224299,602.1607476635514,696.1757009345795,679.6355140186915,652.0056074766355,594.1289719626168,644.7009345794393,583.9457943925233,694.1345794392523,613.4616822429906,709.5289719626169,637.7289719626168,711.5663551401869,611.8317757009346,731.1476635514018,593.7757009345794,712.6,599.8504672897196,713.792523364486,643.7607476635515,628.2242990654206,720.3532710280374,671.618691588785,536.9457943925233,651.6355140186915,729.3682242990654,751.9177570093458,632.1607476635514,724.618691588785,694.0728971962617,715.9102803738318,693.0803738317757,746.7102803738318,602.5345794392523,726.8429906542057,656.0579439252336,691.6822429906542,635.5719626168225,702.1345794392523,642.9065420560747,690.4934579439253,626.5457943925234,740.6934579439252,658.0317757009345,728.8429906542057,673.6093457943925,624.8018691588785,731.7327102803738,682.1439252336448,671.7682242990654,728.1046728971962,644.5719626168225,716.3420560747663,680.9233644859813,745.192523364486,681.9570093457944,694.2056074766355,824.5682242990654,774.2448598130841,676.3383177570093,733.996261682243,719.4728971962617,743.4093457943925,697.8485981308411,785.0,653.8205607476635,712.1345794392523,714.0766355140187,749.5906542056075,664.9214953271028,780.0990654205607,764.3327102803738,728.0485981308411,750.7663551401869,754.014953271028,728.0953271028037,792.2,703.2953271028038,792.7345794392523,719.4224299065421,752.6411214953271,707.4953271028037,682.1514018691589,697.1401869158879,811.7644859813084,669.226168224299,767.7794392523365,702.1252336448598,647.226168224299,840.4018691588785,833.9700934579439,746.1046728971962,777.8934579439252,737.0953271028037,844.4074766355141,717.1065420560748,800.8504672897196,771.4392523364486,771.2859813084112,777.3794392523364,826.5439252336448,740.6,798.0168224299066,709.626168224299,769.3364485981308,724.1308411214953,846.7457943925234,799.8654205607477,820.5177570093458,764.1158878504673,843.4710280373831,741.4691588785047,757.1028037383178,743.014953271028,819.2130841121495,781.4523364485981,824.0841121495328,671.4878504672897,773.8504672897196,693.6056074766356,678.8093457943925,824.2841121495327,861.2897196261682,758.5495327102803,780.2242990654206,777.203738317757,788.9214953271028,802.0822429906542,790.8598130841121,730.9271028037383,769.3420560747663,749.8205607476635,851.3084112149533,804.9420560747664,790.2859813084112,786.0467289719626,770.5607476635514,691.588785046729,834.5065420560747,800.7177570093457,769.1401869158879,782.7981308411215,834.1757009345795,776.992523364486,800.6990654205607,797.596261682243,850.4579439252336,719.1981308411215,869.3084112149533,800.977570093458,845.43738317757,773.4205607476636,742.9551401869159,871.9420560747664,891.6841121495327,778.8803738317757,853.6149532710281,760.6355140186915,898.2822429906543,792.4710280373831,803.4336448598131,803.4672897196261,772.4093457943925,758.6,835.8747663551402,816.5308411214953,796.5644859813084,824.8878504672897,827.3850467289719,811.1401869158879,844.3457943925233,779.5794392523364,862.7682242990654,769.8785046728972,863.8747663551402,821.9607476635514,830.5345794392523,887.6317757009346,807.8429906542057,835.4728971962617,875.1084112149533,825.6093457943925,853.5663551401869,774.8990654205608,737.8392523364486,913.8785046728972,818.0392523364486,836.6878504672898,874.5495327102803,805.7289719626168,862.829906542056,796.5439252336448,856.7869158878505,816.7981308411215,864.9682242990655,785.5121495327103,821.5271028037383,797.3214953271028,847.3532710280374,844.192523364486,881.0542056074767,814.0168224299066,877.5383177570094,866.0560747663551,833.7476635514018,788.9401869158878,820.9831775700934,871.622429906542,879.4934579439253,847.4448598130841,869.7084112149532,878.5102803738317,867.8934579439252,876.3102803738318,807.1943925233645,785.1588785046729,785.4130841121495,918.3084112149533,870.4803738317758,831.3196261682243,793.4766355140187,818.9102803738318,827.5140186915888,810.8747663551402,851.8373831775701,758.0878504672897,816.6448598130842,841.5495327102803,786.4392523364486,833.207476635514,772.6299065420561,775.4878504672897,841.9233644859813,799.396261682243,799.0785046728972,810.0317757009345,843.1869158878504,837.7308411214954,836.5102803738317,858.8018691588785,874.3439252336449,769.414953271028,892.4,813.0822429906542,845.4261682242991,887.9757009345794,839.1158878504673,816.4971962616822,885.4429906542056,952.9289719626169,900.207476635514,814.8598130841121,947.5495327102803,859.3644859813085,868.6056074766356,869.4934579439253,854.2803738317757,848.2149532710281,883.773831775701,781.3757009345794,815.6579439252337,852.2149532710281,848.7046728971962,885.1644859813084,861.229906542056,879.9289719626169,857.2093457943926,783.603738317757,881.7177570093457,812.2355140186916,838.8859813084113,846.4542056074766,875.3869158878505,847.9981308411215,889.5532710280373,802.3476635514019,865.6803738317757,818.6523364485981,865.1532710280374,817.2523364485982,789.1345794392523,977.8635514018691,901.8672897196261,894.2672897196262,835.8093457943925,814.0205607476636,865.1065420560748,842.5345794392523,856.8691588785047,887.3551401869158,831.5775700934579,836.2915887850468,895.2355140186916,833.6841121495327,913.796261682243,818.3850467289719,849.3177570093458,870.6672897196262,900.56261682243,860.4093457943925,900.2355140186916,902.5794392523364,893.2467289719626,848.8317757009346,881.585046728972,893.9495327102803,840.9757009345794,918.8280373831776,916.788785046729,858.3308411214954,903.4672897196261,815.1140186915887,780.4953271028037,1018.3663551401869,1043.4299065420562,927.0953271028037,916.1084112149533,911.1813084112149,950.4429906542056,849.4560747663552,921.0467289719626,844.3457943925233,885.3345794392524,940.4672897196261,824.9028037383177,919.8803738317757,977.807476635514,922.1775700934579,964.041121495327,909.2822429906543,918.2654205607477,902.6280373831776,945.9719626168225,944.0205607476636,929.6841121495327,892.1719626168224,901.9700934579439,892.8710280373832,876.3121495327102,883.8467289719626,931.3308411214954,930.4785046728972,934.7345794392523,856.5327102803739,825.6,965.1869158878504,961.2654205607477,925.3700934579439,957.2149532710281,1013.4224299065421,1109.5345794392524,1034.3626168224298,962.8747663551402,919.7514018691588,919.0878504672897,922.6766355140187,970.7065420560748,915.3831775700935,935.6598130841121,973.5775700934579,981.8542056074766,965.1682242990654,986.588785046729,914.9233644859813,1003.9065420560747,933.1738317757009,989.0822429906542,965.811214953271,1043.5757009345793,1016.5757009345795,951.992523364486,933.4897196261683,964.9700934579439,912.9102803738318,959.585046728972,925.1495327102804,853.5943925233645,1060.566355140187,949.211214953271,968.7906542056074,997.388785046729,942.9476635514019,1024.3271028037384,963.5289719626169,973.4429906542056,1037.9682242990655,1019.2635514018691,948.6579439252337,1008.0336448598131,940.1308411214953,947.3981308411215,1001.9214953271028,1065.4728971962618,1030.3271028037384,1071.8205607476636,1004.2317757009346,1025.618691588785,983.1607476635514,985.2766355140187,1039.0504672897196,991.6822429906542,999.3626168224299,1061.5757009345793,1031.3420560747663,1039.856074766355,1015.7457943925234,1053.2299065420561,920.4093457943925,970.7719626168224,1195.1906542056074,1023.2672897196262,1108.5700934579438,1076.8990654205606,1044.7196261682243,1141.8822429906543,1182.0336448598132,1233.2280373831775,1055.9682242990655,1055.8691588785048,982.1719626168224,974.6280373831776,1026.233644859813,1049.2822429906541,1002.6822429906542,1056.9532710280373,1005.0897196261682,1056.917757009346,1035.7308411214954,1009.9383177570094,991.2429906542056,1082.5495327102803,1004.9084112149533,1065.0280373831777,1113.426168224299,1086.3906542056075,1031.9252336448599,963.7327102803738,970.0373831775701,1010.4205607476636,950.4579439252336,960.0168224299066,1081.521495327103,1090.5719626168225,957.585046728972,1002.211214953271,1048.6915887850466,1198.8785046728972,1154.014953271028,1141.332710280374,976.2822429906543,1028.1102803738318,1019.7775700934579,1054.4542056074765,1166.0598130841122,1191.0467289719627,1152.8,1010.3289719626168,990.3420560747663,1014.4205607476636,1028.6280373831776,1131.6448598130842,1100.0467289719627,1081.4242990654207,1034.3364485981308,1065.1551401869158,1082.3289719626168,1277.4728971962618,1247.1383177570094,1275.6654205607476,1110.2205607476635,1089.6635514018692,994.5308411214953,984.1046728971962,1119.2355140186917,1061.6093457943925,983.2822429906543,1090.9495327102804,1098.0224299065421,1100.9252336448599,1137.9476635514018,1100.5420560747664,1049.392523364486,1101.4130841121496,1150.4878504672897,1259.6205607476636,1065.5308411214953,1117.192523364486,1116.973831775701,1187.9345794392523,1189.8355140186916,1157.5514018691588,1076.1214953271028,1269.614953271028,1194.2579439252336,1134.0056074766355,1118.452336448598,1137.170093457944,1127.2280373831775,1180.2654205607478,1119.988785046729,1106.1420560747663,1038.4130841121496,1114.181308411215,1048.4392523364486,960.9177570093458,1167.4168224299065,1125.381308411215,1095.6747663551403,1111.7196261682243,1157.1682242990655,1252.3158878504673,1091.6542056074766,1172.5943925233644,1209.0485981308411,1096.0392523364485,1129.792523364486,1112.1401869158879,990.2224299065421,1151.6467289719626,1075.2317757009346,1079.6018691588786,1001.43738317757,1123.0616822429906,1083.3233644859813,1067.0018691588784,1071.8392523364487,1040.592523364486,999.7570093457944,1102.3196261682242,1063.8467289719626,1090.596261682243,1097.6766355140187,1164.3738317757009,1036.0485981308411,1118.7439252336449,1041.026168224299,1090.6373831775702,1109.0168224299066,1200.611214953271,1188.3682242990653,1133.1121495327102,1185.5869158878504,1268.3532710280374,1150.648598130841,1209.7981308411215,1160.1981308411214,1287.196261682243,1172.3495327102803,1213.955140186916,1163.1345794392523,1017.3682242990654,1100.6355140186915,1207.3233644859813,1160.4841121495326,1188.2785046728973,1043.2485981308412,1072.9570093457944,1052.9943925233645,1257.7495327102804,1300.143925233645,1247.1084112149533,1114.0093457943926,1044.0710280373833,1007.4859813084112,1205.3214953271029,1139.6355140186915,1300.6728971962616,1151.181308411215,1103.3532710280374,1270.5906542056075,1415.1457943925234,1272.0598130841122,1152.2429906542056,1033.4186915887851,1088.1794392523364,1041.603738317757,1123.5140186915887,1142.6448598130842,1153.577570093458,1089.7607476635515,1075.87476635514,1037.0504672897196,1162.3140186915887,1153.6523364485981,1259.633644859813,1044.7233644859814,1151.747663551402,1018.3626168224299,1118.8822429906543,1113.177570093458,1368.9009345794393,1053.8448598130842,1041.9588785046728,1000.992523364486,1131.1981308411214,1149.018691588785,1271.2542056074767,1041.3065420560747,1042.3364485981308,933.5663551401869,1078.6934579439253,1256.5813084112149,1240.5364485981308,1076.9775700934579,1124.985046728972,1065.5252336448598,1211.385046728972,1143.5140186915887,1150.1383177570094,1118.558878504673,1125.4392523364486,1205.9514018691589,1277.0859813084112,1085.6859813084113,1024.3383177570092,1085.222429906542,1294.5364485981308,1421.588785046729,1582.4728971962618,1241.0,1203.3906542056075,1106.0747663551401,1099.7252336448598,1067.5327102803737,1116.5906542056075,1086.0355140186916,1297.7514018691588,1055.192523364486,1072.3383177570092,962.7102803738318,1012.229906542056,954.9214953271028,1010.229906542056,1080.5065420560747,1235.788785046729,1187.9271028037383,1100.0523364485982,1023.9028037383177,1113.547663551402,1069.0242990654206,1143.4018691588785,1158.4280373831775,1123.5757009345793,1025.0990654205607,1034.9476635514018,986.5364485981308,1042.214953271028,1003.3700934579439,1116.2168224299066,1075.3252336448597,1164.3943925233646,1191.218691588785,1352.0523364485982,1077.411214953271,1105.244859813084,1011.5121495327103,1029.6467289719626,976.981308411215,1109.4429906542057,1040.755140186916,1209.7457943925233,1250.3420560747663,1530.4317757009346,1594.6205607476636,1195.8728971962616,1182.7981308411215,1194.1140186915889,1102.8130841121495,1523.3570093457945,1782.3607476635514,1676.3102803738318,1860.7271028037383,1530.996261682243,1085.7439252336449,1160.736448598131,1061.4822429906542,1172.6747663551403,1175.16261682243,1503.6168224299065,1861.3794392523364,1570.459813084112,1391.4130841121496,1559.1850467289719,1433.970093457944,1479.177570093458,1388.4616822429907,1782.9906542056074,2646.996261682243,3247.4915887850466,2483.4691588785045,1908.2056074766356,1525.747663551402,1494.5570093457943,1618.2242990654206,2374.472897196262,2720.3065420560747,1577.936448598131,1377.0934579439252,1330.4056074766356,1337.2392523364485,1349.1495327102805,1167.633644859813,1312.7495327102804,1227.8130841121495,1599.2355140186917,1738.1140186915889,1447.1906542056074,1145.2934579439252,1237.736448598131,1194.4485981308412,1508.5719626168225,1970.0392523364485,2484.714018691589,2693.5289719626167,2224.5401869158877,1472.5289719626169,1754.0504672897196,1422.9289719626167,1415.441121495327,1585.6317757009347,2031.6934579439253,1752.3214953271029,1371.5906542056075,1489.4130841121496,1426.577570093458,1430.755140186916,1941.1177570093457,1630.6560747663552,1446.8598130841121,1631.8728971962616,1515.8149532710281,1215.7121495327103,1367.6542056074766,1599.6990654205608,2232.7981308411213,1803.9644859813084,1867.2130841121495,1580.796261682243,1385.7794392523365,1272.8504672897195,1319.9345794392523,1421.856074766355,1800.5420560747664,1964.3140186915887,1887.1682242990655,2481.2093457943924,3202.6056074766357,3915.4355140186917,3049.1794392523366,2469.3700934579438,1948.8205607476636,1762.8915887850467,1499.2691588785046,1205.1046728971962,1344.6093457943925,1511.1457943925234,1972.8672897196261,2466.992523364486,1759.459813084112,1342.4,1314.5345794392524,1473.1943925233645,1517.573831775701,1159.0691588785046,1393.566355140187,1462.5532710280374,1992.3308411214953,2957.495327102804,3630.3794392523364,1795.8579439252337,1453.2878504672897,1369.0504672897196,1821.0803738317757,2361.426168224299,2217.2392523364488,1509.5570093457943,1444.0523364485982,1366.1364485981308,1652.0747663551401,1533.7196261682243,1875.2280373831775,2610.042990654206,3587.4429906542055,2236.4205607476633,2264.0242990654206,2505.089719626168,1715.955140186916,1377.0747663551401,1486.3028037383178,1733.818691588785,2614.9345794392525,3301.5289719626167,2457.256074766355,1721.8654205607477,1837.83738317757,2310.0093457943926,1585.0616822429906,1220.029906542056,1369.6785046728971,1228.585046728972,1309.214953271028,1280.8542056074766,1547.5831775700935,1248.377570093458,1366.1289719626168,1226.577570093458,1236.2822429906541,1151.1663551401869,1274.9495327102804,1330.3383177570092,1723.0504672897196,1662.9457943925233,1913.226168224299,1388.1476635514018,1401.5102803738318,1209.7065420560748,1318.3214953271029,1423.3046728971963,1659.2018691588785,1664.1383177570094,1790.1084112149533,1701.7271028037383,1686.7457943925233,1493.566355140187,1648.2598130841122,1865.7439252336449,1694.5551401869159,1632.1663551401869,2124.9757009345794,1875.5289719626169,1625.585046728972,1474.6635514018692,1477.029906542056,1416.4728971962618,1795.4317757009346,2323.581308411215,2536.0728971962617,1739.573831775701,1371.0542056074767,1426.4579439252336,1964.5551401869159,1607.1682242990655,1865.5158878504674,2055.8841121495325,2022.9308411214954,1926.3532710280374,1823.1327102803739,1622.9775700934579,1726.0897196261683,1337.8448598130842,1424.9981308411216,1389.4953271028037,1511.7607476635515,1384.8934579439253,1480.0971962616823,1353.4355140186915,1505.3869158878504,1750.1719626168224,1670.5177570093458,1441.9121495327104,1536.8878504672898,1470.0280373831777,1599.0990654205607,1805.96261682243,1906.0355140186916,1864.7065420560748,1836.9233644859812,1679.003738317757,1968.2785046728973,2297.551401869159,2704.418691588785,2679.4317757009344,2263.0654205607475,1888.5700934579438,2209.8691588785045,2260.3271028037384,2084.499065420561,1996.4915887850468,2008.1663551401869,1812.244859813084,1866.6654205607476,1789.0878504672896,1759.0728971962617,1813.796261682243,1894.7439252336449,1783.271028037383,2907.11214953271,2978.8467289719624,1976.8990654205606,1822.8355140186916,2156.022429906542,1573.5607476635514,1834.03738317757,1698.2766355140186,1656.1028037383178,1822.9570093457944,2229.5794392523367,2776.9383177570094,3036.9813084112147,1788.9383177570094,2048.4392523364486,2841.751401869159,4043.611214953271,4971.304672897196,3774.448598130841,2422.3439252336448,1965.8523364485982,2267.9158878504672,2838.267289719626,3068.2728971962615,4175.656074766355,4021.957009345794,3942.5345794392524,4735.616822429906,5172.485981308411,4892.771962616823,3274.872897196262,2660.74953271028,3402.3962616822428,2350.856074766355,1668.9233644859812,1678.6280373831776,2037.5364485981308,2107.3962616822428,2076.8280373831776,1877.0242990654206,2143.4205607476633,2262.1364485981308,1809.192523364486,1919.252336448598,2975.319626168224,3024.2280373831777,2456.03738317757,2207.867289719626,2486.256074766355,1889.7757009345794,1933.0803738317757,2113.0392523364485,2589.299065420561,2757.319626168224,2445.56261682243,1831.3719626168224,1649.7308411214954,1493.433644859813,1903.5644859813085,2599.4429906542055,2956.9906542056074,2432.723364485981,2162.47476635514,1872.7719626168225,2611.7102803738317,2944.495327102804,2375.0056074766353,3136.8056074766355,3337.28785046729,2497.9065420560746,3047.6934579439253,2980.648598130841,3024.9607476635515,2337.5177570093456,1929.252336448598,2157.9757009345794,2867.314018691589,3859.4242990654207,5030.558878504673,4381.895327102804,4415.555140186916,3593.957009345794,3556.807476635514,3248.1252336448597,3606.080373831776,4019.9065420560746,3810.069158878505,4588.538317757009,4825.887850467289,3166.0280373831774,2408.080373831776,1894.3084112149534,2229.3607476635516,2452.7906542056076,3403.680373831776,3732.52523364486,3402.785046728972,3515.3906542056075,3822.5495327102803,4667.601869158879,5159.983177570093,3571.207476635514,4159.347663551402,4022.7682242990654,2973.908411214953,3326.6429906542057,4064.5401869158877,3626.0654205607475,3455.347663551402,3034.164485981308,3875.059813084112,3811.867289719626,3903.495327102804,3890.9457943925236,4621.551401869159,3626.095327102804,3098.3383177570095,3092.164485981308,3850.807476635514,3928.6728971962616,3331.5289719626167,2457.3943925233643,1960.7177570093459,1545.9943925233645,1765.1644859813084,1617.76261682243,1505.4990654205608,1467.5813084112149,1662.8130841121495,1412.7308411214954,1480.452336448598,1488.9457943925233,1488.7495327102804,1441.03738317757,1561.370093457944,1681.4280373831775,1850.2392523364485,1784.8598130841121,2654.2579439252336,3578.6897196261684,3120.0934579439254,2310.422429906542,1561.063551401869,1332.7495327102804,1650.618691588785,1934.003738317757,2264.2242990654204,1496.9869158878505,1657.4728971962618,1544.6579439252337,1670.566355140187,1824.3102803738318,1863.381308411215,1304.3214953271029,1425.5831775700935,1476.1383177570094,1731.573831775701,1898.003738317757,2134.47476635514,2695.0205607476637,3422.7757009345796,2519.8018691588786,2119.844859813084,2344.345794392523,1652.214953271028,1400.6728971962616,1484.1831775700934,1430.7439252336449,1770.3476635514019,2460.026168224299,3131.6168224299067,1888.3682242990653,1987.2598130841122,2354.6897196261684,2880.441121495327,3652.0672897196264,2577.6299065420562,1738.0224299065421,2408.74953271028,2015.16261682243,1691.4635514018692,1349.056074766355,1730.2728971962617,2112.4691588785045,2734.5981308411215,2013.777570093458,2456.078504672897,2672.033644859813,2319.7794392523365,1377.8242990654205,1518.3682242990653,1549.358878504673,1980.3065420560747,2766.740186915888,4717.7925233644855,5779.665420560747,6073.510280373832,3316.558878504673,1805.3271028037384,1380.2934579439252,1422.2018691588785,1264.8542056074766,1503.936448598131,1544.7271028037383,2204.3383177570095,2726.3943925233643,3373.3906542056075,3660.8971962616824,4394.265420560748,2224.0317757009348,1910.2990654205607,1825.8336448598131,2086.1046728971965,2194.1981308411214,3147.781308411215,4109.809345794392,3332.652336448598,2403.248598130841,3265.127102803738,2446.9065420560746,1620.1158878504673,1446.1794392523364,1753.7233644859814,2167.8018691588786,3356.732710280374,2633.170093457944,1863.7252336448598,1793.603738317757,2091.4018691588785,2216.4822429906544,2489.4205607476633,2071.0056074766353,1717.781308411215,2105.8429906542056,2168.373831775701,2034.9102803738317,3321.5719626168225,3099.5308411214955,1948.76261682243,1845.8018691588786,2853.7869158878507,3011.1457943925234,2414.8803738317756,2784.8859813084114,4056.452336448598,5598.357009345795,3915.1794392523366,1975.3439252336448,1591.7644859813083,1275.9794392523365,1438.2411214953272,1376.811214953271,1804.1663551401869,1543.2953271028036,1457.7495327102804,1289.5981308411215,1365.8635514018692,1106.7084112149532,1248.6093457943925,1280.8448598130842,1320.7327102803738,1344.736448598131,1357.0542056074767,1096.6878504672898,1428.403738317757,1442.3457943925234,1343.143925233645,1117.3028037383178,1255.5514018691588,1115.12523364486,1235.2897196261683,1172.4654205607476,1330.585046728972,1097.9196261682243,1262.7121495327103,1087.5196261682242,1398.12523364486,1197.2317757009346,1246.0728971962617,1101.1850467289719,1210.7065420560748,1126.026168224299,1221.196261682243,1203.1196261682244,1448.588785046729,1144.8429906542056,1236.667289719626,1140.1682242990655,1215.3214953271029,1063.0093457943926,1150.1420560747663,1317.396261682243,1487.955140186916,1472.5308411214953,1418.082242990654,1407.0542056074767,1770.7757009345794,1870.955140186916,1622.7607476635515,1736.5700934579438,2387.407476635514,1587.1850467289719,1290.1196261682244,1144.9084112149533,1244.9289719626167,1242.736448598131,1173.917757009346,1090.8822429906543,1319.407476635514,1074.2317757009346,1283.5644859813085,1098.414953271028,1257.1607476635513,1171.9495327102804,1164.7009345794393,1081.4672897196263,1184.6579439252337,1190.151401869159,1542.9719626168223,1797.1476635514018,1648.8822429906543,1325.6803738317758,1296.4841121495326,1462.4897196261682,1454.796261682243,1259.973831775701,1426.7439252336449,1467.8448598130842,1680.3158878504673,1294.5719626168225,1185.5514018691588,1159.822429906542,1288.7439252336449,1259.6523364485981,1688.3252336448597,1960.7121495327103,1766.6429906542055,1272.0467289719627,1358.788785046729,1460.2971962616823,1968.4710280373831,1455.826168224299,1438.3364485981308,1512.856074766355,1850.9532710280373,1985.1121495327102,2004.6093457943925,1581.4280373831775,1474.4056074766356,1316.5794392523364,1639.9663551401868,1337.014953271028,1273.0990654205607,1090.4205607476636,1279.4822429906542,1417.9084112149533,1463.7682242990654,1562.1158878504673,1804.7532710280375,1430.6654205607476,1733.8803738317756,2132.43738317757,2268.052336448598,1579.7308411214954,1704.7065420560748,1841.8523364485982,1663.3345794392524,1550.9084112149533,1777.9345794392523,1938.5140186915887,2278.92523364486,1629.9495327102804,1941.8785046728972,2315.1308411214955,3089.0971962616823,1950.792523364486,1791.385046728972,1724.781308411215,1775.6,2193.8691588785045,3578.8018691588786,4523.108411214953,3346.499065420561,2701.88785046729,3268.966355140187,2033.2654205607478,1662.8093457943926,2002.7252336448598,2865.5943925233646,2370.6785046728974,2694.9289719626167,2413.4242990654207,2587.592523364486,2505.276635514019,3534.914018691589,2707.1345794392523,1915.2280373831775,1527.0542056074767,1751.5383177570093,2281.2,2051.740186915888,1392.6168224299065,1790.8971962616822,2672.751401869159,3699.9177570093457,2475.633644859813,3060.3570093457943,3174.106542056075,3128.03738317757,4294.915887850468,3355.740186915888,2374.0280373831774,4047.293457943925,4988.459813084112,2793.0878504672896,2161.478504672897,3320.5719626168225,5000.639252336448,5608.607476635514,4865.394392523364,3694.4429906542055,2838.9869158878505,3122.25046728972,5089.226168224299,7138.970093457944,4752.7663551401865,3373.0710280373833,5312.764485981308,8712.082242990655,5720.684112149533,3399.1233644859813,2061.56261682243,1857.0485981308411,2080.1345794392523,3221.8897196261682,3347.308411214953,3404.5831775700935,4329.091588785047,6562.2074766355145,4437.983177570093,2635.426168224299,1979.8822429906543,1492.3626168224298,1316.8635514018692,1623.6616822429908,1599.8093457943926,2017.3794392523364,3119.5383177570093,3348.6205607476636,2024.0392523364485,1723.1570093457944,1772.8411214953271,1751.9196261682243,1437.3177570093458,1780.1644859813084,2380.9495327102804,3534.6018691588783,2677.8093457943924,2330.117757009346,2328.8747663551403,1750.856074766355,1478.6841121495327,1704.411214953271,2384.7308411214954,2388.1046728971965,1561.7794392523365,1602.4803738317758,1495.826168224299,1834.3869158878504,1404.1663551401869,1559.358878504673,1560.0523364485982,2195.9794392523363,2546.095327102804,2298.229906542056,1861.4859813084113,1529.366355140187,1390.7214953271027,1596.9009345794393,1493.014953271028,1593.3158878504673,1956.5327102803737,1839.9981308411216,1459.7607476635515,1524.8691588785048,1320.8859813084111,1593.9196261682243,2120.4018691588785,3318.091588785047,2338.381308411215,1637.1551401869158,1549.6915887850466,1515.2242990654206,1407.0841121495328,1687.8710280373832,1413.1831775700934,1584.6093457943925,1934.0130841121495,2931.1943925233645,4053.4130841121496,4016.411214953271,1930.0504672897196,1858.7121495327103,2397.3383177570095,2838.8317757009345,1755.4299065420562,1570.6,1555.0654205607477,2415.7906542056076,2164.3644859813085,2405.685981308411,2945.8280373831776,2098.426168224299,1966.641121495327,2296.377570093458,1606.7121495327103,1680.5551401869159,2053.6691588785047,2220.723364485981,1341.8411214953271,1383.5084112149532,1173.396261682243,1304.3140186915887,1238.3869158878504,1441.252336448598,1385.2056074766356,1881.6766355140187,2795.7364485981307,2345.3308411214953,1270.441121495327,1280.0710280373833,1222.8728971962616,1512.7084112149532,1207.1869158878505,1435.9214953271028,1153.618691588785,1439.4672897196263,1300.773831775701,1254.0654205607477,1230.6579439252337,1336.614953271028,1347.3738317757009,1898.9775700934579,2268.132710280374,1785.7682242990654,1615.788785046729,2558.5121495327103,2533.282242990654,1527.785046728972,1398.5233644859813,1611.4093457943925,1529.4355140186915,1515.151401869159,1220.3626168224298,1537.6261682242991,1898.5644859813085,2400.1570093457944,2737.7869158878507,2015.6953271028037,1395.9457943925233,1580.796261682243,1634.4934579439253,2243.8392523364487,1702.2897196261683,1765.6710280373832,1706.177570093458,2255.588785046729,1649.5196261682242,1634.018691588785,1933.8,2155.680373831776,1389.0710280373833,1451.459813084112,1673.9028037383177,2852.947663551402,3598.9327102803736,2127.9719626168226,1712.3383177570092,1890.3233644859813,1442.1028037383178,1508.811214953271,1525.8018691588786,1689.1233644859813,1482.0523364485982,1532.4747663551402,1459.192523364486,2185.1943925233645,3775.3943925233643,3923.92523364486,1674.1271028037384,1473.8392523364487,1304.9719626168223,1378.1551401869158,1438.5345794392524,1670.181308411215,1408.9308411214954,1998.3719626168224,1827.4710280373831,1739.271028037383,1271.3289719626168,1271.6504672897197,1122.0018691588784,1289.9028037383177,1217.4018691588785,1489.9158878504672,1694.8429906542056,1885.2579439252336,1407.0504672897196,1353.8429906542056,1221.8971962616822,1492.7943925233644,1582.6242990654205,1706.4654205607476,1701.4971962616823,2252.373831775701,1998.1401869158879,1467.12523364486,1372.4747663551402,1599.7457943925233,1854.3757009345795,2056.985046728972,1958.1214953271028,2324.214953271028,1857.4504672897197,1730.7028037383177,1397.0056074766355,1626.9065420560748,1721.3345794392524,1810.6953271028037,1386.87476635514,1662.011214953271,1850.5364485981308,2891.8467289719624,4613.553271028038,5057.94953271028,1893.0897196261683,1584.263551401869,1597.8411214953271,1451.5813084112149,1129.1233644859813,1385.6373831775702,1237.0878504672896,1339.9401869158878,1479.5626168224298,1499.003738317757,1223.4467289719626,1421.648598130841,1248.9233644859812,1337.0579439252338,1228.577570093458,1511.8971962616822,1394.7252336448598,1575.1158878504673,1853.3607476635514,2481.803738317757,1792.6242990654205,1313.4859813084113,1171.4056074766356,1376.6448598130842,1318.8392523364487,1860.5383177570093,1624.6785046728971,1563.8803738317756,1208.943925233645,1534.8785046728972,1626.8841121495327,1555.8168224299066,1178.988785046729,1287.8,1175.3794392523364,1237.003738317757,1176.5906542056075,1367.2859813084112,1269.1084112149533,1490.8766355140187,1443.9588785046728,1517.1214953271028,1354.5757009345793,1393.7233644859814,1336.87476635514,1627.4392523364486,2283.0822429906543,2039.2542056074767,1187.4373831775702,1332.381308411215,1240.2205607476635,1255.1289719626168,1188.5794392523364,1407.9214953271028,1500.9794392523365,2372.71214953271,2258.155140186916,1934.5514018691588,1476.2878504672897,1708.1663551401869,1628.521495327103,1608.7177570093459,1726.4803738317758,2465.7869158878507,2900.878504672897,2248.648598130841,1680.540186915888,2124.1626168224298,2376.702803738318,2680.7476635514017,1857.547663551402,2019.5289719626169,3279.334579439252,3847.0990654205607,1837.6504672897197,1475.7102803738317,1357.6878504672898,1508.818691588785,1530.340186915888,1903.0878504672896,1413.151401869159,1450.6747663551403,1471.029906542056,2072.626168224299,3088.543925233645,4638.448598130841,3054.3308411214953,2313.706542056075,2230.276635514019,2838.6691588785047,1891.6635514018692,2326.9532710280373,2668.2654205607478,1777.3214953271029,1455.2654205607478,1865.5308411214953,2264.5831775700935,2645.446728971963,1719.4878504672897,1792.3065420560747,2261.4018691588785,4036.478504672897,6187.482242990654,4417.278504672897,3682.1682242990655,3040.2242990654204,2463.2467289719625,1961.1551401869158,1578.0766355140188,1973.8336448598131,2594.614953271028,4969.2598130841125,4595.278504672897,2223.803738317757,1564.3046728971963,1985.16261682243,2685.256074766355,3956.7214953271027,2219.8542056074766,2040.6728971962616,2440.8747663551403,3652.914018691589,2269.770093457944,1674.5140186915887,1352.381308411215,1487.2616822429907,1552.943925233645,2123.7607476635512,2913.7757009345796,4709.852336448598,4219.6224299065425,5130.921495327103,6596.104672897196,3398.1457943925234,2328.9420560747662,3471.8971962616824,5479.570093457944,5535.463551401869,3047.585046728972,2381.3009345794394,3186.585046728972,6140.024299065421,7131.242990654206,2834.6504672897195,1616.856074766355,1685.5327102803737,1751.0317757009345,1785.7065420560748,1374.7532710280375,1450.9102803738317,1455.0953271028038,1911.8859813084111,1901.9607476635515,2869.3158878504673,3530.299065420561,4397.097196261682,3252.1794392523366,4316.706542056075,6790.6747663551405,5385.371962616822,5885.671028037384,4455.104672897196,2788.7420560747664,3096.127102803738,3456.28785046729,2107.2897196261683,1516.6205607476636,1616.5869158878504,2135.844859813084,2448.5794392523367,1873.3981308411214,2050.164485981308,1843.1476635514018,2475.355140186916,4270.570093457944,6988.517757009346,3371.7682242990654,1992.6822429906542,1853.9457943925233,1717.403738317757,1770.7794392523365,2504.3495327102805,4333.57570093458,7477.403738317757,6051.603738317757,7863.336448598131,4668.396261682243,3818.5570093457945,5159.201869158878,3654.936448598131,2034.0598130841122,1812.633644859813,1766.5439252336448,2203.4205607476633,3361.5794392523367,5893.5476635514015,6273.816822429906,5684.998130841122,5125.173831775701,5437.014953271028,2603.6504672897195,2492.6504672897195,2451.1084112149533,1890.611214953271,1549.6317757009347,1535.777570093458,1529.0317757009345,1794.3644859813085,2309.8205607476634,3687.373831775701,2989.8485981308413,4551.106542056074,4244.846728971963,5625.2990654205605,7020.865420560747,10201.900934579438,17880.592523364485,13123.196261682244,4298.263551401869,2557.7383177570096,2524.700934579439,4376.164485981309,4417.719626168225,5447.897196261682,9345.844859813084,7095.254205607476,3151.7607476635512,1782.0841121495328,1553.2934579439252,2068.8205607476634,2888.5607476635514,4631.626168224299,4710.644859813084,5873.302803738317,3255.1906542056076,1811.9757009345794,1547.226168224299,1596.3121495327102,1520.0504672897196,1841.8429906542056,2225.4598130841123,3284.792523364486,6360.515887850467,5002.919626168225,2143.5457943925235,2097.041121495327,2492.2803738317757,4277.577570093458,4234.467289719626,7191.631775700935,5903.3906542056075,3968.844859813084,1968.1009345794394,1778.955140186916,1875.0,2088.2579439252336,2200.1570093457944,3697.2915887850468,7164.366355140187,5805.998130841122,2398.9439252336447,1815.7028037383177,1433.2915887850468,1557.614953271028,1528.9327102803738,1576.4299065420562,1582.3252336448597,2147.4392523364486,1917.1532710280374,1959.3308411214953,2592.164485981308,2776.063551401869,2998.207476635514,5845.21308411215,8812.84859813084,5425.506542056075,6927.028037383177,5622.570093457944,2394.76261682243,2045.5084112149532,1728.8542056074766,2120.1308411214955,1493.2691588785046,1540.3626168224298,1471.1532710280374,1468.4560747663552,1591.6803738317758,2371.1028037383176,4011.411214953271,8150.358878504673,5371.659813084112,2872.4504672897197,1720.0130841121495,1544.2542056074767,1354.2429906542056,1330.3252336448597,1364.233644859813,1456.3439252336448,1354.6579439252337,1642.785046728972,2008.263551401869,2778.2616822429904,5226.629906542056,5723.844859813084,2348.3046728971963,2037.3420560747663,1917.196261682243,1953.577570093458,1515.3719626168224,1658.2691588785046,1543.233644859813,1516.4299065420562,1565.818691588785,2411.9009345794393,2805.4616822429907,5531.900934579439,3234.347663551402,1720.2130841121495,1363.618691588785,1451.7588785046728,1346.6261682242991,1445.4205607476636,1385.8242990654205,1497.403738317757,1420.5009345794392,1755.8859813084111,2079.2897196261683,3933.0355140186916,3939.0205607476637,2354.758878504673,2148.74953271028,2127.441121495327,1634.0504672897196,1680.0915887850467,1442.8448598130842,1541.177570093458,1561.9046728971962,1949.1719626168224,2536.3700934579438,3790.8766355140187,8437.15140186916,14652.908411214954,10057.83925233645,4053.6018691588783,2160.100934579439,2089.1308411214955,1464.540186915888,1414.0785046728972,1195.4056074766356,1327.4299065420562,1153.6822429906542,1248.3794392523364,1108.9719626168223,1258.6018691588786,1150.8598130841121,1297.6654205607476,1344.747663551402,1652.8710280373832,1442.4504672897197,1551.0467289719627,1588.196261682243,1414.2934579439252,1304.381308411215,1399.2953271028036,1200.2654205607478,1451.3831775700935,1766.8691588785048,2614.2093457943924,1581.9158878504672,1424.4429906542057,1344.6915887850466,1863.5981308411215,1973.6317757009347,2162.3214953271026,1681.3457943925234,1519.5345794392524,1304.8897196261682,1728.803738317757,1253.082242990654,1530.5065420560747,2030.6859813084113,3716.042990654206,3041.1028037383176,1867.433644859813,1278.8242990654205,1336.8504672897195,1363.170093457944,1563.4,1196.3457943925234,1272.2598130841122,1178.6616822429908,1455.5532710280374,1877.018691588785,1826.2560747663551,2003.4560747663552,2245.1495327102803,1637.992523364486,1687.1233644859813,1493.9457943925233,1461.5383177570093,1255.5271028037382,1403.252336448598,1296.773831775701,1664.7607476635515,1835.8542056074766,1747.6130841121496,1491.8859813084111,1929.3607476635514,2302.919626168224,2763.0710280373833,2694.0467289719627,2513.4280373831775,1775.0429906542056,1498.0953271028038,1365.8598130841121,1512.0859813084112,1516.1588785046729,1565.5084112149532,1391.1401869158879,1548.9289719626167,1791.2616822429907,2492.2579439252336,2790.319626168224,1947.4953271028037,2124.0822429906543,2601.2728971962615,2347.5196261682245,2203.7420560747664,1810.3831775700935,2330.3271028037384,2784.0560747663553,3259.6280373831773,2784.2018691588787,2055.422429906542,1688.9981308411216,2087.2018691588787,3064.6953271028037,3064.214953271028,2486.106542056075,2323.11214953271,1716.3457943925234,1920.7196261682243,1509.773831775701,1793.459813084112,1914.8429906542056,2493.8056074766355,2204.4878504672897,2006.9028037383177,2138.2056074766356,1825.2280373831775,1466.1065420560747,1505.4560747663552,1489.2130841121495,1783.1906542056074,1619.9588785046728,1516.1046728971962,1479.1850467289719,1838.728971962617,1600.9981308411216,2271.3570093457943,2908.547663551402,2033.8654205607477,1590.988785046729,2186.6411214953273,2613.504672897196,2243.0448598130843,2743.0672897196264,4728.841121495327,3936.872897196262,2504.607476635514,2241.856074766355,2021.8897196261682,1924.5252336448598,2118.1570093457944,1872.218691588785,2257.2691588785046,1568.4485981308412,1745.5700934579438,1864.9831775700934,1786.0130841121495,2031.8448598130842,2863.328971962617,1882.0224299065421,1684.8691588785048,1885.1102803738318,2526.5028037383177,3031.203738317757,4897.467289719626,6876.8056074766355,4430.190654205608,2721.3439252336448,2324.4392523364486,2935.128971962617,5439.91214953271,7613.396261682243,3780.7476635514017,2322.8392523364487,2789.0560747663553,4381.265420560748,4895.046728971963,4239.682242990654,2176.9271028037383,1722.4485981308412,1767.3009345794392,1423.547663551402,2058.9177570093457,2029.2785046728973,3926.355140186916,2810.9607476635515,1916.1308411214952,1712.8841121495327,1850.173831775701,2367.5570093457945,3091.0672897196264,3533.4336448598133,5217.971962616823,6421.942056074767,8552.057943925234,8823.044859813084,5335.429906542056,7069.704672897196,10828.089719626169,6033.536448598131,4195.697196261683,5012.876635514019,3353.893457943925,3558.4056074766354,3009.7682242990654,2631.4859813084113,4599.538317757009,7446.422429906542,4324.988785046729,3684.9981308411216,7173.585046728972,9364.672897196262,4045.1046728971965,2501.833644859813,2948.3271028037384,3873.9532710280373,9158.794392523365,11199.033644859814,5435.0897196261685,5619.566355140187,8115.697196261683,4836.370093457944,3569.7738317757007,3853.0654205607475,4063.095327102804,3771.3757009345795,2435.56261682243,2104.042990654206,3450.3308411214953,3607.6429906542057,3749.9009345794393,2461.1626168224298,2021.3028037383178,2393.117757009346,2288.029906542056,1663.3121495327102,1829.5626168224298,2303.418691588785,4613.321495327103,3785.373831775701,2139.9383177570094,1566.1495327102805,1510.2728971962617,1535.177570093458,2132.882242990654,3309.6616822429905,5251.691588785046,2588.9906542056074,2335.2429906542056,2997.8803738317756,5121.042990654206,10993.480373831775,8049.119626168224,3896.0560747663553,2498.196261682243,1829.4803738317758,2225.9607476635515,2493.166355140187,2052.5028037383177,1834.2616822429907,2069.472897196262,2370.9757009345794,3033.3700934579438,1978.396261682243,1739.4355140186915,1685.2859813084112,1747.2766355140186,1970.3738317757009,1816.9158878504672,1644.4018691588785,1713.4971962616823,1714.8822429906543,1642.992523364486,1474.1570093457944,1690.407476635514,1524.4317757009346,1491.8392523364487,1456.426168224299,2429.633644859813,2843.0616822429906,4085.940186915888,2276.5495327102803,1646.3532710280374,1417.2299065420561,1666.1196261682244,1394.3345794392524,1540.3420560747663,1660.3177570093458,3094.9644859813084,3396.293457943925,2137.1495327102803,1967.1308411214952,3449.2897196261683,8785.198130841121,6445.508411214953,2704.6392523364484,1937.377570093458,1573.5532710280374,1565.7514018691588,1463.9719626168223,1421.7233644859814,1417.4,1673.6579439252337,2320.92523364486,2137.0841121495328,1524.6971962616822,1500.9588785046728,1499.2280373831775,1642.8598130841121,1460.7457943925233,2203.203738317757,1941.385046728972,2693.555140186916,5003.439252336449,6773.734579439252,3070.652336448598,2061.9682242990652,1666.4317757009346,1602.7345794392522,1413.0598130841122,1912.3214953271029,2140.7420560747664,3303.8280373831776,3145.0710280373833,1984.0579439252338,1539.629906542056,1416.9271028037383,1206.4280373831775,1303.2654205607478,1163.218691588785,1297.6373831775702,1370.4355140186915,1832.6915887850466,1282.3214953271029,1207.596261682243,1050.3981308411214,1136.5607476635514,1054.6429906542055,1163.577570093458,1095.8168224299066,1319.3177570093458,1277.2654205607478,2035.9065420560748,2756.259813084112,7334.082242990654,9620.523364485982,5081.889719626168,2965.882242990654,1971.996261682243,1373.6280373831776,1384.1271028037384,1483.2317757009346,1500.9869158878505,1187.003738317757,1297.9009345794393,1128.1140186915889,1270.9345794392523,1640.5420560747664,2614.259813084112,2123.732710280374,1586.788785046729,1378.2785046728973,1475.7046728971964,1251.7570093457944,1316.7233644859814,1236.7383177570093,1409.188785046729,1286.3383177570092,1488.547663551402,1310.0747663551401,1504.7345794392522,1697.1906542056074,2014.6841121495327,2101.218691588785,2396.9794392523363,1586.9869158878505,1505.6392523364486,1284.9943925233645,1347.0766355140188,1314.5009345794392,1771.5981308411215,2156.089719626168,1759.6429906542055,1366.7009345794393,1417.5626168224298,1389.1981308411214,1403.366355140187,1158.8971962616822,1147.5981308411215,1314.222429906542,1397.6093457943925,1291.0710280373833,1741.3028037383178,1486.5065420560747,1577.5420560747664,1738.441121495327,1627.3196261682242,1475.0747663551401,1581.8056074766355,1481.5757009345793,1779.0672897196262,1579.3831775700935,2165.585046728972,1684.8990654205606,1435.9065420560748,1311.4822429906542,1803.007476635514,1179.781308411215,1375.414953271028,1238.0467289719627,1420.8355140186916,1471.1046728971962,1585.7943925233644,1499.3551401869158,1562.177570093458,1286.6261682242991,1370.7906542056076,1433.7644859813083,1511.0990654205607,1234.2897196261683,1361.5607476635514,1622.5607476635514,1737.2205607476635,2063.515887850467,1842.788785046729,1617.6915887850466,1537.2429906542056,1312.4971962616823,1418.7757009345794,1339.2785046728973,1477.8149532710281,1279.5158878504674,1397.3065420560747,1395.1420560747663,1422.5682242990654,1245.0747663551401,1380.7644859813083,1258.1121495327102,1780.6560747663552,1277.3345794392524,1422.1233644859813,1550.9252336448599,2006.9271028037383,1507.1121495327102,1627.2616822429907,1829.811214953271,3220.611214953271,2914.5289719626167,4275.47476635514,2817.3588785046727,2165.1943925233645,1693.0467289719627,1533.12523364486,1384.603738317757,1482.5869158878504,1212.936448598131,1328.818691588785,1204.8168224299066,1394.7457943925233,1412.1476635514018,2014.614953271028,2743.3158878504673,2619.2392523364488,2978.921495327103,2431.9121495327104,1793.233644859813,1767.4560747663552,1675.4317757009346,2104.1102803738318,3259.302803738318,2979.07476635514,1760.566355140187,1679.8635514018692,1421.0093457943926,1530.2317757009346,1636.3233644859813,1601.8635514018692,1421.5364485981308,1537.4579439252336,1360.056074766355,1451.2130841121495,1699.2971962616823,3167.5607476635514,5497.4429906542055,3994.3383177570095,2743.052336448598,2734.781308411215,2102.5607476635514,1795.2841121495328,1615.5327102803737,1893.7719626168225,1751.9084112149533,1835.2560747663551,2667.138317757009,4827.639252336448,2851.547663551402,2208.381308411215,2362.3121495327105,3008.7102803738317,2817.5308411214955,2271.229906542056,2749.700934579439,5308.971962616823,3064.3271028037384,2594.6953271028037,3271.555140186916,6353.693457943925,10939.500934579439,6269.082242990654,3367.7457943925233,2609.478504672897,2426.4542056074765,2343.411214953271,2189.6878504672895,2202.0728971962617,2653.121495327103,5908.214953271028,4231.968224299066,2885.1514018691587,2709.276635514019,2513.1046728971965,1961.4205607476636,2139.8093457943924,3375.373831775701,5906.7140186915885,5342.190654205608,3213.426168224299,2256.7906542056076,1862.0897196261683,1590.452336448598,2091.2635514018693,3712.52523364486,3851.878504672897,3179.448598130841,5519.7271028037385,4483.1943925233645,3698.8915887850467,4708.067289719626,9401.639252336448,10742.308411214954,7128.566355140187,5339.411214953271,3310.700934579439,2258.992523364486,1940.5869158878504,1713.340186915888,2090.592523364486,1733.8149532710281,1711.5495327102803,2041.4654205607476,1854.4841121495326,1519.0542056074767,1598.4373831775702,1516.6317757009347,1923.181308411215,2094.9121495327104,2361.536448598131,2302.2523364485983,2736.3906542056075,5048.719626168225,15393.971962616823,21862.502803738316,11974.27663551402,7630.099065420561,5997.5570093457945,7021.841121495327,9974.833644859813,6506.951401869159,7279.942056074767,4410.7925233644855,3446.0018691588784,3472.9009345794393,2875.377570093458,2161.585046728972,2053.6990654205606,2019.3084112149534,3280.588785046729,2684.996261682243,3255.2429906542056,4465.080373831775,3424.7364485981307,2533.3644859813085,2057.2841121495326,1620.181308411215,1704.4448598130841,1639.5495327102803,1891.403738317757,1763.6635514018692,1894.0336448598132,2286.914018691589,2278.3719626168227,2648.196261682243,3116.7794392523365,2173.510280373832,2180.1308411214955,2022.4299065420562,1919.6859813084113,1653.3271028037384,2207.6037383177572,1835.8934579439253,3310.1046728971965,8705.921495327102,7180.007476635514,3848.388785046729,2646.8971962616824,2203.106542056075,2675.1981308411214,2224.308411214953,2044.3383177570092,1878.6523364485981,2745.256074766355,2289.444859813084,2072.2355140186914,2070.1532710280376,2327.7214953271027,3015.4168224299065,6792.444859813084,12312.493457943925,9425.078504672898,10623.994392523364,5767.542056074766,3652.6691588785047,2756.8168224299066,2031.7588785046728,1812.426168224299,1651.5532710280374,1790.207476635514,1796.5439252336448,2102.2168224299066,2100.2168224299066,2495.2635514018693,1937.392523364486,2504.6990654205606,2932.7906542056076,2340.2355140186914,1855.063551401869,1770.222429906542,1758.641121495327,2201.9943925233647,2636.426168224299,4408.998130841122,10045.876635514018,8208.743925233644,4241.001869158878,3259.8747663551403,2897.714018691589,2428.551401869159,1968.3495327102803,2230.4878504672897,2859.4280373831775,2520.6168224299067,3097.7420560747664,6115.297196261682,9392.710280373833,6092.368224299065,3392.007476635514,2535.52523364486,2195.685981308411,1914.271028037383,1521.9476635514018,1605.8149532710281,1381.8056074766355,1865.2411214953272,1386.4934579439253,1814.177570093458,1962.558878504673,1936.351401869159,2510.014953271028,2261.0205607476637,1812.2299065420561,2232.3682242990653,2070.7476635514017,1975.0355140186916,2054.7476635514017,2044.0429906542056,1640.4018691588785,1850.5682242990654,2135.766355140187,3930.4355140186917,8397.831775700935,5465.084112149532,3507.426168224299,2670.6392523364484,2504.2579439252336,2177.1719626168224,1641.4355140186915,1669.1214953271028,1737.4654205607476,1824.8691588785048,1883.3757009345795,3472.5196261682245,8836.493457943925,6654.863551401869,4294.3121495327105,3848.9981308411216,3249.685981308411,4545.08785046729,3738.856074766355,6289.945794392524,16438.603738317757,13937.73644859813,8024.409345794393,6346.276635514018,4108.5476635514015,3600.4429906542055,4335.07476635514,3787.0710280373833,2677.014953271028,2869.9233644859814,3972.340186915888,7315.398130841121,6868.9626168224295,4159.811214953271,3029.4018691588785,2868.88785046729,4202.493457943925,8123.699065420561,5757.257943925234,5387.9626168224295,3834.297196261682,3051.069158878505,2847.7757009345796,4571.641121495327,9489.441121495327,11506.878504672897,12606.828037383177,8465.605607476635,5084.3514018691585,3810.256074766355,2797.5682242990656,2924.334579439252,3404.6280373831773,2550.418691588785,2312.92523364486,2824.026168224299,2786.2747663551404,2174.181308411215,1811.9327102803738,1815.8168224299066,1451.5607476635514,1578.7009345794393,1884.3420560747663,2580.302803738318,3416.700934579439,6274.900934579439,9909.416822429906,18005.26168224299,11034.485981308411,7857.160747663552,9033.86355140187,6899.6878504672895,7652.41308411215,12187.644859813085,6963.951401869159,4593.603738317757,3259.7102803738317,2695.717757009346,2019.547663551402,2238.3570093457943,1650.0355140186916,1794.392523364486,2427.0560747663553,6295.271028037383,16826.628037383176,11727.656074766355,6861.833644859813,5185.054205607476,3972.069158878505,4094.0878504672896,6541.770093457944,18304.859813084113,33520.07289719626,19773.532710280375,12161.209345794392,9934.11214953271,6544.829906542056,5292.396261682243,5570.14953271028,4146.852336448598,4433.485981308411,4034.992523364486,3107.6691588785047,2896.23738317757,2469.418691588785,2849.4317757009344,3113.8373831775702,2925.973831775701,4260.254205607476,13251.91214953271,27863.757009345794,18698.88785046729,11021.43925233645,7433.77570093458,5928.6,8070.078504672897,15118.672897196262,19973.342056074765,16876.981308411214,16308.76261682243,13731.497196261682,9132.955140186916,7672.702803738318,7019.16261682243,4670.639252336448,3066.56261682243,2478.121495327103,2207.5401869158877,1901.8822429906543,2083.158878504673,2520.835514018692,3056.573831775701,4319.265420560748,3328.0822429906543,2445.0542056074764,2184.7046728971964,1966.3719626168224,1922.3457943925234,1755.3551401869158,2303.3831775700933,2559.271028037383,2200.0654205607475,1756.5906542056075,2195.2242990654204,2394.7607476635512,3898.014953271028,5443.2074766355145,4294.026168224299,3638.2392523364488,6568.86168224299,8794.581308411214,9132.69906542056,10346.53831775701,6632.614953271028,7386.83738317757,16562.52336448598,13970.72523364486,13293.14953271028,10415.854205607477,6479.4691588785045,4883.130841121495,4079.4878504672897,3181.4766355140187,2915.36261682243,2772.9551401869157,2894.47476635514,2364.0093457943926,2548.0841121495328,3010.07476635514,4491.78691588785,8217.32523364486,16544.239252336447,17201.181308411215,10224.528971962616,6662.340186915888,6862.869158878505,9708.910280373831,8675.198130841121,5750.927102803738,5365.330841121496,4096.8056074766355,3420.0355140186916,3280.259813084112,2611.4598130841123,1934.917757009346,1840.3158878504673,1637.8728971962616,1716.3682242990653,1457.6841121495327,1721.0785046728972,2656.585046728972,5669.764485981308,16413.8,17062.72710280374,10498.319626168224,7377.934579439252,5727.269158878505,5899.824299065421,4859.6616822429905,3793.940186915888,3417.577570093458,3414.6168224299067,3073.5457943925235,4061.543925233645,4210.056074766355,3031.6766355140185,3055.7252336448596,6041.250467289719,4050.930841121495,2873.9383177570094,2114.9065420560746,2253.4130841121496,2678.4056074766354,2722.448598130841,2316.5140186915887,2787.8112149532712,3338.1046728971965,3079.908411214953,4646.745794392524,14018.295327102804,12999.672897196262,8597.128971962617,9719.317757009347,8616.254205607476,6318.366355140187,7623.112149532711,6067.485981308411,3871.8112149532712,2671.52523364486,2385.7084112149532,1873.7869158878505,2076.910280373832,2507.6280373831773,2549.680373831776,2173.4598130841123,2037.9476635514018,1779.7532710280375,1806.8990654205606,2027.1607476635513,2713.6878504672895,1791.9308411214954,1689.063551401869,1435.0934579439252,1439.3607476635514,1549.16261682243,1773.0056074766355,1683.8598130841121,1927.7327102803738,1582.0224299065421,1638.7214953271027,1624.7439252336449,2077.835514018692,2127.7457943925233,2037.7682242990654,2689.3121495327105,4498.0373831775705,4020.8018691588786,2986.6504672897195,2178.1682242990655,1848.0205607476635,1587.170093457944,1712.9271028037383,1538.0130841121495,1682.0093457943926,1624.0093457943926,1656.026168224299,2204.1981308411214,2805.3495327102805,5092.788785046729,5424.433644859813,3720.117757009346,4206.957009345794,7436.239252336449,7196.667289719626,5299.231775700935,4662.046728971963,6256.7271028037385,5882.155140186916,4964.620560747663,5348.917757009346,4243.347663551402,3466.8841121495325,4902.136448598131,5189.134579439253,7027.47476635514,11367.996261682243,7405.394392523364,5798.4785046728975,6183.005607476635,4879.042990654206,4028.0242990654206,3022.3046728971963,2167.484112149533,2039.8897196261682,2204.4355140186917,4425.5308411214955,5523.585046728972,4908.579439252337,3887.007476635514,2837.743925233645,2330.2953271028036,2982.495327102804,2643.138317757009,2694.299065420561,2030.2672897196262,1934.1476635514018,2336.147663551402,5135.906542056075,4884.145794392523,3676.814953271028,2740.8429906542056,3106.555140186916,3769.835514018692,4497.4168224299065,5901.201869158878,9532.061682242991,6196.8579439252335,6116.5831775700935,8372.58691588785,9897.076635514019,9049.527102803739,13471.775700934579,8624.82429906542,5545.5308411214955,4258.887850467289,3338.74953271028,2269.6616822429905,1832.607476635514,1420.5532710280374,1390.781308411215,1266.8785046728972,1601.0878504672896,2651.117757009346,3966.4971962616823,2889.6168224299067,2737.0616822429906,2734.8130841121497,3902.714018691589,11786.198130841121,18534.755140186917,11445.371962616822,8748.945794392523,8518.209345794392,12032.730841121494,8111.887850467289,5535.781308411215,5447.6,4064.8504672897197,2942.8205607476634,2788.0242990654206,5297.715887850467,12023.771962616822,12030.814953271029,7403.893457943926,4701.616822429906,3811.373831775701,3816.366355140187,3634.185046728972,3149.644859813084,5481.48785046729,7570.973831775701,11632.979439252336,10829.583177570094,23547.33644859813,28465.123364485982,18524.66168224299,14076.514018691589,20973.89906542056,17692.66542056075,12531.659813084112,8309.0,6198.119626168224,4878.321495327103,3848.6579439252337,2720.355140186916,2480.1345794392523,3305.977570093458,8704.777570093458,13395.981308411216,9221.134579439253,8096.657943925234,17978.465420560748,21414.36074766355,14157.98691588785,10008.743925233644,10934.31214953271,16433.97757009346,19763.577570093457,27419.93831775701,18036.60186915888,10863.127102803739,7211.203738317757,5028.770093457944,3737.9383177570094,3433.8373831775702,4018.9869158878505,2868.914018691589,2351.411214953271,1926.222429906542,2348.7532710280375,2900.0766355140186,4826.5046728971965,14806.831775700935,17166.018691588786,10613.28785046729,8222.788785046729,7020.994392523365,5243.153271028037,3648.422429906542,2939.0672897196264,3048.3570093457943,8854.693457943926,15341.114018691589,10082.542056074766,9781.242990654206,10747.03738317757,8299.28598130841,14314.910280373831,13955.0,8732.1738317757,5451.816822429906,3907.8485981308413,3341.5308411214955,2793.958878504673,1941.2728971962617,1714.9794392523365,1494.8598130841121,1469.0579439252338,1454.8542056074766,1549.9906542056074,1788.4542056074765,2151.7719626168223,1663.811214953271,2162.2018691588787,1934.2691588785046,1931.4803738317758,2101.717757009346,2214.022429906542,2148.256074766355,1937.1831775700934,1597.8859813084111,1773.214953271028,1659.3233644859813,1773.8149532710281,1446.2672897196262,1305.1906542056074,1378.0168224299066,1491.7121495327103,2181.3962616822428,4117.809345794392,4302.919626168225,5489.611214953271,11173.891588785047,8400.900934579438,5800.155140186916,5465.540186915888,5890.71214953271,4392.097196261682,3178.426168224299,2792.4691588785045,2356.3327102803737,2644.121495327103,3365.4429906542055,6612.646728971963,12529.203738317758,8931.171962616823,5707.4953271028035,4759.78691588785,7057.373831775701,8830.717757009346,12409.231775700935,13495.86168224299,14131.979439252336,8843.72336448598,5953.231775700935,5161.407476635514,4100.257943925234,2970.0205607476637,2335.6,2254.43738317757,2520.0467289719627,6216.117757009346,6398.330841121496,6765.334579439253,7216.471028037383,6420.854205607477,4748.893457943926,4193.214953271028,3343.463551401869,2678.7794392523365,2328.271028037383,2359.781308411215,2312.9981308411216,3878.014953271028,10422.661682242991,9395.648598130841,6679.708411214953,6452.854205607477,11167.885981308411,24403.27663551402,18421.869158878504,11677.994392523364,7953.601869158879,5977.076635514019,4712.990654205608,5521.297196261682,15906.213084112149,27002.528971962616,21329.53831775701,14441.628037383178,9489.314018691588,7121.8579439252335,6898.702803738318,13827.041121495327,14792.127102803739,16967.573831775702,26019.158878504673,18838.517757009347,15796.607476635514,25043.801869158877,19878.796261682244,12604.669158878505,8222.938317757009,5747.695327102804,4356.652336448598,3296.0467289719627,2674.418691588785,3094.5233644859813,4008.0990654205607,9043.192523364485,18935.48785046729,13469.035514018691,8460.671028037383,6693.4691588785045,5697.271028037383,4294.16261682243,3440.23738317757,3574.6897196261684,4993.854205607477,6900.041121495327,15815.63738317757,26734.502803738316,23957.297196261683,14598.414953271029,9865.302803738317,9483.55140186916,6898.796261682243,4599.7794392523365,3533.8542056074766,3286.9719626168226,3815.1943925233645,6342.031775700934,5023.078504672897,3666.9457943925236,2849.3869158878506,3224.577570093458,9139.680373831776,12425.73644859813,10530.067289719625,7338.788785046729,5085.551401869159,4964.717757009345,3619.510280373832,2899.697196261682,2503.276635514019,2470.147663551402,3536.56261682243,10992.271028037383,10858.996261682243,7005.958878504673,4820.491588785047,4774.573831775701,8777.428037383177,20471.03925233645,19978.8261682243,12696.216822429906,8471.12523364486,5877.097196261682,4108.717757009345,3224.785046728972,2764.422429906542,2779.173831775701,5776.265420560748,11673.029906542057,7901.0,6162.334579439253,5707.454205607477,4402.003738317757,3062.25046728972,2730.4018691588785,2564.8803738317756,2456.414953271028,2171.706542056075,3440.510280373832,8412.831775700935,12788.168224299065,9020.91214953271,7655.3514018691585,4998.977570093458,3619.644859813084,2827.340186915888,2509.2803738317757,2295.3719626168227,5063.990654205608,16165.01121495327,22818.08971962617,15795.742056074767,9720.814953271029,6311.12523364486,4556.160747663552,3214.9420560747662,2562.351401869159,2328.452336448598,3049.882242990654,2728.3009345794394,3089.2280373831777,3515.9028037383177,7163.517757009346,17290.51214953271,20297.291588785047,16508.94953271028,14183.51214953271,18470.057943925232,13145.220560747664,7995.848598130841,5517.7401869158875,4176.267289719626,3474.158878504673,3019.3420560747663,2938.9869158878505,4226.3644859813085,4265.76261682243,3394.8280373831776,4756.955140186916,10703.635514018692,8122.938317757009,5251.401869158878,5215.8056074766355,7154.07476635514,5701.771962616823,6961.940186915888,12862.18691588785,9296.357009345795,6239.34953271028,4304.566355140187,4526.205607476635,12422.585046728971,14512.072897196262,9817.908411214954,6637.508411214953,5065.5214953271025,5519.790654205607,7200.177570093458,7463.6224299065425,5112.568224299065,4525.882242990654,3018.7682242990654,2588.355140186916,2618.714018691589,2279.3570093457943,2082.8766355140187,1877.4373831775702,1545.7102803738317,1459.332710280374,1602.5271028037382,2065.127102803738,1682.2355140186917,1645.271028037383,1382.0747663551401,1858.6859813084113,3658.856074766355,4136.196261682243,3774.856074766355,5512.179439252336,4838.742056074766,5838.891588785047,11181.17570093458,8269.47476635514,5491.914018691588,4544.158878504673,9615.540186915889,11431.342056074767,6909.315887850467,4581.906542056075,3512.6355140186915,4230.143925233645,4320.407476635514,3554.9551401869157,4733.327102803738,12941.171962616823,10298.796261682242,7120.519626168224,6684.308411214954,13580.938317757009,10869.15140186916,6907.971962616823,4579.796261682243,4148.489719626168,3619.282242990654,3788.3420560747663,2623.592523364486,2111.328971962617,2668.4,2967.336448598131,2251.3607476635516,2201.680373831776,1841.2130841121495,1656.1233644859813,1311.9009345794393,1362.5196261682242,1317.0878504672896,2103.973831775701,2251.3570093457943,2283.3327102803737,2689.1943925233645,2451.8971962616824,2115.1158878504675,2196.1514018691587,2309.185046728972,2407.2616822429904,1682.9158878504672,1874.973831775701,2503.5682242990656,3336.078504672897,4234.534579439252,4939.252336448598,4132.407476635514,4479.136448598131,3729.841121495327,4393.022429906542,3213.8485981308413,3463.7532710280375,3426.282242990654,2769.63738317757,2225.6467289719626,2042.6093457943925,2072.919626168224,3279.069158878505,8002.592523364486,8150.166355140187,5342.011214953271,3723.7214953271027,2689.9551401869157,2134.6317757009347,1696.7719626168225,1728.577570093458,1805.0018691588784,2281.547663551402,1960.196261682243,2363.0710280373833,2326.9794392523363,2274.2579439252336,1960.9794392523365,2015.1476635514018,3262.659813084112,5454.459813084112,5649.214953271028,5644.616822429906,5086.633644859813,7841.4168224299065,18198.149532710282,13802.994392523364,9070.476635514018,6794.656074766355,5405.203738317757,3583.0448598130843,2499.702803738318,2118.8971962616824,1907.818691588785,1763.6859813084113,1442.2822429906541,1556.736448598131,1794.6560747663552,2480.9271028037383,3193.1140186915886,4048.334579439252,2749.936448598131,2132.2747663551404,1629.5644859813085,1523.143925233645,1290.0,1897.5981308411215,2108.4915887850466,1927.0915887850467,1573.2897196261683,2628.9719626168226,2615.478504672897,2181.3962616822428,2026.9476635514018,2282.8429906542056,1951.6542056074766,1649.4205607476636,1331.3383177570092,1329.5700934579438,1165.1364485981308,1454.6654205607476,1494.7271028037383,1526.2598130841122,1336.4467289719626,1316.5943925233644,1157.7028037383177,1245.7140186915888,1151.4093457943925,1452.4467289719626,1224.381308411215,1458.5065420560747,1717.207476635514,2034.2429906542056,4147.7271028037385,6379.790654205607,5420.471028037383,3678.3607476635516,2438.7532710280375,2127.0130841121495,1843.8579439252337,1820.6579439252337,1664.6373831775702,1617.3065420560747,1376.426168224299,1499.3121495327102,1763.4130841121496,3787.3532710280374,13898.828037383177,12339.54953271028,7842.685981308411,5874.345794392523,4523.01308411215,3128.444859813084,2159.2897196261683,2235.957009345794,3395.282242990654,2709.7738317757007,2015.4560747663552,1769.2672897196262,1464.5570093457943,1387.1233644859813,1272.4186915887851,1838.6953271028037,3232.4,3167.626168224299,2162.532710280374,1894.388785046729,2096.014953271028,2595.351401869159,2229.3271028037384,2184.665420560748,1650.2953271028036,1607.788785046729,1306.4710280373831,1377.8953271028038,1639.7345794392522,3618.829906542056,2853.5495327102803,2136.6056074766357,1639.9719626168223,1748.4654205607476,2206.366355140187,2025.0336448598132,1548.5177570093458,1522.596261682243,1173.5439252336448,1159.9196261682243,1209.592523364486,1292.8280373831776,1484.4429906542057,2552.9177570093457,7994.839252336448,9666.876635514018,6173.3383177570095,5010.201869158878,7336.114018691589,8150.614953271028,5649.117757009346,7227.108411214953,5085.835514018691,3814.3046728971963,2588.4971962616823,2039.785046728972,1539.1233644859813,1478.7644859813083,1202.3831775700935,1346.6205607476636,1240.9831775700934,1563.9271028037383,2069.3906542056075,3095.663551401869,2332.618691588785,1911.4130841121496,1665.6205607476636,2306.2,3019.8429906542056,4805.319626168224,18089.059813084114,34444.0,21836.842990654204,12701.366355140188,7956.672897196262,5316.029906542056,3457.536448598131,2434.347663551402,1691.6242990654205,1589.0355140186916,1403.358878504673,1519.1401869158879,1606.082242990654,1728.9663551401868,1562.4841121495326,1601.7028037383177,1824.5289719626169,2491.882242990654,2244.127102803738,2015.7214953271027,1598.0953271028038,1681.3158878504673,1801.452336448598,2057.9906542056074,1857.1327102803739,1872.8766355140187,1568.0728971962617,1612.829906542056,1615.8018691588786,2600.0093457943926,4483.517757009346,14056.061682242991,28546.684112149534,18096.605607476635,10267.358878504672,6842.5476635514015,4399.678504672897,3579.319626168224,4072.970093457944,4480.970093457944,3985.0542056074764,2886.3158878504673,2060.663551401869,2091.7214953271027,3026.970093457944,7939.497196261682,25729.983177570095,19085.684112149534,10493.142056074767,6995.803738317757,4946.777570093458,3945.2841121495326,2780.457943925234,2377.585046728972,3159.7532710280375,4037.2467289719625,2693.2654205607478,2336.841121495327,2141.4859813084113,2186.32523364486,2320.4130841121496,2336.7738317757007,1828.4542056074765,1575.8672897196261,1383.9121495327104,1448.2168224299066,1714.6,2089.5495327102803,2595.9644859813084,3694.3682242990653,3495.9943925233647,2593.714018691589,1984.9682242990655,1801.5383177570093,1385.3289719626168,1336.0018691588784,1211.9140186915888,1330.611214953271,1168.2504672897196,1225.5682242990654,1196.9401869158878,1254.5794392523364,1240.3065420560747,1376.2616822429907,1073.252336448598,1134.9028037383177,1039.4579439252336,1260.736448598131,1449.4672897196263,1880.9401869158878,1491.9214953271028,1434.4429906542057,1746.3457943925234,1902.5439252336448,1443.3869158878504,1319.9345794392523,1320.0205607476635,1505.992523364486,1602.452336448598,1492.4205607476636,1159.2598130841122,1196.9682242990655,1149.5570093457943,1496.4915887850468,1321.4355140186915,1259.4317757009346,1170.0953271028038,1422.2392523364485,1816.203738317757,3251.852336448598,2226.7532710280375,1837.96261682243,1813.2654205607478,2750.56261682243,1908.8990654205606,1581.2560747663551,1285.6,1292.9289719626167,1361.736448598131,1597.8523364485982,1376.351401869159,1944.263551401869,1690.985046728972,1450.0953271028038,1188.12523364486,1191.6448598130842,1146.8654205607477,1632.1383177570094,5176.151401869159,5720.2598130841125,3517.614953271028,2820.7345794392522,2105.0654205607475,1683.4579439252336,1780.6261682242991,1925.766355140187,1556.9682242990655,1540.0,1368.1271028037384,1291.2392523364485,1200.2168224299066,1760.426168224299,1909.4841121495326,1685.0336448598132,2358.2785046728973,2640.041121495327,1717.366355140187,1541.0242990654206,1204.8803738317756,1225.1588785046729,1293.641121495327,2567.6093457943925,12071.28785046729,11935.904672897197,7314.0635514018695,4862.323364485981,4133.710280373832,5593.143925233645,3462.4205607476633,2256.6018691588783,1925.566355140187,2733.319626168224,2153.6691588785047,1632.5364485981308,1236.4560747663552,1221.588785046729,1125.6747663551403,1203.5345794392524,1104.9214953271028,1202.777570093458,1365.8841121495327,1954.1607476635513,6916.730841121495,19085.108411214955,14402.676635514019,7622.758878504673,4448.183177570094,2842.92523364486,1809.796261682243,1834.192523364486,2304.241121495327,1919.9327102803738,1623.755140186916,2052.2168224299066,1784.1383177570094,1613.7532710280375,1306.7121495327103,1460.370093457944,1558.082242990654,1570.0934579439252,1888.5308411214953,4117.0373831775705,6454.239252336449,5693.218691588785,3647.9327102803736,2866.276635514019,4222.977570093458,3757.185046728972,3527.3757009345795,3178.6130841121494,2730.500934579439,2132.9420560747662,1614.9289719626167,1448.803738317757,1249.1196261682244,1246.2579439252336,1033.2766355140186,1065.8579439252337,1023.8429906542057,1114.6747663551403,1019.7663551401869,1197.6560747663552,1016.9738317757009,1092.0485981308411,933.0672897196262,1069.7177570093459,1093.1102803738318,1311.4299065420562,1180.811214953271,1218.2485981308412,1209.0672897196262,1936.6205607476636,2008.7271028037383,2539.444859813084,2548.2168224299066,2316.0317757009348,2023.6635514018692,1749.6934579439253,1713.4841121495326,2576.6130841121494,3685.904672897196,3355.5981308411215,2681.196261682243,2341.7738317757007,1845.7700934579439,1636.818691588785,1377.3682242990653,1329.426168224299,1197.9607476635515,1528.9102803738317,4076.411214953271,7124.190654205608,4677.616822429906,3169.1532710280376,2038.970093457944,1819.2355140186917,2886.532710280374,2756.177570093458,1991.8953271028038,2681.8373831775702,7752.0897196261685,10767.153271028037,9828.893457943925,5583.928971962617,3301.728971962617,2376.947663551402,1766.4766355140187,2445.5457943925235,6081.955140186916,4804.78691588785,2685.52523364486,1879.0728971962617,1378.6467289719626,1280.4897196261682,1509.4859813084113,2982.4971962616823,2983.835514018692,2856.8018691588786,2074.6,2405.9831775700936,7168.392523364486,11758.88785046729,13376.631775700935,7411.2336448598135,4016.489719626168,3228.297196261682,5036.461682242991,15187.794392523365,10052.676635514019,5104.080373831775,3869.256074766355,3289.5383177570093,1928.2168224299066,1634.192523364486,1269.170093457944,1383.1607476635513,1569.5626168224298,1462.3532710280374,1329.2915887850468,1597.8934579439253,1489.2672897196262,1999.1401869158879,3995.3981308411217,3091.6168224299067,1741.8168224299066,1447.0224299065421,1126.9607476635515,1249.96261682243,1539.9214953271028,1379.9757009345794,1094.8411214953271,1333.433644859813,1847.6803738317758,2059.4280373831775,1769.12523364486,2626.2654205607478,2023.4915887850468,2028.007476635514,4598.403738317757,4095.9177570093457,2565.3102803738316,1897.0915887850467,1524.0747663551401,3349.56261682243,3338.385046728972,2234.714018691589,2195.6056074766357,3300.5831775700935,2780.5981308411215,3353.515887850467,3173.495327102804,3121.1102803738318,5778.435514018692,10339.532710280373,6632.300934579439,3694.7607476635512,2184.9794392523363,1781.7757009345794,1317.9308411214954,1280.12523364486,1132.271028037383,1219.411214953271,1318.2504672897196,3139.28785046729,6772.611214953271,4834.826168224299,2838.510280373832,3897.3177570093458,10995.398130841122,9163.938317757009,4503.672897196262,2928.214953271028,2669.6205607476636,3922.3495327102805,3903.1869158878503,3279.429906542056,2258.6355140186915,1688.4542056074765,1190.3831775700935,1074.459813084112,1053.2542056074767,1212.2056074766356,1056.2242990654206,1045.056074766355,1207.9102803738317,1930.244859813084,1762.8317757009345,1623.0747663551401,2038.4242990654207,4018.6785046728974,3430.543925233645,2422.536448598131,1822.0429906542056,4966.882242990654,12783.377570093458,18743.770093457944,11428.592523364487,5078.420560747663,2449.8429906542056,1655.5943925233644,1205.807476635514,1598.9252336448599,1474.5102803738318,1311.226168224299,1092.8130841121495,1142.0542056074767,1031.5308411214953,1137.7570093457944,1104.981308411215,1367.5439252336448,1503.1271028037384,2717.6392523364484,12541.059813084112,21547.94953271028,11789.631775700935,5128.915887850468,2705.048598130841,1800.96261682243,1310.5495327102803,1367.9457943925233,1280.2766355140186,1267.1532710280374,1185.1906542056074,1209.1476635514018,1249.4448598130841,1496.1794392523364,1690.0728971962617,1677.3214953271029,1398.082242990654,1481.1214953271028,1582.5102803738318,3925.861682242991,14455.775700934579,28267.743925233644,21382.20186915888,9196.05046728972,4076.4878504672897,2422.714018691589,1785.4186915887851,1860.3121495327102,1408.214953271028,1268.3495327102803,1128.8971962616822,1125.6373831775702,1012.1289719626168,1166.8280373831776,978.626168224299,1014.1719626168224,1149.547663551402,1181.2467289719625,1124.2859813084112,1487.4317757009346,3984.7158878504674,6163.807476635514,3458.685981308411,1901.6766355140187,1262.3420560747663,1221.4616822429907,1401.5869158878504,1437.4,1150.3682242990653,1235.6953271028037,1090.8523364485982,1211.76261682243,1075.1327102803739,1244.781308411215,1338.5551401869159,1489.955140186916,1284.773831775701,1346.9682242990655,1176.5383177570093,1223.818691588785,1196.1644859813084,3117.4,7817.51214953271,7038.420560747663,3143.4915887850466,1792.659813084112,1212.8616822429906,1099.4018691588785,1156.4355140186915,1621.5831775700935,2229.985046728972,6391.13831775701,8664.194392523365,5116.592523364486,2513.8093457943924,1684.5177570093458,1271.4299065420562,1350.917757009346,1158.0280373831777,1161.218691588785,1050.943925233645,1198.7588785046728,1314.3607476635514,1680.5233644859813,1549.6803738317758,1861.6523364485981,4899.801869158879,17252.233644859814,21826.58878504673,11772.895327102804,5461.14953271028,3195.489719626168,1825.2579439252336,1417.1009345794394,1013.958878504673,1111.8654205607477,957.3906542056075,1017.0280373831775,980.0392523364486,1290.026168224299,3068.543925233645,4604.721495327103,2984.241121495327,1713.6785046728971,1205.7196261682243,1128.7514018691588,982.1757009345795,1060.044859813084,927.4598130841122,1053.4,903.2523364485982,1088.7514018691588,1031.1158878504673,1091.063551401869,1098.0205607476635,1111.9682242990655,979.3271028037383,1266.3177570093458,1730.6056074766354,6587.684112149533,17451.828037383177,22346.439252336448,12108.792523364486,5446.841121495327,2753.233644859813,1826.0336448598132,1180.4878504672897,1161.4878504672897,999.9084112149533,1078.8841121495327,885.2785046728972,983.585046728972,1041.9831775700934,1083.5327102803737,987.5869158878505,1059.7644859813083,960.0635514018692,1062.558878504673,940.6317757009346,1079.263551401869,1600.1532710280374,2660.003738317757,3002.0728971962617,2047.4018691588785,1268.777570093458,1133.1345794392523,957.3495327102804,1061.392523364486,923.1439252336448,1034.6448598130842,944.8411214953271,1015.411214953271,1012.0242990654206,1158.3289719626168,1127.1831775700934,1166.0504672897196,1019.7121495327103,1131.3196261682242,998.9177570093458,1147.9046728971962,1076.5364485981308,1122.9140186915888,930.041121495327,1014.5925233644859,1067.6373831775702,1010.5401869158878,972.0242990654206,1100.943925233645,1164.6934579439253,1799.4504672897197,2217.0467289719627,2722.452336448598,1844.9794392523365,1332.4710280373831,999.3626168224299,1023.1495327102804,946.977570093458,1040.4205607476636,876.196261682243,1020.6766355140187,1015.9457943925233,1274.5831775700935,1228.03738317757,1153.2878504672897,998.8411214953271,1069.5308411214953,1004.4785046728972,1081.3158878504673,935.3850467289719,1076.826168224299,950.2560747663551,1085.3457943925234,997.7831775700935,1039.6822429906542,910.1028037383178,1046.988785046729,1146.9009345794393,1407.7196261682243,1376.7439252336449,1621.5084112149532,1362.7121495327103,1609.188785046729,1760.9252336448599,1967.4467289719626,1426.3383177570092,1202.0691588785046,1005.9869158878505,1086.5233644859813,1080.8897196261682,1236.4579439252336,1144.5514018691588,1259.1607476635513,1512.392523364486,2068.702803738318,2443.908411214953,2396.6355140186915,1530.5271028037382,1216.766355140187,1065.370093457944,1103.8654205607477,994.1046728971962,1152.2728971962617,1063.0130841121495,1278.5289719626169,1346.9775700934579,2376.8,7341.798130841122,15744.428037383177,22437.091588785046,24469.958878504673,13573.783177570094,5792.671028037384,2582.833644859813,1809.9327102803738,1381.2411214953272,1464.9981308411216,1618.6747663551403,1917.818691588785,1837.9607476635515,1668.9570093457944,1311.8056074766355,1363.9794392523365,1314.3158878504673,1375.9514018691589,1201.1084112149533,1172.0897196261683,988.7177570093457,1096.6822429906542,898.1046728971962,1114.1028037383178,960.958878504673,1068.6,939.8280373831776,974.3401869158879,848.9700934579439,940.6747663551402,926.1084112149533,1037.811214953271,896.0598130841122,1018.9383177570094,1254.2504672897196,1369.0429906542056,1274.1869158878505,1418.2,1346.1420560747663,2774.921495327103,7201.94953271028,11434.900934579438,15151.86355140187,15868.080373831775,9025.482242990654,3888.373831775701,2084.3271028037384,1842.5570093457943,1761.603738317757
582.939393939394,504.12310606060606,531.1287878787879,467.0435606060606,592.6041666666666,434.1666666666667,542.7443181818181,527.4602272727273,558.310606060606,526.9488636363636,584.126893939394,508.92424242424244,617.1628787878788,478.7443181818182,597.8371212121212,617.6723484848485,657.7935606060606,616.592803030303,595.0037878787879,573.0435606060606,609.4791666666666,571.2253787878788,679.6875,603.5208333333334,697.3409090909091,680.842803030303,652.7727272727273,594.4431818181819,645.6666666666666,585.5113636363636,693.8598484848485,612.9848484848485,710.0189393939394,639.530303030303,711.9905303030303,613.2234848484849,731.7878787878788,593.9715909090909,713.5416666666666,600.907196969697,712.9185606060606,643.5454545454545,627.3939393939394,719.0625,671.7689393939394,536.625,652.5587121212121,729.3257575757576,752.1912878787879,632.405303030303,722.8882575757576,693.4128787878788,718.5340909090909,692.4545454545455,747.3787878787879,598.6666666666666,728.4109848484849,656.0113636363636,692.8674242424242,635.689393939394,702.2045454545455,641.4337121212121,689.3030303030303,626.2121212121212,742.0965909090909,657.3484848484849,730.0378787878788,673.7651515151515,624.5,732.3863636363636,682.8541666666666,672.8503787878788,728.7291666666666,645.4867424242424,717.0568181818181,681.4715909090909,744.9848484848485,682.3030303030303,694.3049242424242,823.7954545454545,773.4659090909091,676.0587121212121,734.7234848484849,720.4753787878788,742.8825757575758,697.3787878787879,782.4280303030303,653.9962121212121,711.655303030303,714.8693181818181,749.0681818181819,664.4848484848485,779.7140151515151,763.0094696969697,727.467803030303,749.6704545454545,753.2859848484849,726.719696969697,791.8314393939394,703.689393939394,791.5416666666666,719.5909090909091,751.6136363636364,706.4015151515151,681.3522727272727,696.1041666666666,810.7935606060606,668.7424242424242,769.0587121212121,702.7121212121212,646.3939393939394,837.9450757575758,833.8939393939394,745.6969696969697,777.5227272727273,736.8844696969697,843.6723484848485,717.373106060606,800.9621212121212,770.032196969697,770.4602272727273,775.5208333333334,824.2765151515151,738.9564393939394,798.2954545454545,708.6931818181819,769.7992424242424,724.3844696969697,846.6609848484849,798.5984848484849,819.3977272727273,763.782196969697,842.6401515151515,739.9166666666666,755.5871212121212,742.1704545454545,820.001893939394,781.751893939394,824.0890151515151,669.0776515151515,774.5359848484849,692.4659090909091,676.5,824.9034090909091,861.6837121212121,757.7386363636364,780.0132575757576,778.2954545454545,789.5208333333334,801.3806818181819,789.2140151515151,731.0227272727273,770.157196969697,747.0719696969697,849.094696969697,803.2424242424242,789.6041666666666,784.0113636363636,770.3996212121212,691.6950757575758,832.251893939394,800.2234848484849,768.3409090909091,780.7140151515151,834.907196969697,774.3409090909091,801.217803030303,796.9507575757576,848.9848484848485,719.4450757575758,868.9526515151515,801.0227272727273,844.217803030303,773.9526515151515,741.689393939394,871.9867424242424,889.8977272727273,777.3465909090909,854.9185606060606,760.4962121212121,898.376893939394,793.0227272727273,802.6382575757576,803.4299242424242,771.5170454545455,756.9848484848485,836.3541666666666,817.6212121212121,796.4318181818181,822.6382575757576,826.7575757575758,810.685606060606,843.467803030303,776.7689393939394,861.4545454545455,769.1098484848485,862.6931818181819,821.4318181818181,830.8276515151515,887.5132575757576,807.2765151515151,836.7159090909091,876.1363636363636,824.7632575757576,852.1458333333334,773.7348484848485,737.373106060606,915.0208333333334,819.3484848484849,837.1458333333334,874.7575757575758,805.2310606060606,861.4545454545455,796.560606060606,856.7727272727273,815.7765151515151,865.9128787878788,784.1382575757576,821.1742424242424,795.8484848484849,846.7708333333334,843.1912878787879,880.5795454545455,812.8920454545455,877.8011363636364,865.8579545454545,832.4109848484849,789.8030303030303,819.7575757575758,869.4545454545455,879.6628787878788,846.4886363636364,869.1799242424242,877.9431818181819,867.4640151515151,875.1477272727273,807.7613636363636,784.3674242424242,784.5151515151515,918.0170454545455,870.310606060606,829.5795454545455,792.3825757575758,819.1382575757576,828.1477272727273,811.375,852.0113636363636,756.6306818181819,815.655303030303,841.4867424242424,787.217803030303,831.8579545454545,772.9659090909091,773.9924242424242,842.3617424242424,797.810606060606,799.5056818181819,811.8882575757576,842.9280303030303,836.9602272727273,836.7462121212121,859.5890151515151,874.125,767.5681818181819,893.0056818181819,810.717803030303,844.7878787878788,885.155303030303,837.4526515151515,815.4867424242424,883.3674242424242,948.6950757575758,898.685606060606,815.7708333333334,946.8125,858.967803030303,867.6174242424242,868.0795454545455,854.467803030303,847.844696969697,883.2916666666666,780.2348484848485,816.873106060606,852.3162878787879,850.1988636363636,884.6174242424242,861.9204545454545,879.5662878787879,858.4318181818181,783.2329545454545,880.905303030303,809.8806818181819,837.5492424242424,845.3939393939394,875.4185606060606,847.1875,889.3712121212121,799.8693181818181,866.6837121212121,819.0625,863.5492424242424,816.6136363636364,787.4090909090909,976.6079545454545,900.4943181818181,893.9034090909091,835.1912878787879,812.7443181818181,865.3125,840.0757575757576,852.9734848484849,884.4147727272727,828.1609848484849,836.4640151515151,894.5056818181819,830.9128787878788,911.5871212121212,816.5587121212121,847.7878787878788,868.9090909090909,898.719696969697,856.4943181818181,899.842803030303,900.782196969697,891.8087121212121,845.4602272727273,878.2291666666666,893.217803030303,838.9734848484849,917.8181818181819,916.2651515151515,857.3844696969697,902.3655303030303,811.3257575757576,776.8579545454545,1013.592803030303,1039.2272727272727,923.3579545454545,911.5132575757576,904.3787878787879,946.6401515151515,845.1590909090909,922.623106060606,841.1306818181819,881.3844696969697,935.2215909090909,819.3371212121212,914.8068181818181,971.4848484848485,913.4128787878788,956.5965909090909,904.1609848484849,914.657196969697,902.8958333333334,941.8049242424242,938.7234848484849,925.8901515151515,888.2992424242424,897.7424242424242,891.7651515151515,876.3333333333334,882.1628787878788,930.623106060606,929.532196969697,933.1344696969697,853.6875,824.9261363636364,963.8068181818181,960.2594696969697,921.5246212121212,951.8049242424242,1006.5340909090909,1095.1988636363637,1022.782196969697,958.0776515151515,918.0037878787879,916.3560606060606,919.9299242424242,968.1837121212121,915.6609848484849,931.0681818181819,969.594696969697,973.8825757575758,957.1515151515151,981.3162878787879,908.0094696969697,1000.592803030303,931.1401515151515,986.094696969697,962.376893939394,1041.310606060606,1014.6098484848485,950.2897727272727,930.4905303030303,959.2462121212121,905.2727272727273,952.0170454545455,918.3617424242424,849.3011363636364,1056.003787878788,944.8996212121212,962.5208333333334,995.6988636363636,935.342803030303,1015.8011363636364,957.1780303030303,968.7253787878788,1030.4223484848485,1011.4375,940.4640151515151,1001.3465909090909,934.689393939394,940.8030303030303,993.4166666666666,1050.564393939394,1012.7632575757576,1061.8219696969697,998.8541666666666,1018.2575757575758,974.3541666666666,976.1950757575758,1032.2556818181818,982.2916666666666,990.2121212121212,1048.6723484848485,1014.4545454545455,1020.6098484848485,997.3049242424242,1040.6098484848485,911.3257575757576,958.8314393939394,1180.0227272727273,1011.9734848484849,1092.7935606060605,1059.596590909091,1024.2291666666667,1113.6704545454545,1151.5776515151515,1205.375,1043.3276515151515,1048.1875,974.2329545454545,966.5075757575758,1017.7291666666666,1035.1723484848485,985.3352272727273,1044.2272727272727,994.0416666666666,1048.185606060606,1030.9166666666667,1007.3409090909091,985.030303030303,1075.996212121212,996.2424242424242,1055.9431818181818,1102.6022727272727,1077.6155303030303,1023.7746212121212,960.1534090909091,961.7992424242424,1005.2405303030303,942.1306818181819,954.8863636363636,1076.2594696969697,1080.183712121212,945.2159090909091,995.9318181818181,1038.9791666666667,1182.4375,1138.5814393939395,1134.0852272727273,972.7840909090909,1022.1931818181819,1015.2765151515151,1042.6742424242425,1149.9204545454545,1176.3181818181818,1145.7386363636363,1005.9299242424242,984.7784090909091,1009.4223484848485,1023.6950757575758,1124.8181818181818,1090.753787878788,1077.0795454545455,1030.1515151515152,1059.215909090909,1071.8181818181818,1254.058712121212,1221.0416666666667,1254.7897727272727,1100.2140151515152,1084.9204545454545,990.7291666666666,982.0587121212121,1118.1761363636363,1060.9280303030303,981.4734848484849,1088.8522727272727,1092.628787878788,1093.2291666666667,1124.7405303030303,1092.816287878788,1043.753787878788,1096.1761363636363,1135.5890151515152,1239.4602272727273,1051.9734848484848,1108.9128787878788,1112.530303030303,1178.8844696969697,1174.6136363636363,1142.0170454545455,1067.030303030303,1257.9772727272727,1183.0113636363637,1127.090909090909,1108.8541666666667,1133.7026515151515,1123.9299242424242,1176.6950757575758,1115.719696969697,1098.3996212121212,1032.4299242424242,1110.4602272727273,1044.9223484848485,957.4924242424242,1161.9734848484848,1117.4450757575758,1087.3541666666667,1101.2102272727273,1137.8920454545455,1228.683712121212,1081.871212121212,1163.3276515151515,1193.0246212121212,1085.2310606060605,1120.498106060606,1108.2651515151515,988.4185606060606,1147.8920454545455,1073.9753787878788,1073.0,997.3958333333334,1118.7727272727273,1075.340909090909,1063.2367424242425,1066.996212121212,1037.0890151515152,996.1496212121212,1095.090909090909,1054.0359848484848,1083.5435606060605,1090.8068181818182,1158.0719696969697,1031.0208333333333,1114.969696969697,1037.7234848484848,1084.2916666666667,1102.2613636363637,1197.9526515151515,1188.3882575757575,1130.4772727272727,1175.217803030303,1255.5890151515152,1141.9545454545455,1199.7443181818182,1146.3371212121212,1274.9280303030303,1168.1780303030303,1210.721590909091,1157.2386363636363,1014.0530303030303,1094.6098484848485,1197.560606060606,1149.0075757575758,1179.8655303030303,1039.6704545454545,1065.9772727272727,1044.1477272727273,1243.3806818181818,1280.2954545454545,1227.4147727272727,1099.9488636363637,1034.9431818181818,996.2916666666666,1189.1325757575758,1118.909090909091,1265.564393939394,1126.3125,1085.5757575757575,1243.6723484848485,1367.558712121212,1229.9810606060605,1134.7916666666667,1019.4450757575758,1076.814393939394,1025.8257575757575,1101.001893939394,1110.8636363636363,1122.9621212121212,1066.1950757575758,1056.9564393939395,1017.4659090909091,1144.1458333333333,1126.284090909091,1230.5530303030303,1024.1155303030303,1126.3049242424242,1001.6818181818181,1108.689393939394,1102.0056818181818,1349.2916666666667,1042.407196969697,1033.75,990.8257575757576,1111.7367424242425,1118.9469696969697,1241.246212121212,1026.996212121212,1033.371212121212,922.5719696969697,1060.375,1221.310606060606,1206.1761363636363,1054.8257575757575,1095.6022727272727,1035.6306818181818,1172.2424242424242,1100.7727272727273,1126.6306818181818,1095.5189393939395,1104.0473484848485,1180.1325757575758,1241.689393939394,1067.4375,1013.3049242424242,1067.064393939394,1263.7954545454545,1376.246212121212,1530.246212121212,1198.907196969697,1172.4431818181818,1078.2121212121212,1079.9204545454545,1038.1325757575758,1094.3541666666667,1062.965909090909,1260.3674242424242,1033.0265151515152,1060.5795454545455,953.7007575757576,997.5795454545455,940.7992424242424,1001.532196969697,1067.2443181818182,1216.2613636363637,1163.659090909091,1092.1988636363637,1011.0075757575758,1100.2140151515152,1054.3314393939395,1122.0492424242425,1130.1609848484848,1107.314393939394,1017.3030303030303,1028.0435606060605,982.2007575757576,1034.7708333333333,991.1666666666666,1097.628787878788,1057.5473484848485,1148.753787878788,1162.4848484848485,1315.5227272727273,1060.2765151515152,1094.778409090909,1004.4109848484849,1022.2045454545455,971.3049242424242,1100.8181818181818,1032.5833333333333,1201.7405303030303,1243.4204545454545,1541.6704545454545,1616.685606060606,1190.9753787878788,1174.9924242424242,1185.6174242424242,1098.1439393939395,1536.8844696969697,1812.6003787878788,1695.659090909091,1908.8257575757575,1540.1022727272727,1072.689393939394,1145.3314393939395,1049.2045454545455,1160.4867424242425,1163.7026515151515,1503.1931818181818,1887.7954545454545,1552.191287878788,1336.185606060606,1487.4318181818182,1364.253787878788,1427.094696969697,1355.5473484848485,1776.467803030303,2690.4583333333335,3322.026515151515,2499.001893939394,1858.2935606060605,1475.808712121212,1456.659090909091,1602.4791666666667,2412.4185606060605,2803.007575757576,1561.842803030303,1345.6818181818182,1302.001893939394,1318.2310606060605,1334.128787878788,1151.2140151515152,1296.6515151515152,1214.753787878788,1591.7878787878788,1730.4791666666667,1435.219696969697,1132.2556818181818,1229.0056818181818,1190.909090909091,1514.3920454545455,2012.9242424242425,2555.7405303030305,2769.3352272727275,2253.7973484848485,1460.5795454545455,1750.1628787878788,1412.5833333333333,1409.7045454545455,1595.221590909091,2072.369318181818,1773.5435606060605,1357.5984848484848,1477.7272727272727,1413.4848484848485,1423.503787878788,1948.7064393939395,1620.5132575757575,1429.9431818181818,1615.9791666666667,1490.7348484848485,1191.465909090909,1358.871212121212,1606.2443181818182,2263.8579545454545,1797.2310606060605,1861.5435606060605,1580.8958333333333,1376.1193181818182,1254.558712121212,1294.8522727272727,1409.4450757575758,1807.6723484848485,1984.7140151515152,1901.816287878788,2531.0511363636365,3267.7670454545455,4030.189393939394,3058.846590909091,2470.217803030303,1936.0265151515152,1746.064393939394,1474.8503787878788,1189.0833333333333,1328.7443181818182,1504.967803030303,1991.1079545454545,2525.431818181818,1749.7083333333333,1303.965909090909,1286.4185606060605,1447.9166666666667,1490.5056818181818,1137.0492424242425,1376.7348484848485,1453.1420454545455,2006.5,3040.9583333333335,3754.25,1785.998106060606,1432.3181818181818,1356.0530303030303,1830.4431818181818,2416.751893939394,2243.9204545454545,1493.3181818181818,1417.0359848484848,1330.2234848484848,1621.2632575757575,1507.3011363636363,1870.717803030303,2658.929924242424,3687.149621212121,2253.912878787879,2285.748106060606,2556.399621212121,1689.965909090909,1345.7916666666667,1472.3219696969697,1740.6022727272727,2668.0170454545455,3404.907196969697,2494.276515151515,1706.7765151515152,1847.4299242424242,2352.8844696969695,1577.0227272727273,1196.7727272727273,1343.0113636363637,1201.3598484848485,1287.9450757575758,1264.2954545454545,1532.751893939394,1224.0113636363637,1329.284090909091,1190.816287878788,1212.6931818181818,1131.7045454545455,1257.8598484848485,1317.4526515151515,1712.3314393939395,1669.5871212121212,1925.3390151515152,1370.9905303030303,1379.3484848484848,1185.7253787878788,1295.378787878788,1406.8200757575758,1649.1098484848485,1647.217803030303,1774.7367424242425,1685.1931818181818,1631.092803030303,1441.4924242424242,1643.4905303030303,1863.9223484848485,1677.1174242424242,1605.6742424242425,2075.3636363636365,1795.2310606060605,1556.2140151515152,1422.6950757575758,1443.9791666666667,1371.2007575757575,1747.090909090909,2257.443181818182,2386.3939393939395,1642.780303030303,1324.6685606060605,1350.0170454545455,1831.3276515151515,1530.842803030303,1831.0416666666667,2059.818181818182,2017.5719696969697,1914.7064393939395,1797.2026515151515,1587.371212121212,1672.8030303030303,1289.4488636363637,1381.3238636363637,1346.8863636363637,1461.0511363636363,1324.0852272727273,1412.1723484848485,1279.3314393939395,1427.3882575757575,1665.0094696969697,1616.371212121212,1387.7765151515152,1466.9791666666667,1396.3049242424242,1533.0208333333333,1735.5530303030303,1853.7594696969697,1839.1950757575758,1794.8996212121212,1622.6420454545455,1914.221590909091,2240.314393939394,2609.3238636363635,2524.723484848485,2150.3238636363635,1817.4848484848485,2149.2348484848485,2185.257575757576,2021.778409090909,1920.2348484848485,1905.4545454545455,1685.4242424242425,1764.7291666666667,1702.9867424242425,1704.4128787878788,1757.876893939394,1819.1988636363637,1695.657196969697,2764.132575757576,2815.443181818182,1865.8200757575758,1733.280303030303,2044.0568181818182,1472.6003787878788,1717.2954545454545,1582.9223484848485,1584.4640151515152,1753.5359848484848,2124.1098484848485,2607.028409090909,2891.7405303030305,1707.0265151515152,1970.2121212121212,2727.600378787879,3840.1420454545455,4709.38446969697,3522.060606060606,2274.1401515151515,1849.2121212121212,2132.6382575757575,2639.0094696969695,2820.7367424242425,3902.034090909091,3730.787878787879,3696.2613636363635,4524.924242424242,4924.128787878788,4631.342803030303,3072.5530303030305,2592.005681818182,3466.433712121212,2327.2689393939395,1575.2386363636363,1589.7121212121212,1901.9943181818182,1953.121212121212,1973.3693181818182,1829.346590909091,2120.967803030303,2262.244318181818,1753.0700757575758,1815.566287878788,2783.8617424242425,2792.304924242424,2318.7897727272725,2115.839015151515,2407.7064393939395,1814.159090909091,1826.2272727272727,1978.3920454545455,2450.2045454545455,2580.8579545454545,2294.598484848485,1723.746212121212,1577.4450757575758,1428.9829545454545,1827.3617424242425,2479.132575757576,2850.820075757576,2361.3522727272725,2043.0170454545455,1760.064393939394,2461.712121212121,2767.4166666666665,2239.242424242424,2971.405303030303,3158.992424242424,2340.5416666666665,2849.905303030303,2799.5776515151515,2842.5170454545455,2181.681818181818,1833.284090909091,2045.8693181818182,2696.058712121212,3592.405303030303,4693.943181818182,4030.096590909091,4132.975378787879,3429.717803030303,3491.685606060606,3169.6041666666665,3452.8314393939395,3787.7670454545455,3570.2651515151515,4327.653409090909,4607.901515151515,3001.0719696969695,2226.9545454545455,1742.030303030303,2065.931818181818,2277.528409090909,3221.5511363636365,3526.098484848485,3217.623106060606,3281.7007575757575,3564.9185606060605,4371.215909090909,4777.964015151515,3353.0833333333335,4069.7064393939395,3916.320075757576,2770.130681818182,3090.5189393939395,3818.530303030303,3380.475378787879,3220.096590909091,2839.1969696969695,3581.653409090909,3449.3863636363635,3546.0776515151515,3557.7992424242425,4194.666666666667,3269.4564393939395,2863.6458333333335,2896.662878787879,3692.1666666666665,3786.1041666666665,3205.5511363636365,2314.217803030303,1819.1344696969697,1452.2253787878788,1645.7443181818182,1508.1742424242425,1439.4109848484848,1398.4564393939395,1585.941287878788,1338.8219696969697,1405.6193181818182,1426.5568181818182,1434.2727272727273,1385.808712121212,1515.9261363636363,1644.501893939394,1811.9507575757575,1754.2234848484848,2650.873106060606,3640.7689393939395,3162.558712121212,2320.4848484848485,1526.3049242424242,1298.3390151515152,1621.8257575757575,1917.1742424242425,2247.1136363636365,1455.3541666666667,1601.6136363636363,1478.8484848484848,1593.467803030303,1730.778409090909,1783.6136363636363,1265.596590909091,1388.0416666666667,1434.2651515151515,1703.4185606060605,1865.8882575757575,2068.7670454545455,2548.350378787879,3267.465909090909,2421.1439393939395,2080.3541666666665,2316.4147727272725,1605.8238636363637,1345.439393939394,1417.905303030303,1373.4488636363637,1702.5397727272727,2349.8617424242425,3014.6780303030305,1827.6515151515152,1929.159090909091,2290.3276515151515,2880.2916666666665,3702.5227272727275,2553.8541666666665,1653.0871212121212,2246.3598484848485,1849.1458333333333,1632.558712121212,1316.9280303030303,1704.5435606060605,2094.035984848485,2723.026515151515,1987.7026515151515,2421.683712121212,2593.373106060606,2229.6420454545455,1322.6969696969697,1471.7253787878788,1504.501893939394,1948.4526515151515,2761.7594696969695,4779.085227272727,5872.524621212121,6155.333333333333,3258.4469696969695,1739.746212121212,1339.0416666666667,1382.753787878788,1222.2083333333333,1451.0359848484848,1482.8825757575758,2127.8977272727275,2652.7916666666665,3308.655303030303,3640.181818181818,4401.488636363636,2161.1041666666665,1814.8636363636363,1727.7443181818182,2010.5151515151515,2137.435606060606,3129.157196969697,4167.25,3344.246212121212,2377.621212121212,3298.748106060606,2438.8541666666665,1564.5473484848485,1392.125,1721.9280303030303,2151.715909090909,3350.445075757576,2545.7689393939395,1780.628787878788,1743.5056818181818,2040.7575757575758,2179.503787878788,2479.6136363636365,2044.4829545454545,1654.1666666666667,1997.9375,2096.714015151515,2025.5833333333333,3379.628787878788,3149.2007575757575,1921.496212121212,1826.7102272727273,2886.123106060606,3048.1988636363635,2399.4829545454545,2784.4185606060605,4132.706439393939,5762.577651515152,3915.8011363636365,1867.1060606060605,1521.628787878788,1228.5378787878788,1387.784090909091,1310.9886363636363,1700.721590909091,1450.4867424242425,1409.9583333333333,1255.5435606060605,1336.4734848484848,1078.9128787878788,1219.2140151515152,1246.0814393939395,1276.4242424242425,1281.6988636363637,1305.9375,1064.7026515151515,1375.1704545454545,1362.0984848484848,1300.6818181818182,1089.2689393939395,1226.753787878788,1082.403409090909,1188.376893939394,1121.5776515151515,1287.7386363636363,1066.3977272727273,1234.8276515151515,1059.4375,1365.0492424242425,1154.2121212121212,1211.9905303030303,1070.3257575757575,1175.965909090909,1088.3617424242425,1184.496212121212,1149.810606060606,1383.1174242424242,1106.342803030303,1210.998106060606,1110.5738636363637,1183.7556818181818,1029.590909090909,1110.4924242424242,1261.7897727272727,1418.0473484848485,1392.9867424242425,1365.3844696969697,1363.0776515151515,1731.9772727272727,1844.907196969697,1581.655303030303,1667.8655303030303,2264.9583333333335,1497.0189393939395,1254.965909090909,1109.2083333333333,1196.7348484848485,1201.534090909091,1148.1382575757575,1069.001893939394,1291.971590909091,1044.9109848484848,1245.0189393939395,1066.3276515151515,1224.6155303030303,1134.6780303030303,1127.7935606060605,1048.876893939394,1145.9886363636363,1146.9886363636363,1472.7329545454545,1684.5833333333333,1561.2405303030303,1252.5625,1221.3882575757575,1391.5151515151515,1389.4526515151515,1210.2045454545455,1370.7575757575758,1410.4848484848485,1644.1723484848485,1259.9185606060605,1151.3844696969697,1119.1363636363637,1237.683712121212,1197.5113636363637,1593.4924242424242,1807.2575757575758,1636.8901515151515,1210.6439393939395,1322.6174242424242,1423.7859848484848,1931.2272727272727,1405.7045454545455,1370.9602272727273,1402.1439393939395,1695.183712121212,1788.9640151515152,1824.0719696969697,1475.217803030303,1408.3560606060605,1246.028409090909,1546.0132575757575,1266.0246212121212,1237.5094696969697,1060.6950757575758,1240.3333333333333,1374.4450757575758,1428.8219696969697,1532.683712121212,1774.0492424242425,1374.6515151515152,1639.7765151515152,1974.4829545454545,2125.318181818182,1496.6969696969697,1616.8333333333333,1723.0833333333333,1591.7367424242425,1470.0984848484848,1684.6515151515152,1837.0075757575758,2179.0170454545455,1591.5056818181818,1910.7007575757575,2295.3579545454545,3077.693181818182,1900.2386363636363,1741.8844696969697,1665.7992424242425,1689.5625,2050.217803030303,3308.683712121212,4178.238636363636,3084.3238636363635,2509.1458333333335,3064.0416666666665,1909.685606060606,1585.5511363636363,1907.75,2710.3579545454545,2225.8257575757575,2519.125,2236.214015151515,2414.2329545454545,2420.8125,3517.0,2623.6969696969695,1808.971590909091,1459.8522727272727,1702.4128787878788,2207.0492424242425,1961.2064393939395,1324.655303030303,1694.0814393939395,2472.445075757576,3393.943181818182,2235.3863636363635,2830.5,2942.910984848485,3014.723484848485,4166.704545454545,3221.9223484848485,2330.721590909091,4105.443181818182,5107.628787878788,2749.907196969697,2043.4829545454545,3130.8541666666665,4711.361742424242,5471.534090909091,4753.484848484848,3473.4242424242425,2695.5625,3111.3541666666665,5202.041666666667,7335.979166666667,4809.30303030303,3382.8560606060605,5452.183712121212,8968.24053030303,5634.63446969697,3183.0416666666665,1919.4318181818182,1785.6818181818182,2021.748106060606,3112.3636363636365,3150.0435606060605,3264.7272727272725,4326.039772727273,6621.331439393939,4293.579545454545,2453.1988636363635,1824.0246212121212,1422.7443181818182,1257.342803030303,1531.9564393939395,1507.094696969697,1904.9318181818182,2891.808712121212,3082.2272727272725,1845.5113636363637,1595.876893939394,1655.5246212121212,1655.4791666666667,1379.9488636363637,1707.3352272727273,2271.410984848485,3424.4204545454545,2576.123106060606,2217.278409090909,2204.149621212121,1668.0416666666667,1410.340909090909,1611.435606060606,2193.125,2190.1155303030305,1451.219696969697,1523.5227272727273,1413.6420454545455,1749.2367424242425,1331.7234848484848,1481.2386363636363,1476.746212121212,2056.5833333333335,2346.191287878788,2190.876893939394,1801.7348484848485,1471.0075757575758,1323.8977272727273,1520.7443181818182,1425.034090909091,1560.5795454545455,1935.0435606060605,1805.1420454545455,1425.8693181818182,1493.4867424242425,1280.8219696969697,1530.1079545454545,2018.1628787878788,3128.2007575757575,2212.3295454545455,1544.1496212121212,1444.5530303030303,1449.998106060606,1323.1382575757575,1587.3030303030303,1348.592803030303,1534.316287878788,1865.9924242424242,2797.5625,3903.244318181818,3956.2329545454545,1857.7878787878788,1758.1780303030303,2217.2045454545455,2639.592803030303,1665.5890151515152,1506.4886363636363,1476.9640151515152,2273.598484848485,2043.1875,2343.280303030303,2861.6875,1998.2670454545455,1824.6704545454545,2120.3882575757575,1518.844696969697,1602.159090909091,1914.4545454545455,2082.6666666666665,1280.746212121212,1331.8636363636363,1136.1969696969697,1265.3503787878788,1194.191287878788,1392.8276515151515,1330.3806818181818,1803.717803030303,2652.376893939394,2236.090909090909,1231.9886363636363,1242.2708333333333,1182.5094696969697,1479.4261363636363,1161.2367424242425,1374.3977272727273,1105.2727272727273,1383.6098484848485,1233.2140151515152,1214.003787878788,1190.6458333333333,1292.2045454545455,1290.1742424242425,1790.7575757575758,2102.6969696969695,1687.7026515151515,1516.5397727272727,2343.691287878788,2334.2727272727275,1465.844696969697,1336.3863636363637,1528.9564393939395,1443.873106060606,1449.3636363636363,1188.6155303030303,1496.5700757575758,1835.6477272727273,2318.092803030303,2582.5397727272725,1912.7405303030303,1322.471590909091,1496.2424242424242,1529.782196969697,2105.6988636363635,1604.2878787878788,1696.9602272727273,1603.753787878788,2081.035984848485,1564.0776515151515,1588.9450757575758,1847.9223484848485,2064.5397727272725,1343.4147727272727,1396.5700757575758,1580.0094696969697,2627.715909090909,3293.901515151515,2006.6363636363637,1594.0378787878788,1761.030303030303,1387.094696969697,1459.9905303030303,1479.409090909091,1624.407196969697,1420.8333333333333,1486.6477272727273,1396.185606060606,2065.776515151515,3480.626893939394,3645.691287878788,1582.0833333333333,1406.653409090909,1257.2651515151515,1345.1780303030303,1402.8674242424242,1638.378787878788,1376.7121212121212,1953.6041666666667,1766.5473484848485,1685.4488636363637,1230.5378787878788,1247.0265151515152,1097.0492424242425,1262.441287878788,1176.0265151515152,1417.8200757575758,1572.4867424242425,1741.2424242424242,1351.346590909091,1322.125,1179.9147727272727,1409.6344696969697,1487.0,1610.2348484848485,1585.096590909091,2081.757575757576,1849.623106060606,1418.7348484848485,1334.810606060606,1544.4867424242425,1745.2935606060605,1960.3352272727273,1853.0132575757575,2152.123106060606,1737.5700757575758,1650.9829545454545,1342.594696969697,1548.2291666666667,1599.6628787878788,1744.375,1318.185606060606,1591.3049242424242,1765.1193181818182,2736.7045454545455,4292.450757575758,4693.695075757576,1788.0757575757575,1538.715909090909,1553.6420454545455,1421.3011363636363,1100.625,1349.003787878788,1192.9829545454545,1294.2405303030303,1411.25,1446.0757575757575,1191.5681818181818,1378.594696969697,1197.153409090909,1294.6363636363637,1179.1723484848485,1451.439393939394,1324.967803030303,1499.4109848484848,1711.9261363636363,2265.4810606060605,1676.7897727272727,1278.844696969697,1143.715909090909,1341.5719696969697,1272.5719696969697,1791.4905303030303,1513.9431818181818,1472.0473484848485,1161.1136363636363,1454.342803030303,1504.435606060606,1468.8579545454545,1145.7708333333333,1257.6515151515152,1137.7632575757575,1206.784090909091,1138.9261363636363,1320.7556818181818,1206.4943181818182,1405.064393939394,1386.3390151515152,1454.191287878788,1273.5,1336.7859848484848,1285.2727272727273,1549.1950757575758,2111.1666666666665,1915.498106060606,1146.3939393939395,1285.6761363636363,1188.3693181818182,1221.5094696969697,1152.933712121212,1350.903409090909,1408.0681818181818,2152.090909090909,2018.5795454545455,1823.1344696969697,1378.7405303030303,1585.9318181818182,1501.4602272727273,1507.4223484848485,1579.3333333333333,2201.314393939394,2528.003787878788,2014.3939393939395,1549.2708333333333,1954.6003787878788,2208.748106060606,2526.2708333333335,1729.2253787878788,1855.2405303030303,2952.6098484848485,3443.3011363636365,1688.5,1407.7689393939395,1294.751893939394,1447.441287878788,1466.3882575757575,1822.3276515151515,1359.6761363636363,1398.780303030303,1399.090909090909,1954.4924242424242,2859.4810606060605,4291.736742424242,2779.945075757576,2118.4280303030305,2075.804924242424,2679.160984848485,1756.4526515151515,2137.909090909091,2424.681818181818,1671.3825757575758,1393.1306818181818,1795.780303030303,2172.149621212121,2537.056818181818,1618.0492424242425,1703.126893939394,2140.214015151515,3794.337121212121,5788.439393939394,4042.1988636363635,3407.3541666666665,2779.717803030303,2194.912878787879,1793.9223484848485,1468.0511363636363,1859.3181818181818,2419.7689393939395,4623.511363636364,4276.566287878788,2057.8655303030305,1474.9753787878788,1868.6003787878788,2491.092803030303,3663.875,2060.407196969697,1899.9299242424242,2203.185606060606,3278.8333333333335,2047.1079545454545,1572.5530303030303,1283.6041666666667,1431.0227272727273,1488.3503787878788,2017.7670454545455,2745.3920454545455,4366.348484848485,3872.318181818182,4711.007575757576,6080.861742424242,3128.596590909091,2127.6041666666665,3131.744318181818,4930.998106060606,5154.132575757576,2862.6704545454545,2249.998106060606,2989.632575757576,5823.958333333333,6770.011363636364,2676.5852272727275,1526.3068181818182,1596.905303030303,1620.778409090909,1675.1344696969697,1313.8579545454545,1392.5871212121212,1394.1723484848485,1821.308712121212,1783.248106060606,2669.774621212121,3250.1685606060605,4036.373106060606,3014.2973484848485,4049.246212121212,6376.534090909091,5142.751893939394,5699.323863636364,4274.587121212121,2588.7689393939395,2782.840909090909,3063.1875,1940.5700757575758,1418.2992424242425,1511.753787878788,1952.2878787878788,2221.028409090909,1716.7670454545455,1883.3958333333333,1726.1515151515152,2325.094696969697,3970.6117424242425,6467.92803030303,3103.965909090909,1855.1060606060605,1696.7121212121212,1614.498106060606,1668.532196969697,2320.9886363636365,3943.8844696969695,6781.352272727273,5464.808712121212,7270.498106060606,4310.626893939394,3543.3314393939395,4697.875,3286.5473484848485,1870.842803030303,1689.9829545454545,1622.0776515151515,2028.4375,3028.032196969697,5257.952651515152,5753.522727272727,5228.537878787879,4576.859848484848,4871.589015151515,2378.3257575757575,2262.1344696969695,2180.501893939394,1746.6136363636363,1457.810606060606,1456.657196969697,1425.5397727272727,1660.4015151515152,2068.2102272727275,3240.560606060606,2665.6988636363635,4094.0492424242425,3792.7310606060605,5015.979166666667,6345.371212121212,9493.78409090909,16771.647727272728,12132.136363636364,3902.975378787879,2364.570075757576,2324.846590909091,4003.179924242424,4015.7348484848485,4934.157196969697,8451.496212121212,6333.727272727273,2820.653409090909,1670.465909090909,1454.9753787878788,1906.7651515151515,2574.685606060606,4040.221590909091,4124.892045454545,5102.505681818182,2867.742424242424,1686.3674242424242,1448.7424242424242,1502.9128787878788,1409.316287878788,1720.469696969697,2071.7367424242425,3070.998106060606,5934.732954545455,4645.848484848485,1990.2064393939395,1939.155303030303,2233.7935606060605,3718.621212121212,3655.8901515151515,6192.25,5030.804924242424,3458.683712121212,1794.1022727272727,1654.685606060606,1703.1458333333333,1918.5170454545455,2047.7556818181818,3422.032196969697,6645.38446969697,5368.170454545455,2198.1344696969695,1692.8484848484848,1345.0056818181818,1468.0,1445.7291666666667,1501.0852272727273,1463.6704545454545,1944.528409090909,1745.971590909091,1786.9526515151515,2298.9280303030305,2489.903409090909,2749.873106060606,5368.543560606061,8060.356060606061,4968.676136363636,6419.787878787879,5215.498106060606,2206.846590909091,1883.128787878788,1608.6401515151515,2040.0246212121212,1416.909090909091,1458.4299242424242,1382.9109848484848,1391.7102272727273,1497.278409090909,2189.5492424242425,3606.662878787879,7332.625,4803.094696969697,2568.2897727272725,1593.6117424242425,1457.4015151515152,1280.7575757575758,1270.3882575757575,1305.0435606060605,1388.5492424242425,1276.092803030303,1543.623106060606,1837.6742424242425,2541.378787878788,4720.392045454545,5182.295454545455,2179.257575757576,1917.4299242424242,1763.3181818181818,1804.1344696969697,1422.8674242424242,1544.6875,1439.2367424242425,1431.7746212121212,1468.2916666666667,2262.8882575757575,2539.2405303030305,4922.143939393939,2905.5170454545455,1616.6325757575758,1296.5132575757575,1395.125,1288.0757575757575,1380.3825757575758,1314.8825757575758,1432.0359848484848,1342.3295454545455,1638.4469696969697,1878.1363636363637,3463.784090909091,3468.219696969697,2133.251893939394,1933.4526515151515,1925.5246212121212,1499.8560606060605,1563.3276515151515,1352.0170454545455,1456.1515151515152,1462.9772727272727,1793.7272727272727,2268.4545454545455,3379.157196969697,7386.054924242424,12771.475378787878,8760.65909090909,3580.0738636363635,1943.621212121212,1938.0094696969697,1359.5984848484848,1334.935606060606,1133.2556818181818,1273.3295454545455,1101.7575757575758,1201.471590909091,1060.4526515151515,1204.0208333333333,1092.8049242424242,1232.0265151515152,1252.8030303030303,1521.6931818181818,1315.7367424242425,1426.5170454545455,1471.435606060606,1348.0549242424242,1230.2556818181818,1335.3276515151515,1148.778409090909,1369.8636363636363,1601.6723484848485,2322.528409090909,1453.7746212121212,1349.0833333333333,1265.3598484848485,1702.371212121212,1774.189393939394,1941.439393939394,1534.558712121212,1429.7556818181818,1224.0416666666667,1667.0549242424242,1185.8996212121212,1436.623106060606,1826.251893939394,3207.5625,2629.8863636363635,1703.310606060606,1197.3901515151515,1269.7443181818182,1272.2689393939395,1449.3958333333333,1139.871212121212,1229.2651515151515,1126.3579545454545,1368.8011363636363,1721.6761363636363,1697.183712121212,1805.1818181818182,2037.0151515151515,1534.3844696969697,1582.6496212121212,1399.3863636363637,1388.371212121212,1206.6628787878788,1351.191287878788,1228.8295454545455,1552.9166666666667,1667.596590909091,1624.6306818181818,1399.376893939394,1772.6647727272727,2052.439393939394,2522.089015151515,2367.903409090909,2246.026515151515,1632.284090909091,1422.4299242424242,1299.903409090909,1435.5075757575758,1418.653409090909,1476.471590909091,1318.310606060606,1462.1420454545455,1632.1022727272727,2215.9905303030305,2456.804924242424,1770.0435606060605,1938.5681818181818,2354.155303030303,2177.787878787879,2046.6193181818182,1656.7405303030303,2102.9507575757575,2443.9829545454545,2846.3939393939395,2437.4810606060605,1867.003787878788,1558.8049242424242,1890.1325757575758,2654.570075757576,2681.8219696969695,2207.405303030303,2088.034090909091,1603.9166666666667,1835.9810606060605,1414.596590909091,1669.6458333333333,1738.7878787878788,2233.183712121212,1982.5511363636363,1876.0890151515152,1983.467803030303,1708.6799242424242,1382.251893939394,1436.780303030303,1397.1174242424242,1654.5397727272727,1479.4734848484848,1422.7708333333333,1392.092803030303,1701.4621212121212,1467.2102272727273,2025.2026515151515,2519.3219696969695,1833.433712121212,1453.125,1991.8598484848485,2290.725378787879,1995.971590909091,2389.8257575757575,4015.568181818182,3345.193181818182,2202.842803030303,1971.0151515151515,1826.1022727272727,1742.9280303030303,1982.5359848484848,1682.532196969697,2019.0075757575758,1464.5227272727273,1656.9109848484848,1758.1780303030303,1670.8030303030303,1817.2613636363637,2505.8863636363635,1691.3598484848485,1554.965909090909,1702.3579545454545,2257.526515151515,2647.034090909091,4188.573863636364,5861.390151515152,3886.3958333333335,2421.8844696969695,2107.558712121212,2600.6401515151515,4670.477272727273,6399.494318181818,3268.9791666666665,2058.410984848485,2452.632575757576,3716.2102272727275,4152.007575757576,3604.844696969697,1953.9280303030303,1586.3238636363637,1643.189393939394,1334.5719696969697,1961.094696969697,1815.3049242424242,3377.0113636363635,2438.757575757576,1755.465909090909,1573.310606060606,1699.7367424242425,2096.4583333333335,2702.660984848485,3036.2973484848485,4467.657196969697,5405.492424242424,7151.441287878788,7356.532196969697,4585.922348484848,6121.170454545455,9127.130681818182,5108.69696969697,3604.619318181818,4229.308712121212,2909.867424242424,3063.378787878788,2623.441287878788,2310.873106060606,3917.912878787879,6204.261363636364,3684.804924242424,3160.4166666666665,6052.172348484848,7857.742424242424,3496.566287878788,2220.2007575757575,2687.910984848485,3346.5814393939395,7740.977272727273,9457.0,4691.005681818182,4909.869318181818,7065.727272727273,4169.3125,3104.274621212121,3298.090909090909,3481.7007575757575,3234.4526515151515,2180.473484848485,1887.5094696969697,3012.8257575757575,3130.475378787879,3252.7083333333335,2183.587121212121,1847.842803030303,2128.994318181818,2069.3617424242425,1545.8882575757575,1699.5359848484848,2054.409090909091,3941.314393939394,3247.8276515151515,1943.9318181818182,1460.3125,1431.715909090909,1437.5984848484848,1931.4431818181818,2860.8636363636365,4551.717803030303,2292.9166666666665,2126.837121212121,2720.441287878788,4750.638257575758,10477.123106060606,7499.554924242424,3547.719696969697,2323.2651515151515,1691.5094696969697,2012.282196969697,2210.7651515151515,1864.6515151515152,1668.5170454545455,1876.596590909091,2126.318181818182,2680.6666666666665,1791.873106060606,1635.9261363636363,1576.4583333333333,1625.0776515151515,1782.159090909091,1693.0625,1562.4507575757575,1631.6060606060605,1579.9204545454545,1539.092803030303,1380.5776515151515,1580.560606060606,1418.971590909091,1403.846590909091,1360.4280303030303,2229.1382575757575,2489.969696969697,3527.058712121212,2033.4810606060605,1541.4640151515152,1334.0416666666667,1559.8806818181818,1309.1704545454545,1455.7935606060605,1526.7272727272727,2718.284090909091,2939.5170454545455,1953.4526515151515,1833.5738636363637,3258.530303030303,8312.691287878788,6066.770833333333,2540.873106060606,1837.2121212121212,1476.659090909091,1485.6666666666667,1392.7992424242425,1354.4772727272727,1318.8049242424242,1553.0549242424242,2050.035984848485,1941.066287878788,1426.808712121212,1421.1496212121212,1387.8882575757575,1523.0246212121212,1363.4375,2033.590909090909,1746.935606060606,2399.0814393939395,4303.581439393939,5799.619318181818,2697.094696969697,1879.6401515151515,1538.8276515151515,1509.751893939394,1321.1458333333333,1739.2367424242425,1897.4318181818182,2854.628787878788,2694.214015151515,1785.3390151515152,1439.4450757575758,1347.4318181818182,1150.2727272727273,1251.1098484848485,1110.0378787878788,1237.8219696969697,1266.5871212121212,1665.7064393939395,1200.1496212121212,1157.0378787878788,1015.5549242424242,1103.3541666666667,1015.2594696969697,1128.0700757575758,1055.5568181818182,1259.282196969697,1204.2632575757575,1921.7954545454545,2424.092803030303,6218.611742424242,8113.386363636364,4349.649621212121,2588.0132575757575,1792.4829545454545,1279.8276515151515,1313.6306818181818,1380.2310606060605,1408.8863636363637,1135.185606060606,1252.0549242424242,1084.7594696969697,1217.7121212121212,1532.0454545454545,2329.056818181818,1902.2708333333333,1487.1060606060605,1306.8011363636363,1390.5189393939395,1192.0984848484848,1272.8371212121212,1181.314393939394,1350.0075757575758,1230.155303030303,1415.246212121212,1251.9734848484848,1424.7367424242425,1568.9431818181818,1845.9734848484848,1877.2897727272727,2234.6155303030305,1470.7632575757575,1420.6193181818182,1233.028409090909,1297.6666666666667,1247.1609848484848,1648.683712121212,1929.373106060606,1632.6136363636363,1288.032196969697,1356.6382575757575,1310.378787878788,1333.2897727272727,1116.0833333333333,1108.5530303030303,1261.9204545454545,1341.7727272727273,1221.2348484848485,1622.066287878788,1387.5833333333333,1489.3030303030303,1599.534090909091,1532.0473484848485,1379.8200757575758,1484.8977272727273,1376.6515151515152,1655.3579545454545,1463.7083333333333,1966.8522727272727,1557.566287878788,1362.5208333333333,1249.8219696969697,1757.4886363636363,1139.344696969697,1339.6477272727273,1203.278409090909,1367.469696969697,1379.498106060606,1499.0757575757575,1428.969696969697,1491.8238636363637,1239.6628787878788,1326.685606060606,1357.2859848484848,1435.7594696969697,1183.4564393939395,1303.3674242424242,1538.8806818181818,1622.5113636363637,1854.5,1699.5151515151515,1498.8333333333333,1459.3958333333333,1259.715909090909,1364.3579545454545,1285.4185606060605,1418.25,1229.9791666666667,1348.4469696969697,1334.123106060606,1375.0814393939395,1203.2045454545455,1339.9242424242425,1217.6628787878788,1743.6780303030303,1242.1704545454545,1367.998106060606,1441.032196969697,1832.3503787878788,1411.689393939394,1538.9375,1670.0984848484848,2831.6723484848485,2564.4166666666665,3708.339015151515,2501.3863636363635,1987.0170454545455,1567.689393939394,1458.530303030303,1330.465909090909,1430.2253787878788,1171.6458333333333,1290.3181818181818,1159.8636363636363,1345.8125,1345.1117424242425,1851.9545454545455,2396.0151515151515,2341.058712121212,2602.4375,2189.4564393939395,1659.2140151515152,1660.6969696969697,1549.6723484848485,1919.6117424242425,2840.380681818182,2715.657196969697,1625.4299242424242,1580.7973484848485,1352.2935606060605,1451.2765151515152,1524.8276515151515,1519.8958333333333,1348.6950757575758,1465.5719696969697,1292.971590909091,1385.0871212121212,1575.532196969697,2779.465909090909,4648.138257575758,3444.7689393939395,2435.1875,2429.4261363636365,1893.9848484848485,1670.7291666666667,1500.7386363636363,1737.6515151515152,1619.346590909091,1696.1666666666667,2366.662878787879,4153.208333333333,2518.3522727272725,2015.2367424242425,2096.965909090909,2641.7310606060605,2475.2102272727275,2052.3125,2416.8939393939395,4588.376893939394,2665.9261363636365,2327.8655303030305,2857.7102272727275,5472.952651515152,9459.4375,5479.064393939394,3002.348484848485,2366.0492424242425,2172.2291666666665,2112.6704545454545,1962.844696969697,2005.9886363636363,2343.875,5068.778409090909,3691.818181818182,2585.399621212121,2404.8901515151515,2255.3295454545455,1790.594696969697,1956.4640151515152,2931.435606060606,5001.871212121212,4526.280303030303,2816.5625,2018.2765151515152,1717.3863636363637,1472.3219696969697,1905.3238636363637,3179.8314393939395,3324.0738636363635,2770.6875,4763.363636363636,3826.9886363636365,3207.1117424242425,4024.2954545454545,8006.089015151515,9225.90909090909,6105.683712121212,4570.774621212121,2910.7992424242425,2032.5473484848485,1789.153409090909,1580.034090909091,1903.340909090909,1579.058712121212,1580.7594696969697,1867.7727272727273,1724.8560606060605,1422.5814393939395,1507.0132575757575,1413.8958333333333,1763.7253787878788,1880.4469696969697,2119.0208333333335,2051.907196969697,2466.212121212121,4541.545454545455,14151.820075757576,20189.77462121212,10937.376893939394,6870.223484848485,5381.007575757576,6334.844696969697,9067.174242424242,5739.518939393939,6270.482954545455,3847.3030303030305,3040.558712121212,3005.060606060606,2536.967803030303,1940.7651515151515,1879.2935606060605,1819.2708333333333,2865.435606060606,2365.626893939394,2833.060606060606,3777.439393939394,2951.757575757576,2254.2026515151515,1889.8371212121212,1498.2140151515152,1589.9299242424242,1516.2064393939395,1743.6685606060605,1619.6193181818182,1740.3522727272727,2033.496212121212,2055.6647727272725,2339.2272727272725,2764.6382575757575,1959.876893939394,1982.7140151515152,1843.3314393939395,1778.001893939394,1525.3636363636363,2083.0113636363635,1701.2121212121212,3062.0094696969695,8013.367424242424,6581.399621212121,3527.626893939394,2450.837121212121,2029.5511363636363,2396.496212121212,1988.6117424242425,1860.7878787878788,1705.0719696969697,2414.0170454545455,2047.596590909091,1882.905303030303,1894.7727272727273,2128.842803030303,2726.526515151515,6222.5625,11222.193181818182,8451.136363636364,9460.695075757576,5166.145833333333,3291.1382575757575,2500.7897727272725,1873.9431818181818,1692.4640151515152,1540.503787878788,1666.6931818181818,1644.753787878788,1931.498106060606,1906.5435606060605,2325.566287878788,1765.8068181818182,2228.185606060606,2542.7291666666665,2104.382575757576,1691.126893939394,1641.564393939394,1638.1174242424242,2022.096590909091,2358.282196969697,3950.7272727272725,9230.64393939394,7534.676136363636,3887.320075757576,2991.621212121212,2649.251893939394,2236.9810606060605,1811.433712121212,2025.935606060606,2498.994318181818,2269.501893939394,2720.035984848485,5271.304924242424,8247.039772727272,5389.251893939394,3040.117424242424,2310.431818181818,2001.153409090909,1756.5738636363637,1425.530303030303,1528.2916666666667,1309.778409090909,1804.253787878788,1313.153409090909,1674.6704545454545,1777.9602272727273,1775.5719696969697,2207.125,2027.8276515151515,1651.653409090909,1996.501893939394,1848.1723484848485,1801.7083333333333,1851.0473484848485,1863.284090909091,1510.9621212121212,1701.7083333333333,1943.4223484848485,3492.274621212121,7314.526515151515,4810.952651515152,3111.431818181818,2413.467803030303,2238.973484848485,1973.9242424242425,1514.8844696969697,1566.1193181818182,1592.5814393939395,1701.191287878788,1733.6666666666667,3111.030303030303,7731.441287878788,5811.607954545455,3752.2310606060605,3446.498106060606,2826.3901515151515,3904.066287878788,3234.375,5392.323863636364,13826.33143939394,11628.986742424242,6725.113636363636,5354.977272727273,3520.7670454545455,3126.5852272727275,3676.785984848485,3258.590909090909,2338.556818181818,2491.660984848485,3396.9526515151515,6087.469696969697,5726.573863636364,3566.964015151515,2624.5227272727275,2515.570075757576,3567.8560606060605,6749.625,4818.854166666667,4537.244318181818,3266.751893939394,2666.119318181818,2468.2689393939395,3869.869318181818,7825.873106060606,9476.65340909091,10363.78409090909,7112.638257575758,4279.922348484848,3270.3125,2434.8352272727275,2553.2954545454545,2924.403409090909,2257.1363636363635,2053.7272727272725,2473.912878787879,2433.5189393939395,1963.0378787878788,1651.592803030303,1669.2727272727273,1337.5227272727273,1470.028409090909,1725.8125,2287.2613636363635,2936.6041666666665,5281.655303030303,8199.484848484848,14960.176136363636,9153.20643939394,6564.810606060606,7488.55303030303,5806.054924242424,6668.07196969697,10835.960227272728,6144.609848484848,4080.532196969697,2898.598484848485,2433.195075757576,1844.1401515151515,2109.787878787879,1532.6647727272727,1661.5,2201.587121212121,5687.80303030303,15334.736742424242,10530.34090909091,6118.67803030303,4601.846590909091,3520.8257575757575,3576.4280303030305,5608.429924242424,16175.681818181818,30125.770833333332,17430.916666666668,10611.549242424242,8560.517045454546,5656.081439393939,4556.657196969697,4701.789772727273,3547.214015151515,3750.691287878788,3457.1136363636365,2673.844696969697,2542.2992424242425,2173.431818181818,2491.876893939394,2703.278409090909,2573.2954545454545,3721.6401515151515,11789.439393939394,25347.715909090908,16630.007575757576,9668.435606060606,6521.534090909091,5190.111742424242,6899.751893939394,12879.549242424242,17201.117424242424,14410.361742424242,14120.933712121212,11837.57196969697,7842.204545454545,6493.102272727273,5908.304924242424,3977.058712121212,2666.4905303030305,2201.9204545454545,1993.7140151515152,1727.2443181818182,1878.3181818181818,2214.9488636363635,2651.945075757576,3650.5833333333335,2867.882575757576,2149.151515151515,1959.9469696969697,1756.6344696969697,1756.1988636363637,1593.4128787878788,2054.6420454545455,2250.068181818182,1977.2102272727273,1596.840909090909,2044.6988636363637,2108.2935606060605,3351.0776515151515,4610.755681818182,3686.4526515151515,3133.308712121212,5553.818181818182,7428.666666666667,7862.829545454545,8975.96590909091,5791.852272727273,6481.454545454545,15039.50946969697,12472.710227272728,11391.32196969697,8861.767045454546,5570.861742424242,4201.435606060606,3503.1060606060605,2746.5170454545455,2544.407196969697,2405.3958333333335,2537.6647727272725,2082.056818181818,2254.3314393939395,2622.1780303030305,3847.337121212121,6966.405303030303,14739.748106060606,15468.244318181818,9112.4375,5903.579545454545,6040.916666666667,8289.564393939394,7366.195075757576,4892.403409090909,4561.07196969697,3503.7007575757575,2960.3560606060605,2828.125,2315.8655303030305,1736.8977272727273,1685.2708333333333,1509.7897727272727,1594.4772727272727,1343.0814393939395,1578.0871212121212,2359.0208333333335,4928.602272727273,14750.486742424242,15246.532196969696,9212.361742424242,6446.138257575758,4952.138257575758,5057.827651515152,4150.642045454545,3267.225378787879,2925.464015151515,2935.056818181818,2647.119318181818,3465.5208333333335,3590.242424242424,2649.4526515151515,2657.1439393939395,5226.229166666667,3509.9810606060605,2542.060606060606,1889.7916666666667,2022.1117424242425,2340.035984848485,2389.2897727272725,2025.0890151515152,2440.8295454545455,2865.3125,2705.0,4104.488636363636,12747.53409090909,11764.594696969696,7666.378787878788,8405.78409090909,7377.986742424242,5411.859848484848,6522.560606060606,5211.325757575758,3387.621212121212,2368.005681818182,2139.5814393939395,1685.933712121212,1871.6363636363637,2189.5435606060605,2248.0132575757575,1935.782196969697,1831.3617424242425,1596.1969696969697,1655.4223484848485,1803.030303030303,2437.971590909091,1615.9242424242425,1560.528409090909,1334.4621212121212,1347.1628787878788,1426.1969696969697,1616.4147727272727,1531.5113636363637,1754.314393939394,1444.5208333333333,1517.0075757575758,1475.9905303030303,1870.5738636363637,1880.9261363636363,1794.8352272727273,2366.2613636363635,3828.5416666666665,3401.717803030303,2595.1704545454545,1937.342803030303,1680.060606060606,1447.2708333333333,1577.6723484848485,1416.5890151515152,1542.6079545454545,1476.433712121212,1524.344696969697,1936.191287878788,2454.278409090909,4299.011363636364,4622.962121212121,3204.526515151515,3735.193181818182,6649.763257575758,6409.231060606061,4641.206439393939,4043.6098484848485,5273.585227272727,4976.732954545455,4217.909090909091,4520.69696969697,3612.8314393939395,2992.873106060606,4124.278409090909,4397.753787878788,6107.24053030303,10008.25,6502.799242424242,5050.0625,5236.325757575758,4174.5,3433.2727272727275,2631.320075757576,1913.0776515151515,1839.0530303030303,1938.2405303030303,3724.662878787879,4612.74053030303,4145.899621212121,3307.6761363636365,2477.439393939394,2043.0454545454545,2585.9185606060605,2288.969696969697,2416.535984848485,1804.5511363636363,1746.3125,2052.3901515151515,4304.456439393939,4093.405303030303,3139.8598484848485,2371.340909090909,2681.6022727272725,3195.748106060606,3845.9185606060605,5249.270833333333,8666.412878787878,5572.541666666667,5324.278409090909,7124.482954545455,8414.810606060606,7870.36553030303,12009.229166666666,7664.714015151515,4956.17803030303,3773.060606060606,2981.274621212121,2057.6363636363635,1701.3276515151515,1327.3390151515152,1315.5075757575758,1189.7556818181818,1482.5530303030303,2300.842803030303,3366.344696969697,2491.714015151515,2445.8920454545455,2386.869318181818,3420.7026515151515,10561.494318181818,16793.416666666668,10221.214015151516,7685.30303030303,7490.17803030303,10896.227272727272,7338.145833333333,4980.36553030303,4748.839015151515,3583.659090909091,2601.5719696969695,2452.7594696969695,4527.522727272727,10572.03409090909,10628.795454545454,6535.914772727273,4161.842803030303,3389.376893939394,3304.4147727272725,3135.337121212121,2705.433712121212,4653.481060606061,6531.734848484848,10353.585227272728,9513.068181818182,21184.857954545456,25471.23106060606,16350.90340909091,12398.354166666666,18952.04356060606,15878.664772727272,11030.59659090909,7263.176136363636,5404.780303030303,4209.484848484848,3319.594696969697,2369.8314393939395,2178.975378787879,2841.369318181818,7578.342803030303,11657.125,8006.982954545455,7082.265151515152,16313.339015151516,19489.21212121212,12711.75,8892.96590909091,9834.854166666666,14885.926136363636,17682.547348484848,24905.265151515152,16209.380681818182,9735.246212121212,6489.25,4523.625,3355.160984848485,3005.7026515151515,3458.6988636363635,2492.9223484848485,2093.403409090909,1725.596590909091,2132.439393939394,2524.6647727272725,4229.587121212121,13449.751893939394,15607.441287878788,9575.395833333334,7291.886363636364,6102.486742424242,4600.225378787879,3212.554924242424,2609.808712121212,2712.0738636363635,8034.590909090909,14030.8125,9142.772727272728,8686.02840909091,9400.339015151516,7290.888257575758,12907.782196969696,12607.477272727272,7848.886363636364,4916.405303030303,3544.820075757576,2984.412878787879,2507.5132575757575,1761.5397727272727,1585.090909090909,1393.4564393939395,1374.5246212121212,1336.3522727272727,1427.0075757575758,1600.6155303030303,1988.310606060606,1503.9734848484848,1932.1003787878788,1719.215909090909,1734.248106060606,1860.8655303030303,1956.780303030303,1889.2708333333333,1750.2348484848485,1446.6079545454545,1612.217803030303,1501.4526515151515,1617.0170454545455,1326.6742424242425,1207.626893939394,1295.0189393939395,1396.2727272727273,1923.3825757575758,3493.5227272727275,3637.943181818182,4747.551136363636,9814.140151515152,7394.715909090909,5079.181818181818,4738.587121212121,5021.909090909091,3787.403409090909,2760.962121212121,2455.651515151515,2076.1363636363635,2313.494318181818,2898.717803030303,5778.621212121212,11081.767045454546,7917.087121212121,5072.380681818182,4217.344696969697,6048.043560606061,7576.704545454545,10711.464015151516,11778.515151515152,12404.765151515152,7781.63446969697,5250.568181818182,4508.121212121212,3557.4223484848485,2622.223484848485,2100.4166666666665,2021.5132575757575,2215.310606060606,5302.526515151515,5449.160984848485,5721.782196969697,6062.157196969697,5399.537878787879,4018.5416666666665,3563.3958333333335,2867.6685606060605,2347.8655303030305,2033.1723484848485,2091.5511363636365,2028.6117424242425,3396.4488636363635,9013.708333333334,8147.541666666667,5739.041666666667,5546.700757575758,9843.049242424242,22058.821969696968,16437.469696969696,10395.367424242424,7048.920454545455,5303.200757575758,4169.212121212121,4846.145833333333,14307.929924242424,24482.04356060606,18870.839015151516,12688.977272727272,8352.410984848484,6284.888257575758,6031.787878787879,12250.185606060606,13185.40909090909,15220.53409090909,23751.532196969696,17025.172348484848,14130.986742424242,22557.28787878788,17833.696969696968,11264.337121212122,7306.363636363636,5120.636363636364,3870.3901515151515,2940.337121212121,2375.007575757576,2777.945075757576,3480.149621212121,8040.857954545455,17260.083333333332,12217.388257575758,7652.102272727273,5954.329545454545,4994.791666666667,3791.3125,3008.4867424242425,3120.0492424242425,4249.089015151515,5909.149621212121,14111.960227272728,24000.214015151516,21436.501893939392,13035.36553030303,8758.685606060606,8254.655303030304,5992.337121212121,4039.0719696969695,3075.3977272727275,2856.4905303030305,3240.744318181818,5305.736742424242,4208.683712121212,3163.8636363636365,2491.570075757576,2845.719696969697,8049.229166666667,10909.089015151516,9083.77840909091,6410.810606060606,4417.893939393939,4280.590909090909,3143.7708333333335,2563.806818181818,2219.9166666666665,2212.367424242424,3166.410984848485,10079.380681818182,9953.54356060606,6410.806818181818,4392.325757575758,4281.471590909091,7606.5625,18434.092803030304,18013.560606060608,11369.486742424242,7547.227272727273,5269.630681818182,3702.433712121212,2916.659090909091,2441.6723484848485,2475.9488636363635,5056.111742424242,10208.744318181818,6916.092803030303,5366.617424242424,4895.746212121212,3834.350378787879,2693.2367424242425,2425.5814393939395,2259.3011363636365,2229.8882575757575,1957.126893939394,3024.814393939394,7329.88446969697,11210.020833333334,7856.827651515152,6589.121212121212,4325.948863636364,3183.929924242424,2513.8901515151515,2251.215909090909,2059.492424242424,4494.215909090909,14301.217803030304,20278.18181818182,14008.738636363636,8658.751893939394,5637.073863636364,4100.526515151515,2909.429924242424,2344.346590909091,2100.3901515151515,2686.439393939394,2383.151515151515,2695.9185606060605,3040.7916666666665,6297.087121212121,15731.013257575758,18117.626893939392,14571.738636363636,12391.23106060606,15912.511363636364,11356.323863636364,6908.206439393939,4801.791666666667,3611.880681818182,3018.8598484848485,2602.742424242424,2561.9886363636365,3548.0170454545455,3598.992424242424,2909.2727272727275,4166.420454545455,9462.609848484848,7205.751893939394,4649.850378787879,4501.986742424242,6012.087121212121,4874.363636363636,6073.075757575758,11520.498106060606,8272.23106060606,5550.573863636364,3844.308712121212,4015.869318181818,10810.339015151516,12620.96590909091,8475.234848484848,5759.797348484848,4392.625,4760.4375,6105.839015151515,6315.329545454545,4339.689393939394,3895.6685606060605,2594.8522727272725,2266.820075757576,2269.308712121212,2001.1685606060605,1825.5435606060605,1687.566287878788,1406.2632575757575,1345.3276515151515,1441.4469696969697,1842.0700757575758,1501.8636363636363,1509.6685606060605,1256.8939393939395,1643.1382575757575,3111.4375,3490.6136363636365,3170.9772727272725,4570.236742424242,4036.098484848485,5000.666666666667,9744.748106060606,7218.666666666667,4808.545454545455,4011.066287878788,8531.386363636364,10201.498106060606,6157.75,4106.780303030303,3129.757575757576,3651.496212121212,3672.8276515151515,3104.4507575757575,4157.710227272727,11536.410984848484,9129.839015151516,6324.528409090909,5942.723484848485,12223.19696969697,9759.017045454546,6205.719696969697,4110.492424242424,3667.712121212121,3157.1098484848485,3282.9204545454545,2294.6098484848485,1863.185606060606,2318.1742424242425,2560.5814393939395,1978.9867424242425,1937.5,1636.4299242424242,1506.0378787878788,1204.7897727272727,1276.8181818181818,1215.4905303030303,1867.6742424242425,1964.221590909091,2006.7272727272727,2302.994318181818,2140.5776515151515,1838.5568181818182,1933.935606060606,2009.628787878788,2145.274621212121,1497.6098484848485,1673.5492424242425,2160.189393939394,2836.75,3528.996212121212,4130.880681818182,3462.695075757576,3757.939393939394,3133.689393939394,3691.876893939394,2726.6041666666665,2945.1117424242425,2884.6647727272725,2362.6155303030305,1948.2140151515152,1820.9829545454545,1805.8693181818182,2796.068181818182,6604.689393939394,6750.63446969697,4456.054924242424,3163.9829545454545,2316.617424242424,1880.6174242424242,1512.1875,1568.8901515151515,1588.375,2008.096590909091,1725.6306818181818,2064.5492424242425,2011.001893939394,2023.9734848484848,1714.7670454545455,1769.308712121212,2737.939393939394,4511.257575757576,4660.943181818182,4676.143939393939,4252.318181818182,6700.801136363636,15861.729166666666,12003.94696969697,7839.448863636364,5844.293560606061,4616.649621212121,3104.369318181818,2208.4469696969695,1885.0416666666667,1683.9204545454545,1592.6666666666667,1306.1382575757575,1432.7083333333333,1586.6477272727273,2149.6382575757575,2702.1117424242425,3415.9166666666665,2353.0189393939395,1883.842803030303,1453.5738636363637,1392.5984848484848,1181.9015151515152,1686.9905303030303,1832.596590909091,1744.7765151515152,1414.1628787878788,2251.242424242424,2237.808712121212,1916.3333333333333,1764.9564393939395,1980.8276515151515,1716.316287878788,1490.3560606060605,1213.4791666666667,1233.3522727272727,1071.2727272727273,1333.996212121212,1332.0625,1378.3068181818182,1229.9488636363637,1228.7916666666667,1074.7253787878788,1163.7954545454545,1063.748106060606,1325.9810606060605,1118.2632575757575,1340.965909090909,1528.6193181818182,1808.6761363636363,3482.7102272727275,5306.291666666667,4495.547348484848,3124.253787878788,2103.471590909091,1882.8541666666667,1632.2765151515152,1656.0738636363637,1472.8560606060605,1468.2253787878788,1259.0056818181818,1363.7992424242425,1573.0397727272727,3285.5776515151515,11904.4375,10603.035984848484,6709.839015151515,5032.645833333333,3873.4564393939395,2728.910984848485,1893.126893939394,1947.6363636363637,2870.4829545454545,2349.1761363636365,1764.689393939394,1580.221590909091,1318.6723484848485,1280.9280303030303,1159.0378787878788,1632.9242424242425,2728.5625,2706.369318181818,1876.8484848484848,1676.4621212121212,1836.155303030303,2236.882575757576,1928.623106060606,1909.1060606060605,1467.534090909091,1481.7613636363637,1197.3219696969697,1275.8901515151515,1463.625,3067.7594696969695,2447.098484848485,1885.5075757575758,1467.9886363636363,1570.215909090909,1920.1515151515152,1782.9583333333333,1382.3503787878788,1399.1609848484848,1084.028409090909,1092.2708333333333,1143.784090909091,1219.5511363636363,1340.2556818181818,2227.064393939394,6674.221590909091,8106.458333333333,5205.507575757576,4248.751893939394,6144.234848484848,6852.795454545455,4761.098484848485,6079.910984848485,4308.07196969697,3278.0454545454545,2250.1875,1825.0681818181818,1400.1931818181818,1384.4469696969697,1113.5511363636363,1252.3882575757575,1145.3314393939395,1418.0984848484848,1820.532196969697,2663.526515151515,2033.6098484848485,1711.628787878788,1487.1742424242425,2020.9640151515152,2583.3863636363635,4108.715909090909,16033.73106060606,31210.132575757576,19580.638257575756,11346.566287878788,7113.787878787879,4775.223484848485,3082.2689393939395,2196.030303030303,1541.625,1468.183712121212,1295.221590909091,1399.8579545454545,1446.9109848484848,1562.3314393939395,1411.344696969697,1466.1875,1608.685606060606,2173.8238636363635,1952.4128787878788,1823.0700757575758,1452.2878787878788,1530.7234848484848,1612.0246212121212,1819.6477272727273,1639.6420454545455,1676.3579545454545,1416.2651515151515,1470.8314393939395,1451.221590909091,2264.5795454545455,3810.159090909091,12359.933712121212,25689.217803030304,16175.785984848484,9163.583333333334,6109.727272727273,3922.410984848485,3125.3560606060605,3420.714015151515,3734.342803030303,3309.471590909091,2456.429924242424,1771.558712121212,1830.0568181818182,2587.9583333333335,6890.106060606061,23017.301136363636,17023.19318181818,9311.329545454546,6192.284090909091,4337.117424242424,3443.2007575757575,2397.820075757576,2070.287878787879,2660.528409090909,3372.2367424242425,2282.971590909091,2020.8996212121212,1847.3333333333333,1904.371212121212,1994.5549242424242,2035.4242424242425,1610.7859848484848,1428.1628787878788,1251.659090909091,1305.5094696969697,1539.092803030303,1845.933712121212,2216.4602272727275,3118.962121212121,2930.1666666666665,2236.8314393939395,1749.340909090909,1611.3939393939395,1267.0397727272727,1244.8636363636363,1124.5094696969697,1249.871212121212,1092.3579545454545,1156.5719696969697,1123.0208333333333,1178.4829545454545,1155.1969696969697,1299.159090909091,1014.7291666666666,1084.6723484848485,982.4545454545455,1196.6401515151515,1313.903409090909,1683.0397727272727,1346.590909090909,1311.7594696969697,1549.4450757575758,1695.155303030303,1315.2992424242425,1227.4886363636363,1218.6401515151515,1358.4469696969697,1456.2859848484848,1387.1420454545455,1090.2935606060605,1139.967803030303,1080.4526515151515,1373.3825757575758,1225.9924242424242,1188.9109848484848,1103.6022727272727,1320.2064393939395,1609.253787878788,2774.907196969697,1930.6174242424242,1648.8579545454545,1601.7348484848485,2378.587121212121,1683.435606060606,1450.3598484848485,1192.032196969697,1205.5549242424242,1234.5265151515152,1453.0,1254.0435606060605,1730.8693181818182,1510.0435606060605,1334.2765151515152,1112.4772727272727,1130.7064393939395,1082.8996212121212,1493.8219696969697,4346.916666666667,4816.475378787879,3030.589015151515,2451.808712121212,1853.2594696969697,1527.8200757575758,1575.433712121212,1710.594696969697,1389.373106060606,1408.503787878788,1248.1117424242425,1207.558712121212,1111.8977272727273,1575.4185606060605,1681.4583333333333,1514.1723484848485,2018.3541666666667,2275.035984848485,1521.4829545454545,1416.753787878788,1113.5094696969697,1143.9734848484848,1197.9299242424242,2267.7651515151515,10281.172348484848,10136.998106060606,6180.863636363636,4158.268939393939,3498.6098484848485,4674.25946969697,2930.0416666666665,1967.592803030303,1673.7897727272727,2331.4583333333335,1884.344696969697,1482.3939393939395,1133.0132575757575,1146.9564393939395,1049.3219696969697,1123.7367424242425,1031.5568181818182,1118.528409090909,1242.6363636363637,1735.9223484848485,5800.623106060606,16277.070075757576,12360.210227272728,6593.329545454545,3876.530303030303,2520.304924242424,1627.6382575757575,1658.1041666666667,1989.6818181818182,1708.6193181818182,1447.4166666666667,1805.784090909091,1589.9867424242425,1453.8541666666667,1189.5170454545455,1337.2140151515152,1397.4545454545455,1422.5378787878788,1647.028409090909,3444.6723484848485,5287.630681818182,4684.61553030303,3072.8636363636365,2452.225378787879,3512.318181818182,3159.9147727272725,2959.1723484848485,2689.878787878788,2314.278409090909,1856.5094696969697,1435.1988636363637,1311.310606060606,1134.1875,1156.659090909091,968.4848484848485,1007.157196969697,960.5170454545455,1055.253787878788,967.0738636363636,1135.907196969697,954.810606060606,1038.4488636363637,884.4450757575758,1013.7234848484849,1008.0397727272727,1218.8295454545455,1091.1799242424242,1129.933712121212,1107.6969696969697,1700.628787878788,1744.590909090909,2186.848484848485,2163.0625,1991.0170454545455,1778.7348484848485,1567.778409090909,1520.6818181818182,2204.806818181818,3084.278409090909,2831.4583333333335,2276.3219696969695,2036.8068181818182,1618.810606060606,1486.1477272727273,1263.75,1232.878787878788,1106.871212121212,1395.8958333333333,3422.9791666666665,5923.787878787879,3910.337121212121,2744.4185606060605,1791.4223484848485,1629.3030303030303,2462.4526515151515,2370.308712121212,1737.621212121212,2316.4507575757575,6363.975378787879,8782.223484848484,8030.151515151515,4652.359848484848,2802.3295454545455,2076.8844696969695,1562.1439393939395,2107.314393939394,5018.765151515152,4009.037878787879,2289.7727272727275,1660.441287878788,1244.596590909091,1171.621212121212,1332.721590909091,2529.2916666666665,2490.6458333333335,2417.382575757576,1771.9810606060605,2067.651515151515,5865.704545454545,9648.933712121212,11122.651515151516,6216.82196969697,3393.806818181818,2773.183712121212,4293.94696969697,13034.751893939394,8642.295454545454,4427.337121212121,3300.570075757576,2806.6098484848485,1682.1969696969697,1459.2556818181818,1144.8882575757575,1258.6401515151515,1388.378787878788,1322.0625,1196.592803030303,1420.403409090909,1355.439393939394,1769.596590909091,3323.151515151515,2636.971590909091,1529.685606060606,1327.0871212121212,1057.9375,1163.6950757575758,1377.2992424242425,1271.2102272727273,1022.4905303030303,1230.0113636363637,1628.280303030303,1820.75,1561.1022727272727,2271.0227272727275,1765.2973484848485,1787.2613636363637,3844.035984848485,3468.617424242424,2198.3920454545455,1695.3390151515152,1368.3200757575758,2840.992424242424,2798.6875,1947.558712121212,1893.2632575757575,2789.1666666666665,2357.185606060606,2836.1723484848485,2645.943181818182,2628.776515151515,4791.965909090909,8439.03409090909,5421.888257575758,3103.0094696969695,1880.996212121212,1590.2878787878788,1203.376893939394,1198.2954545454545,1068.7632575757575,1152.308712121212,1220.2973484848485,2721.810606060606,5587.895833333333,4035.2670454545455,2415.7310606060605,3291.284090909091,9017.676136363636,7544.4375,3767.6723484848485,2504.0,2266.4166666666665,3286.507575757576,3226.505681818182,2754.469696969697,1915.4640151515152,1496.4829545454545,1081.0265151515152,1004.6761363636364,975.0340909090909,1119.5492424242425,963.3049242424242,966.280303030303,1104.4375,1696.7253787878788,1532.2689393939395,1440.1325757575758,1749.8484848484848,3354.717803030303,2850.1439393939395,2078.217803030303,1576.751893939394,4149.373106060606,10510.600378787878,15742.755681818182,9675.00946969697,4363.25,2151.0397727272725,1502.0189393939395,1108.1818181818182,1445.4583333333333,1307.2670454545455,1204.5757575757575,1015.3068181818181,1074.75,971.1382575757576,1075.625,1027.5530303030303,1249.2026515151515,1344.7594696969697,2341.600378787879,10467.935606060606,17987.263257575756,9820.412878787878,4344.702651515152,2358.6780303030305,1630.8333333333333,1204.439393939394,1270.123106060606,1184.8636363636363,1179.8011363636363,1106.8257575757575,1140.7594696969697,1152.3655303030303,1359.0151515151515,1488.5530303030303,1508.501893939394,1265.3693181818182,1368.9128787878788,1430.1060606060605,3350.310606060606,12142.210227272728,24817.126893939392,18994.323863636364,8165.492424242424,3641.308712121212,2195.0170454545455,1617.873106060606,1684.5416666666667,1296.2594696969697,1198.2935606060605,1063.0719696969697,1069.191287878788,959.498106060606,1110.221590909091,926.5,960.7765151515151,1092.8655303030303,1125.6969696969697,1060.2973484848485,1374.8901515151515,3379.994318181818,5180.236742424242,2953.399621212121,1712.9943181818182,1172.1950757575758,1149.1496212121212,1277.9318181818182,1315.5151515151515,1071.001893939394,1159.751893939394,1026.0075757575758,1141.0530303030303,1010.0909090909091,1171.996212121212,1220.9848484848485,1362.3617424242425,1177.941287878788,1248.5700757575758,1094.7954545454545,1153.7916666666667,1115.5056818181818,2704.8125,6549.892045454545,5940.69696969697,2726.308712121212,1626.905303030303,1129.8030303030303,1043.2083333333333,1090.8844696969697,1487.2329545454545,1928.875,5307.907196969697,7097.825757575758,4268.179924242424,2170.2026515151515,1518.719696969697,1163.503787878788,1254.2102272727273,1082.096590909091,1104.066287878788,1001.873106060606,1137.7329545454545,1206.0,1513.4488636363637,1394.626893939394,1695.9564393939395,4355.662878787879,15473.410984848484,19695.772727272728,10550.914772727272,4820.501893939394,2831.0511363636365,1643.4318181818182,1319.121212121212,956.3276515151515,1068.3503787878788,917.5909090909091,977.6818181818181,935.7329545454545,1183.2575757575758,2639.4185606060605,3893.695075757576,2553.348484848485,1547.9734848484848,1127.3200757575758,1074.1515151515152,940.655303030303,1020.5397727272727,889.5208333333334,1015.560606060606,862.5625,1039.3579545454545,980.1287878787879,1031.592803030303,1042.7859848484848,1061.7746212121212,928.2954545454545,1193.3958333333333,1571.8901515151515,5881.361742424242,15641.117424242424,20171.575757575756,10844.714015151516,4845.064393939394,2454.617424242424,1672.9640151515152,1096.2878787878788,1103.4621212121212,954.9318181818181,1038.0151515151515,842.9753787878788,941.6628787878788,1002.810606060606,1047.1477272727273,951.3674242424242,1022.3977272727273,924.1969696969697,1027.6003787878788,906.7064393939394,1032.909090909091,1439.282196969697,2289.339015151515,2545.3958333333335,1805.310606060606,1162.7575757575758,1074.8598484848485,911.8560606060606,1026.564393939394,892.0227272727273,1000.8219696969697,911.9185606060606,981.4810606060606,963.8390151515151,1092.6136363636363,1048.935606060606,1096.748106060606,962.5,1082.310606060606,945.1931818181819,1087.998106060606,1017.0094696969697,1070.340909090909,879.969696969697,968.0037878787879,1024.1799242424242,972.5473484848485,934.7859848484849,1044.221590909091,1075.0075757575758,1612.253787878788,1917.753787878788,2347.7348484848485,1617.528409090909,1231.2083333333333,943.8390151515151,986.5700757575758,915.0151515151515,1009.5757575757576,847.1704545454545,986.2272727272727,963.4337121212121,1203.9791666666667,1144.9791666666667,1094.2121212121212,957.592803030303,1028.2746212121212,965.532196969697,1043.9223484848485,898.8087121212121,1041.3068181818182,914.9640151515151,1049.2708333333333,960.4564393939394,1002.564393939394,870.3162878787879,1000.7348484848485,1092.3352272727273,1311.6818181818182,1240.3484848484848,1461.7708333333333,1233.4867424242425,1455.159090909091,1557.6079545454545,1732.4867424242425,1283.1496212121212,1132.3503787878788,958.3295454545455,1043.159090909091,1025.1003787878788,1170.9128787878788,1074.064393939394,1187.4375,1368.753787878788,1824.1780303030303,2106.9602272727275,2096.160984848485,1378.659090909091,1137.1875,1005.3087121212121,1048.778409090909,936.3863636363636,1091.5151515151515,999.657196969697,1196.9469696969697,1230.25,2117.8939393939395,6540.63446969697,14140.57196969697,20250.017045454544,22210.441287878788,12220.416666666666,5187.204545454545,2328.5151515151515,1669.9242424242425,1273.2727272727273,1337.5871212121212,1439.2121212121212,1695.5094696969697,1617.534090909091,1507.378787878788,1195.1704545454545,1261.3844696969697,1208.6003787878788,1273.5738636363637,1126.9015151515152,1116.1363636363637,937.0795454545455,1053.3352272727273,854.3049242424242,1073.4545454545455,916.1420454545455,1026.125,901.469696969697,942.8352272727273,820.6837121212121,911.5871212121212,896.0340909090909,1006.6136363636364,860.9583333333334,969.1761363636364,1182.719696969697,1269.9128787878788,1159.7443181818182,1306.842803030303,1241.0132575757575,2509.373106060606,6438.210227272727,10221.748106060606,13547.899621212122,14233.11553030303,8089.736742424242,3509.715909090909,1881.9204545454545,1661.808712121212,1556.1818181818182
579.8293135435993,502.291280148423,527.3803339517625,465.00371057513917,591.3710575139147,430.543599257885,539.9165120593692,525.2189239332097,555.0241187384045,525.7736549165121,582.5139146567718,506.45269016697586,616.0204081632653,475.1725417439703,595.39146567718,614.5936920222634,655.6493506493506,614.5621521335808,594.265306122449,568.5584415584416,607.7625231910946,567.556586270872,677.517625231911,599.7551020408164,694.974025974026,677.0834879406308,648.4619666048237,592.9090909090909,641.530612244898,581.4564007421151,691.9703153988868,611.012987012987,706.6289424860853,635.5380333951763,709.7699443413729,610.9016697588127,728.6920222634508,590.0593692022263,710.8942486085343,598.5974025974026,709.4730983302412,641.1855287569573,625.8256029684601,716.4990723562153,668.9833024118739,534.365491651206,648.9851576994434,726.3803339517625,749.3135435992579,629.0500927643785,721.08719851577,691.2820037105752,714.747680890538,691.3395176252319,744.39146567718,597.165120593692,725.2300556586271,652.6419294990724,689.2968460111317,632.4842300556586,700.4285714285714,640.2708719851577,688.139146567718,624.8645640074211,737.3970315398886,654.4860853432282,726.808905380334,669.3580705009276,621.3710575139147,729.2764378478664,680.2745825602968,668.834879406308,726.2189239332097,642.2857142857143,713.7365491651206,678.3840445269017,741.2189239332097,680.734693877551,692.9499072356215,821.7179962894248,771.5361781076067,673.6233766233767,732.6493506493506,715.7291280148423,741.356215213358,695.2875695732838,781.4322820037106,650.3339517625232,710.0278293135436,712.5974025974026,746.9907235621521,661.4118738404453,777.6641929499073,761.0612244897959,724.4508348794063,747.0333951762523,751.4378478664192,725.7142857142857,789.6178107606679,701.9461966604824,791.5918367346939,718.126159554731,748.4879406307978,706.5269016697588,680.0352504638219,696.1354359925789,809.9165120593692,669.5974025974026,765.8831168831168,701.3729128014842,645.974025974026,837.5714285714286,833.3413729128015,744.3803339517625,775.9146567717996,734.9294990723562,842.7031539888683,716.5881261595547,800.3413729128015,771.3024118738405,769.443413729128,776.1539888682746,823.8979591836735,737.9090909090909,797.0222634508349,707.0556586270872,768.2300556586271,722.3320964749536,843.5510204081633,796.6066790352504,817.4935064935065,761.3729128014842,839.9554730983302,737.682745825603,753.9925788497217,739.8515769944341,818.9239332096475,778.5807050092765,821.6901669758813,667.4508348794063,773.0278293135436,691.3395176252319,676.4601113172541,824.204081632653,858.8719851576994,756.4415584415584,779.682745825603,775.0074211502783,786.4118738404453,801.582560296846,788.8163265306123,729.6252319109462,767.7569573283859,747.3376623376623,847.4100185528757,803.2931354359926,786.1317254174397,782.1168831168832,767.795918367347,688.961038961039,830.2857142857143,799.1669758812616,765.5435992578849,778.5194805194806,835.0519480519481,773.8460111317254,797.1298701298701,795.4749536178108,847.1354359925789,718.6419294990724,866.8849721706864,799.5009276437847,845.3283858998145,772.7625231910946,740.7254174397032,869.8367346938776,889.8126159554731,774.8181818181819,852.291280148423,758.9573283858998,897.5621521335808,790.5936920222634,800.7755102040817,801.4322820037106,770.6400742115028,757.4972170686457,834.4953617810761,814.1706864564007,795.4619666048237,822.1725417439703,824.4972170686457,810.4267161410019,842.9109461966605,775.2096474953618,859.2486085343228,767.582560296846,862.7365491651206,818.4397031539888,827.4749536178108,885.7829313543599,805.6734693877551,833.3358070500927,873.5398886827459,824.0185528756957,851.3673469387755,771.9387755102041,734.8942486085343,912.5343228200371,817.5398886827459,835.08719851577,873.69573283859,804.0426716141002,861.0927643784787,794.3246753246754,855.0,813.6641929499073,864.6975881261595,783.4935064935065,820.6790352504638,795.3376623376623,845.6864564007421,843.356215213358,878.808905380334,812.1966604823748,875.7291280148423,863.3673469387755,832.5640074211502,787.5807050092765,818.721706864564,870.4230055658627,878.8979591836735,844.1354359925789,869.2448979591836,876.2931354359926,867.1725417439703,873.7922077922078,806.4768089053804,782.7068645640074,783.3580705009276,916.6512059369202,868.6159554730983,827.0575139146567,791.6159554730983,815.1280148423006,826.9016697588127,808.430426716141,849.2801484230056,755.3098330241187,812.847866419295,838.6363636363636,786.3024118738405,829.7012987012987,769.2411873840446,772.0278293135436,838.9499072356215,796.4990723562153,797.8033395176252,808.3413729128015,840.5009276437847,834.2894248608534,834.2170686456401,856.165120593692,871.9814471243043,766.1985157699444,892.1948051948052,809.1113172541744,843.9907235621521,883.7773654916512,836.595547309833,814.7773654916512,883.8256029684601,950.4341372912802,899.4953617810761,813.7012987012987,945.3858998144713,857.7940630797774,866.3191094619666,866.4359925788498,852.4935064935065,844.012987012987,881.0723562152134,779.1113172541744,814.0593692022263,850.3636363636364,847.0630797773655,882.7254174397032,858.9554730983302,876.3710575139147,856.1799628942487,781.1762523191095,880.417439703154,809.1558441558442,838.0166975881261,843.0760667903525,873.2022263450834,846.6456400742115,887.0760667903525,800.0371057513914,863.39146567718,816.925788497217,864.6048237476809,815.4359925788498,786.5454545454545,975.7328385899815,898.5936920222634,892.2059369202226,834.643784786642,811.5584415584416,863.6363636363636,839.6512059369202,855.2671614100185,886.7235621521336,829.1020408163265,834.9369202226345,892.8385899814472,832.8571428571429,910.2968460111317,816.8831168831168,848.0575139146567,868.6808905380334,900.4508348794063,858.5602968460112,899.8942486085343,902.9814471243043,892.8905380333952,848.2430426716141,879.9684601113172,892.7569573283859,839.265306122449,916.3951762523191,915.7179962894248,856.9573283858998,901.1428571428571,814.4990723562153,780.1985157699444,1017.4267161410019,1041.682745825603,927.4081632653061,916.8831168831168,911.2337662337662,949.4916512059369,848.2115027829313,921.8589981447125,844.2671614100185,882.9294990723562,941.8200371057513,822.7847866419295,918.1020408163265,977.6901669758813,920.974025974026,962.886827458256,910.4619666048237,916.5398886827459,903.4230055658627,943.165120593692,942.8497217068646,931.139146567718,890.9239332096475,902.3283858998145,890.4879406307978,875.2207792207793,880.165120593692,929.113172541744,926.9888682745826,931.2987012987013,853.6901669758813,824.6159554730983,962.482374768089,961.5027829313543,925.3747680890538,956.265306122449,1015.734693877551,1111.7068645640074,1035.3562152133582,961.9165120593692,918.7495361781076,917.669758812616,920.6048237476809,969.3580705009276,914.9517625231911,933.0166975881261,972.3784786641929,981.3116883116883,966.365491651206,986.7421150278293,912.0037105751392,1003.0797773654916,930.4935064935065,985.1280148423006,963.6864564007421,1041.113172541744,1014.1966604823748,949.3432282003711,932.7643784786642,964.9350649350649,912.4730983302412,960.4285714285714,924.795918367347,852.91280148423,1060.408163265306,949.1447124304267,967.4025974025974,998.0983302411873,942.5102040816327,1026.7847866419295,963.5510204081633,976.0797773654916,1040.9461966604824,1020.1224489795918,947.5009276437847,1006.9443413729128,939.9369202226345,947.7792207792207,1003.4192949907235,1068.7643784786642,1034.3506493506493,1073.0408163265306,1005.1799628942487,1025.0686456400742,984.1966604823748,985.9332096474953,1041.413729128015,995.6270871985158,1001.077922077922,1065.1205936920223,1037.4267161410019,1049.0463821892392,1022.4378478664192,1056.617810760668,920.708719851577,975.1484230055659,1197.7755102040817,1027.4025974025974,1113.8534322820037,1082.82560296846,1052.8144712430426,1152.3877551020407,1194.6326530612246,1241.5714285714287,1059.47866419295,1058.6307977736549,981.3469387755102,973.60853432282,1030.6141001855287,1054.6716141001855,1009.1948051948052,1060.8367346938776,1007.9350649350649,1058.430426716141,1035.604823747681,1008.6623376623377,987.4526901669759,1082.1298701298701,1006.0204081632653,1066.0686456400742,1112.9925788497217,1086.3246753246754,1028.4155844155844,960.4248608534323,969.0185528756957,1013.4972170686457,951.8163265306123,959.6215213358071,1081.9888682745825,1093.4452690166977,957.9851576994434,1002.1836734693877,1050.8682745825604,1205.660482374768,1158.8682745825604,1142.9962894248608,976.3877551020408,1028.7847866419295,1023.52133580705,1056.4378478664194,1171.838589981447,1193.5751391465676,1151.8107606679034,1008.5881261595547,991.9480519480519,1013.1558441558442,1029.456400742115,1133.52133580705,1101.7977736549165,1081.395176252319,1033.0575139146567,1065.5157699443414,1084.599257884972,1283.8961038961038,1254.4712430426716,1279.0797773654917,1108.78293135436,1087.6066790352504,992.7105751391466,983.0055658627087,1117.443413729128,1061.5955473098331,981.4341372912802,1089.1576994434138,1096.0538033395176,1102.2801484230056,1140.7866419294992,1099.317254174397,1047.1298701298701,1102.0946196660482,1153.2968460111317,1264.5528756957328,1070.3729128014843,1116.2578849721706,1117.4471243042672,1186.747680890538,1192.6679035250463,1160.1372912801485,1078.8367346938776,1272.8701298701299,1194.4192949907235,1136.269016697588,1117.4897959183672,1135.4397031539888,1123.6103896103896,1171.2894248608534,1115.287569573284,1103.860853432282,1038.9035250463821,1112.7940630797773,1045.6270871985157,959.1799628942487,1165.6103896103896,1127.9851576994433,1097.534322820037,1114.0723562152134,1161.6530612244899,1258.7996289424862,1095.3320964749537,1172.821892393321,1210.9369202226344,1098.4415584415585,1128.4879406307978,1110.139146567718,988.69573283859,1147.6716141001855,1073.0686456400742,1076.3617810760668,1000.0426716141002,1124.0853432282004,1082.6734693877552,1064.5324675324675,1069.3747680890538,1039.395176252319,998.3135435992579,1101.2319109461966,1064.048237476809,1092.1113172541743,1094.8200371057515,1162.090909090909,1034.3858998144713,1117.3339517625232,1039.6307977736549,1087.1966604823747,1106.035250463822,1195.456400742115,1180.712430426716,1127.7235621521336,1182.3153988868276,1270.0760667903526,1146.8330241187384,1206.5064935064936,1161.6901669758813,1282.287569573284,1167.0018552875695,1211.3729128014843,1155.1187384044526,1016.8460111317254,1098.161410018553,1204.9907235621522,1160.9406307977736,1185.6252319109462,1042.669758812616,1071.747680890538,1055.1298701298701,1263.6437847866418,1300.1539888682746,1245.1966604823747,1112.9981447124305,1043.4712430426716,1007.8849721706864,1209.7588126159555,1149.8756957328385,1313.8664192949907,1159.8126159554731,1109.916512059369,1279.3098330241187,1437.7105751391466,1282.6400742115027,1153.7421150278294,1037.599257884972,1092.6901669758813,1045.3580705009276,1132.7977736549165,1156.8831168831168,1169.5584415584415,1099.6586270871985,1082.4749536178108,1047.0426716141,1170.5807050092765,1162.8552875695732,1266.922077922078,1052.2708719851578,1160.6660482374768,1023.7792207792207,1119.3673469387754,1114.3116883116884,1369.2003710575138,1056.0538033395176,1043.8144712430426,1006.4397031539888,1140.0556586270873,1161.1966604823747,1278.6382189239332,1043.8033395176253,1043.7421150278294,935.5009276437847,1086.6289424860854,1271.909090909091,1254.9146567717996,1087.47866419295,1137.948051948052,1079.4211502782932,1235.5176252319109,1160.0445269016698,1160.0760667903526,1123.152133580705,1131.6103896103896,1217.4545454545455,1287.7198515769944,1086.647495361781,1025.0556586270873,1089.226345083488,1303.5732838589981,1435.443413729128,1596.7717996289425,1256.0538033395176,1215.8756957328385,1111.970315398887,1109.6437847866418,1076.339517625232,1124.0575139146567,1092.7031539888683,1306.857142857143,1056.7977736549165,1074.6233766233765,963.0482374768089,1016.2597402597403,956.5269016697588,1010.7068645640074,1079.795918367347,1243.3933209647496,1192.2560296846011,1103.5547309833023,1025.7717996289425,1116.4341372912802,1069.5324675324675,1151.0426716141,1166.6753246753246,1127.5881261595548,1026.495361781076,1034.1187384044526,984.9183673469388,1041.3469387755101,1004.1076066790353,1119.6920222634508,1080.148423005566,1170.2931354359926,1202.634508348794,1362.899814471243,1079.9907235621522,1105.4601113172541,1008.2133580705009,1027.5102040816328,977.3358070500927,1109.5788497217068,1039.2968460111317,1208.1688311688313,1244.0538033395176,1511.5955473098331,1567.2411873840445,1188.061224489796,1183.1873840445269,1193.9128014842302,1099.191094619666,1505.6326530612246,1745.8051948051948,1648.6493506493507,1822.5064935064936,1513.2152133580705,1086.083487940631,1164.3339517625232,1063.6066790352504,1175.1985157699444,1174.191094619666,1494.152133580705,1832.1076066790351,1567.508348794063,1414.3970315398888,1589.7847866419295,1459.9202226345083,1493.443413729128,1396.1057513914657,1778.8070500927645,2606.2059369202225,3176.855287569573,2445.4063079777366,1911.7384044526902,1538.7365491651206,1505.1372912801485,1619.2727272727273,2344.5769944341373,2655.614100185529,1568.408163265306,1385.4582560296847,1335.3840445269016,1335.39146567718,1344.1873840445269,1167.9573283859,1312.2838589981448,1223.9684601113172,1585.808905380334,1709.8794063079777,1434.291280148423,1144.408163265306,1234.191094619666,1186.0148423005567,1495.504638218924,1928.4972170686456,2414.617810760668,2622.0575139146567,2182.430426716141,1461.2059369202227,1736.1354359925788,1410.2448979591836,1404.21706864564,1562.6641929499071,1996.5064935064936,1721.051948051948,1362.9758812615955,1480.8163265306123,1421.3506493506493,1424.21706864564,1915.0667903525045,1612.083487940631,1434.3135435992579,1613.821892393321,1514.4768089053803,1218.7643784786642,1359.8923933209649,1585.443413729128,2202.2077922077924,1780.6883116883116,1846.5732838589981,1558.8200371057515,1371.7532467532467,1268.7439703153989,1323.6883116883116,1419.69573283859,1776.8051948051948,1926.4322820037105,1860.0315398886828,2433.053803339518,3144.2411873840447,3821.1243042671613,2987.795918367347,2424.204081632653,1928.4211502782932,1741.69573283859,1495.152133580705,1206.7161410018552,1338.3580705009276,1501.821892393321,1945.6419294990724,2408.4638218923933,1740.2486085343228,1347.0074211502783,1316.6734693877552,1475.7012987012988,1516.343228200371,1159.3098330241187,1392.2003710575138,1453.922077922078,1969.725417439703,2897.452690166976,3531.7588126159553,1771.39146567718,1444.6029684601112,1362.317254174397,1803.2022263450835,2315.4860853432283,2166.708719851577,1496.0333951762523,1442.2894248608534,1371.6326530612246,1652.8905380333952,1524.330241187384,1861.530612244898,2570.844155844156,3496.3525046382188,2193.165120593692,2225.938775510204,2451.892393320965,1706.2337662337663,1380.0964749536179,1482.899814471243,1715.3877551020407,2565.935064935065,3216.951762523191,2404.5732838589984,1712.6456400742115,1821.0074211502783,2265.6382189239334,1571.495361781076,1223.6753246753246,1373.0723562152134,1232.6103896103896,1308.6141001855287,1277.1966604823747,1535.6141001855287,1244.3599257884973,1378.5547309833023,1237.773654916512,1245.2597402597403,1155.430426716141,1273.5602968460112,1321.3098330241187,1707.0092764378478,1637.857142857143,1874.6716141001855,1378.165120593692,1400.5677179962895,1213.851576994434,1317.2189239332097,1416.7996289424862,1638.0241187384045,1637.8942486085343,1770.5751391465676,1684.300556586271,1704.8293135435993,1503.5473098330242,1626.808905380334,1831.2282003710575,1676.035250463822,1621.8126159554731,2121.469387755102,1903.7384044526902,1650.8682745825604,1489.0315398886828,1478.408163265306,1431.6456400742115,1806.948051948052,2324.3673469387754,2579.5769944341373,1762.3358070500929,1384.491651205937,1457.1799628942485,2019.1354359925788,1630.139146567718,1866.6382189239332,2019.5732838589981,1990.7439703153989,1892.747680890538,1800.1094619666048,1616.6901669758813,1734.30426716141,1350.2486085343228,1436.7699443413728,1397.3599257884973,1519.9554730983302,1405.4341372912802,1509.4582560296847,1386.0964749536179,1531.9294990723563,1777.051948051948,1676.7792207792209,1451.178107606679,1567.2987012987012,1497.656771799629,1623.5064935064936,1829.1410018552876,1908.4619666048238,1845.8682745825604,1831.025974025974,1690.8237476808906,1973.4768089053803,2297.899814471243,2721.0278293135434,2730.0185528756956,2287.725417439703,1899.6512059369202,2206.929499072356,2253.252319109462,2085.0426716141,2003.5640074211503,2036.2448979591836,1870.3228200371057,1900.0538033395176,1805.7551020408164,1756.6419294990724,1808.5528756957328,1904.2448979591836,1814.0816326530612,2960.1910946196663,3027.699443413729,2001.1632653061224,1851.7810760667903,2187.844155844156,1609.287569573284,1882.8849721706865,1746.2244897959183,1673.9573283859,1834.2949907235623,2254.4452690166977,2848.9053803339516,3079.226345083488,1808.82560296846,2065.6623376623374,2861.2337662337663,4114.265306122449,5077.723562152133,3871.805194805195,2476.4601113172544,2017.2486085343228,2323.34879406308,2919.450834879406,3192.677179962894,4312.816326530612,4148.968460111318,4050.1094619666046,4818.311688311688,5268.30055658627,4998.7940630797775,3352.003710575139,2678.08719851577,3335.320964749536,2333.773654916512,1705.508348794063,1717.7810760667903,2100.892393320965,2174.113172541744,2106.6549165120596,1873.4582560296847,2125.7012987012986,2233.17254174397,1818.2615955473098,1965.9313543599258,3061.601113172542,3121.768089053803,2502.2152133580703,2220.495361781076,2482.8849721706865,1898.113172541744,1974.3729128014843,2172.935064935065,2642.469387755102,2830.6975881261596,2500.5139146567717,1875.382189239332,1678.2059369202227,1512.0871985157698,1934.7792207792209,2653.2189239332097,2981.977736549165,2442.6679035250463,2208.7847866419297,1923.443413729128,2685.7773654916514,3017.82745825603,2436.634508348794,3221.2189239332097,3409.9072356215215,2555.5343228200372,3129.4935064935066,3059.9554730983305,3090.8033395176253,2392.103896103896,1962.2615955473098,2194.5083487940633,2935.4879406307978,4000.9703153988867,5192.927643784787,4536.69573283859,4519.632653061224,3630.2615955473098,3529.369202226345,3239.0333951762523,3655.3970315398888,4123.256029684601,3921.538033395176,4697.953617810761,4880.56586270872,3205.56586270872,2485.4582560296844,1963.6586270871985,2308.818181818182,2529.256029684601,3479.6456400742113,3793.769944341373,3460.860853432282,3614.630797773655,3928.08719851577,4791.530612244898,5307.322820037106,3640.1410018552874,4147.847866419295,4016.7384044526902,3051.5621521335806,3421.339517625232,4151.441558441558,3709.5361781076067,3530.974025974026,3097.4675324675327,3986.5102040816328,3976.0853432282,4064.0148423005567,4045.499072356215,4825.291280148423,3783.9888682745827,3195.213358070501,3152.4897959183672,3865.5287569573284,3931.673469387755,3340.178107606679,2499.621521335807,2014.2560296846011,1587.3320964749537,1819.0463821892392,1660.300556586271,1530.0871985157698,1489.6270871985157,1686.6530612244899,1442.1688311688313,1515.491651205937,1512.495361781076,1510.3747680890538,1460.077922077922,1568.0890538033395,1674.6382189239332,1847.0408163265306,1784.7699443413728,2632.090909090909,3502.8256029684603,3055.5231910946195,2269.7272727272725,1566.699443413729,1337.6716141001855,1652.1205936920223,1914.4805194805194,2242.1465677179963,1506.1873840445269,1670.935064935065,1567.6734693877552,1703.5974025974026,1853.8719851576996,1878.604823747681,1308.708719851577,1439.6512059369202,1487.6307977736549,1731.8552875695732,1886.9109461966605,2146.1929499072357,2772.3896103896104,3495.5732838589984,2532.2059369202225,2111.6716141001857,2329.730983302412,1661.8126159554731,1420.9628942486086,1508.191094619666,1453.2337662337663,1798.9962894248608,2509.834879406308,3171.413729128015,1891.4025974025974,2007.7272727272727,2377.1688311688313,2862.2282003710575,3586.8200371057515,2558.6901669758813,1769.6920222634508,2483.91280148423,2083.031539888683,1704.530612244898,1353.3376623376623,1732.2374768089053,2103.413729128015,2704.2894248608536,1996.0742115027829,2448.7291280148424,2696.7625231910947,2350.343228200371,1393.5231910946197,1534.5547309833023,1563.8014842300556,1984.9276437847866,2746.756957328386,4649.667903525046,5692.818181818182,5986.144712430427,3297.6586270871985,1812.4025974025974,1389.8144712430426,1432.0445269016698,1276.8107606679034,1525.6493506493507,1569.7012987012988,2230.617810760668,2740.4285714285716,3373.703153988868,3635.742115027829,4334.512059369202,2236.3153988868276,1950.282003710575,1861.0556586270873,2103.100185528757,2197.82745825603,3128.5899814471245,4046.7235621521336,3294.769944341373,2394.7235621521336,3218.417439703154,2422.4749536178106,1637.9907235621522,1465.430426716141,1760.1057513914657,2161.204081632653,3340.5974025974024,2646.5083487940633,1887.4972170686456,1798.6252319109462,2086.2708719851576,2201.1743970315397,2465.447124304267,2061.730983302412,1741.5102040816328,2146.126159554731,2185.3840445269016,2020.0927643784787,3251.621521335807,3034.5194805194806,1939.8126159554731,1838.6660482374768,2815.666048237477,2956.742115027829,2385.064935064935,2740.8293135435993,3986.7161410018552,5476.959183673469,3862.7124304267163,2013.6103896103896,1616.21706864564,1292.8163265306123,1458.1985157699444,1408.82560296846,1853.491651205937,1579.3135435992579,1475.7439703153989,1292.2133580705008,1373.5844155844156,1113.1855287569574,1254.142857142857,1290.4990723562153,1339.4211502782932,1372.8311688311687,1373.6122448979593,1106.382189239332,1454.5194805194806,1476.8311688311687,1354.3692022263451,1130.4415584415585,1268.1929499072355,1128.5324675324675,1258.6883116883116,1194.0760667903526,1344.0371057513914,1105.8979591836735,1271.4749536178108,1097.061224489796,1412.3599257884973,1215.1243042671615,1259.6419294990724,1112.9721706864564,1226.795918367347,1140.0148423005567,1234.0593692022264,1226.6122448979593,1478.7625231910947,1160.465677179963,1244.5102040816328,1147.9962894248608,1227.2133580705008,1075.938775510204,1170.8961038961038,1344.317254174397,1526.508348794063,1513.4248608534324,1439.6883116883116,1422.4471243042672,1770.8070500927645,1850.4211502782932,1629.4842300556586,1758.6159554730984,2418.0853432282,1612.4582560296847,1307.0500927643784,1159.725417439703,1266.8812615955474,1258.682745825603,1184.7012987012988,1099.3098330241187,1329.1948051948052,1086.6196660482374,1301.5398886827459,1112.5807050092765,1271.8849721706865,1189.9628942486086,1181.922077922078,1096.6196660482374,1201.4582560296847,1211.8293135435993,1574.9424860853433,1846.4044526901669,1686.3153988868276,1362.660482374768,1333.2282003710575,1501.6883116883116,1485.0371057513914,1279.5602968460112,1446.012987012987,1486.8775510204082,1677.6419294990724,1299.7884972170687,1197.860853432282,1175.3153988868276,1312.0463821892392,1285.5621521335806,1733.6641929499071,2035.6233766233765,1829.6437847866418,1295.0,1366.7884972170687,1462.8701298701299,1960.090909090909,1459.526901669759,1472.9183673469388,1572.1539888682746,1937.857142857143,2098.8256029684603,2103.517625231911,1633.0426716141,1500.78293135436,1348.064935064935,1690.0204081632653,1367.339517625232,1288.7810760667903,1099.7792207792209,1291.5844155844156,1435.6549165120593,1474.5027829313544,1555.7940630797773,1793.148423005566,1449.1410018552876,1780.343228200371,2209.9554730983305,2326.5064935064934,1611.9128014842302,1741.7866419294992,1887.916512059369,1687.964749536178,1587.4489795918366,1822.252319109462,1977.012987012987,2297.9851576994433,1630.734693877551,1938.8497217068646,2306.866419294991,3057.838589981447,1957.6270871985157,1804.012987012987,1733.8181818181818,1812.8144712430426,2274.3525046382188,3722.753246753247,4707.311688311688,3482.116883116883,2812.560296846011,3379.9721706864566,2089.4155844155844,1694.278293135436,2050.9369202226344,2938.9591836734694,2439.322820037106,2770.742115027829,2491.0760667903523,2667.1020408163267,2521.8979591836733,3498.1539888682746,2714.0927643784785,1958.7903525046381,1554.2671614100186,1767.17439703154,2289.8144712430426,2072.743970315399,1416.8200371057515,1834.2801484230056,2771.330241187384,3842.8979591836733,2595.326530612245,3175.0779220779223,3272.5621521335806,3169.4601113172544,4330.640074211503,3407.3673469387754,2372.682745825603,3981.0278293135434,4873.554730983303,2774.4675324675327,2200.994434137291,3403.0946196660484,5137.886827458256,5640.363636363636,4871.165120593692,3776.5714285714284,2888.795918367347,3102.248608534323,4986.842300556586,6953.502782931354,4656.8441558441555,3342.053803339518,5219.916512059369,8534.102040816326,5721.677179962894,3492.005565862709,2119.530612244898,1875.9684601113172,2089.899814471243,3232.734693877551,3420.4415584415583,3448.068645640074,4290.666048237476,6477.326530612245,4466.397031539888,2709.4415584415583,2052.398886827458,1521.0538033395176,1343.6808905380333,1668.5250463821892,1642.8664192949907,2072.0,3223.1057513914657,3466.560296846011,2116.022263450835,1790.9072356215213,1837.4990723562153,1805.1410018552876,1460.0426716141,1807.6289424860854,2427.2059369202225,3549.2022263450835,2692.705009276438,2361.0352504638217,2359.2801484230054,1778.3599257884973,1506.9313543599258,1744.3803339517626,2480.9369202226344,2485.4007421150277,1613.3283858998145,1636.9406307977736,1532.8497217068646,1875.8682745825604,1436.5380333951762,1598.5417439703153,1596.4397031539888,2260.230055658627,2639.909090909091,2324.081632653061,1863.3413729128015,1559.7717996289425,1422.7421150278294,1639.9035250463821,1523.8905380333952,1597.2152133580705,1934.2949907235623,1826.7402597402597,1464.3135435992579,1525.6289424860854,1338.2857142857142,1621.5732838589981,2175.7179962894247,3416.5324675324673,2400.12987012987,1688.7012987012988,1604.1038961038962,1547.526901669759,1448.9628942486086,1739.60853432282,1444.252319109462,1604.6196660482374,1965.3877551020407,3021.560296846011,4168.116883116883,4067.5064935064934,1964.343228200371,1910.2894248608534,2500.6456400742113,2944.17254174397,1799.2894248608534,1597.9146567717996,1606.5417439703153,2506.4897959183672,2238.7291280148424,2466.103896103896,3019.634508348794,2155.515769944341,2040.6196660482374,2378.7384044526902,1646.6419294990724,1719.1985157699444,2119.69573283859,2287.736549165121,1371.82560296846,1408.2152133580705,1191.0760667903526,1319.857142857143,1258.491651205937,1459.3061224489795,1410.8552875695732,1917.656771799629,2857.5844155844156,2387.4452690166977,1285.922077922078,1296.4601113172541,1244.3562152133582,1528.2801484230056,1229.5398886827459,1470.2727272727273,1178.6141001855287,1469.4285714285713,1334.8237476808906,1273.4415584415585,1251.8756957328385,1356.6771799628943,1370.4248608534324,1947.8311688311687,2344.031539888683,1827.9814471243042,1670.0408163265306,2664.461966604824,2628.881261595547,1561.6753246753246,1427.1076066790351,1650.8070500927645,1567.061224489796,1543.5454545454545,1231.899814471243,1549.113172541744,1903.9758812615955,2410.9981447124305,2801.0111317254173,2055.5454545454545,1427.0686456400742,1619.2708719851578,1680.6753246753246,2298.1632653061224,1737.8831168831168,1797.708719851577,1756.7142857142858,2342.634508348794,1685.8701298701299,1636.4248608534324,1944.2486085343228,2168.0148423005567,1399.916512059369,1471.7458256029684,1718.8645640074212,2969.7606679035252,3743.016697588126,2177.7012987012986,1769.3858998144713,1949.4823747680891,1463.9035250463821,1526.161410018553,1531.7903525046381,1707.0593692022264,1504.4860853432283,1547.8682745825604,1492.8181818181818,2255.591836734694,3957.0723562152134,4110.779220779221,1725.951762523191,1506.2541743970316,1325.282003710575,1382.8886827458257,1433.5751391465676,1664.9981447124305,1402.3024118738404,1998.4063079777366,1829.6326530612246,1749.0575139146567,1286.6883116883116,1278.5009276437847,1129.1465677179963,1301.2597402597403,1237.604823747681,1528.7717996289425,1764.9795918367347,1967.1298701298701,1430.473098330241,1368.39146567718,1241.821892393321,1538.78293135436,1634.465677179963,1758.4860853432283,1760.025974025974,2334.2115027829313,2074.1576994434135,1485.5102040816328,1381.1113172541743,1618.142857142857,1898.5955473098331,2086.8571428571427,1989.5788497217068,2407.30426716141,1908.012987012987,1763.5677179962895,1418.5157699443414,1666.747680890538,1782.029684601113,1842.1985157699444,1422.4860853432283,1695.2727272727273,1889.1168831168832,2960.6975881261596,4775.615955473098,5233.081632653061,1935.8756957328385,1595.395176252319,1601.2096474953619,1455.708719851577,1137.339517625232,1397.0408163265306,1257.699443413729,1361.2282003710575,1509.760667903525,1520.647495361781,1236.382189239332,1440.3803339517626,1275.012987012987,1355.9684601113172,1257.0278293135436,1544.9536178107608,1429.844155844156,1612.3246753246754,1923.6400742115027,2583.4415584415583,1845.8961038961038,1323.0055658627086,1178.734693877551,1381.161410018553,1337.6029684601112,1897.1632653061224,1682.0575139146567,1610.526901669759,1230.9721706864564,1579.1335807050093,1696.851576994434,1595.6920222634508,1190.4248608534324,1301.2857142857142,1191.591836734694,1249.922077922078,1190.9833024118739,1389.17439703154,1300.3636363636363,1533.3543599257885,1471.656771799629,1548.730983302412,1393.3061224489795,1419.8311688311687,1362.6011131725418,1670.3506493506493,2371.1743970315397,2102.230055658627,1207.473098330241,1358.5658627087198,1268.2486085343228,1270.1317254174396,1202.9944341372914,1430.8812615955474,1545.582560296846,2479.931354359926,2377.935064935065,1989.1576994434138,1528.3896103896104,1777.7884972170687,1697.6122448979593,1663.30426716141,1807.178107606679,2616.9888682745827,3108.4285714285716,2369.5417439703156,1749.9016697588127,2209.9925788497217,2456.3951762523193,2720.8886827458255,1914.530612244898,2109.764378478664,3461.931354359926,4057.053803339518,1913.0278293135436,1507.8330241187384,1385.9684601113172,1544.2968460111317,1564.7699443413728,1942.2003710575138,1436.9795918367347,1478.2597402597403,1507.4508348794063,2141.0723562152134,3226.60853432282,4844.918367346939,3214.9072356215215,2426.6326530612246,2315.909090909091,2917.866419294991,1968.5769944341373,2437.9053803339516,2789.2671614100186,1827.4230055658627,1479.7421150278294,1890.417439703154,2273.8070500927643,2659.877551020408,1758.3933209647496,1831.274582560297,2314.4601113172544,4149.2059369202225,6368.038961038961,4614.849721706864,3826.0204081632655,3186.5992578849723,2630.0018552875695,2049.873840445269,1632.9239332096474,2024.5751391465676,2683.7495361781075,5139.339517625232,4747.118738404452,2304.3951762523193,1606.8200371057515,2045.4452690166977,2795.2077922077924,4100.959183673469,2301.068645640074,2113.714285714286,2569.6474953617812,3850.5714285714284,2383.7755102040815,1724.1948051948052,1382.4248608534324,1512.2578849721706,1578.3858998144713,2162.5881261595546,2984.946196660482,4856.534322820037,4405.573283858998,5392.545454545455,6907.102040816327,3551.181818181818,2438.4712430426716,3670.499072356215,5778.046382189239,5699.003710575139,3119.864564007421,2445.9146567718,3302.734693877551,6336.935064935065,7329.124304267161,2923.103896103896,1665.5064935064936,1735.2430426716141,1817.9146567717996,1845.78293135436,1407.2022263450835,1471.3487940630798,1480.5899814471243,1950.9072356215213,1958.938775510204,2972.3803339517626,3681.582560296846,4588.530612244898,3380.892393320965,4474.716141001855,7023.7495361781075,5482.649350649351,5869.9313543599255,4467.78478664193,2873.666048237477,3267.3283858998143,3674.7291280148424,2191.873840445269,1571.8794063079777,1668.1502782931354,2237.2987012987014,2571.855287569573,1966.1317254174396,2143.669758812616,1905.4508348794063,2564.0,4460.423005565863,7293.506493506494,3531.118738404453,2067.4155844155844,1936.3469387755101,1765.9554730983302,1822.2003710575138,2601.031539888683,4545.510204081633,7841.5213358070505,6387.9758812615955,8216.883116883117,4863.076066790352,3940.892393320965,5358.152133580705,3841.0408163265306,2122.9443413729127,1881.9332096474955,1849.0111317254175,2297.9424860853433,3551.931354359926,6247.458256029685,6572.896103896104,5934.877551020408,5421.959183673469,5725.569573283859,2713.703153988868,2621.243042671614,2600.549165120594,1972.7458256029684,1603.760667903525,1578.413729128015,1585.847866419295,1869.6307977736549,2453.6419294990724,3951.0779220779223,3181.1410018552874,4806.923933209648,4501.051948051948,5963.987012987013,7410.187384044527,10681.122448979591,18626.96474953618,13744.411873840445,4530.640074211503,2666.517625231911,2632.8404452690165,4574.152133580705,4628.382189239333,5731.063079777366,9840.361781076066,7507.237476808906,3326.6716141001857,1839.4322820037105,1607.0371057513914,2156.5584415584417,3056.692022263451,4944.586270871985,5028.39146567718,6291.948051948052,3459.1113172541745,1879.4601113172541,1598.586270871985,1646.5176252319109,1579.8293135435993,1908.8014842300556,2314.9072356215215,3418.12987012987,6635.0426716141,5221.506493506494,2233.547309833024,2180.929499072356,2639.8849721706865,4601.102040816327,4574.91280148423,7758.909090909091,6394.410018552876,4255.877551020408,2065.2244897959185,1855.5547309833023,1987.1855287569574,2188.0630797773656,2292.2411873840447,3876.0278293135434,7509.1595547309835,6075.91280148423,2516.330241187384,1882.4842300556586,1478.6623376623377,1606.5361781076067,1575.0074211502783,1616.0,1648.6029684601112,2267.6363636363635,2021.3487940630798,2065.226345083488,2769.818181818182,2935.8942486085343,3135.940630797774,6113.519480519481,9218.276437847866,5691.335807050093,7242.593692022264,5862.439703153989,2500.866419294991,2137.5417439703156,1788.0148423005567,2148.9165120593693,1524.508348794063,1581.734693877551,1518.413729128015,1507.8775510204082,1637.5788497217068,2471.39146567718,4237.2968460111315,8605.109461966606,5672.441558441558,3032.5324675324673,1788.0871985157698,1593.2115027829313,1390.6901669758813,1358.3673469387754,1394.6623376623377,1492.699443413729,1395.161410018553,1699.4452690166977,2099.113172541744,2898.456400742115,5487.781076066791,5980.21521335807,2420.6048237476807,2082.3525046382188,2000.808905380334,2030.142857142857,1559.2077922077922,1718.4452690166977,1599.4100185528757,1563.39146567718,1626.8664192949907,2504.1057513914657,2953.209647495362,5845.621521335807,3399.198515769944,1768.0742115027829,1396.669758812616,1478.964749536178,1372.0389610389611,1479.634508348794,1425.0723562152134,1532.269016697588,1458.3747680890538,1819.9424860853433,2193.2448979591836,4199.133580705009,4199.014842300557,2505.9814471243044,2289.8256029684603,2247.730983302412,1710.8163265306123,1739.974025974026,1493.3320964749537,1587.9666048237477,1625.4489795918366,2037.165120593692,2689.0834879406307,4015.834879406308,9012.838589981448,15634.562152133582,10718.285714285714,4302.710575139146,2274.424860853432,2164.640074211503,1517.1688311688313,1449.591836734694,1222.4508348794063,1347.7662337662337,1171.78293135436,1272.8460111317254,1131.6846011131724,1288.1020408163265,1177.2152133580705,1329.5194805194806,1395.3692022263451,1727.9907235621522,1510.9313543599258,1610.317254174397,1647.5231910946197,1444.8404452690168,1341.2411873840445,1425.8664192949907,1222.1929499072355,1492.8274582560298,1863.6641929499071,2791.1910946196663,1654.1224489795918,1462.838589981447,1387.2003710575138,1954.9591836734694,2089.313543599258,2286.8200371057515,1760.9035250463821,1565.4155844155844,1346.3265306122448,1761.7922077922078,1285.5064935064936,1580.8961038961038,2155.4285714285716,4016.6048237476807,3277.3153988868276,1957.2467532467533,1319.582560296846,1367.5510204081634,1408.7161410018552,1630.508348794063,1228.6382189239332,1293.6159554730984,1200.0463821892392,1501.2244897959183,1971.061224489796,1896.330241187384,2123.8237476808904,2365.9628942486083,1686.847866419295,1739.6586270871985,1544.9925788497217,1498.4452690166977,1277.21706864564,1426.3450834879407,1330.1465677179963,1722.9814471243042,1926.8775510204082,1814.8144712430426,1538.9016697588127,2015.3024118738404,2445.6716141001857,2902.9536178107605,2884.198515769944,2664.3970315398888,1848.6716141001855,1535.226345083488,1396.2411873840445,1550.4118738404452,1568.2560296846011,1613.4044526901669,1423.6289424860854,1594.3747680890538,1872.3933209647496,2645.1465677179963,2990.343228200371,2045.1873840445269,2232.0,2735.847866419295,2414.6716141001857,2269.575139146568,1887.5102040816328,2461.194805194805,2985.9016697588127,3514.1465677179963,2988.2077922077924,2164.3970315398888,1761.5677179962895,2197.2152133580703,3315.47866419295,3297.3413729128015,2654.530612244898,2455.703153988868,1769.8534322820037,1961.6975881261596,1560.0074211502783,1867.1187384044526,2017.2059369202227,2645.4897959183672,2324.231910946197,2062.1966604823747,2200.473098330241,1885.948051948052,1507.0445269016698,1541.0630797773656,1537.2560296846011,1854.3858998144713,1699.2115027829313,1566.2931354359926,1526.9183673469388,1919.3024118738404,1676.7161410018552,2416.1428571428573,3146.883116883117,2148.12987012987,1657.5677179962895,2281.595547309833,2803.8794063079777,2383.578849721707,2932.0779220779223,5151.877551020408,4297.34508348794,2677.6159554730984,2397.756957328386,2129.5510204081634,2019.8701298701299,2192.8256029684603,1987.8849721706865,2404.118738404453,1623.408163265306,1779.2541743970316,1895.7662337662337,1838.8682745825604,2157.9795918367345,3081.5417439703156,1984.012987012987,1756.1873840445269,1987.2374768089053,2691.987012987013,3264.6493506493507,5313.426716141002,7479.363636363636,4715.2949907235625,2880.009276437848,2436.2708719851576,3104.6382189239334,5869.666048237476,8328.270871985158,4056.892393320965,2465.081632653061,2988.5844155844156,4785.274582560297,5343.99814471243,4611.686456400742,2296.7384044526902,1790.4267161410019,1832.730983302412,1466.1706864564007,2112.8886827458255,2144.4322820037105,4256.179962894249,3025.3506493506493,2002.4990723562153,1785.155844155844,1929.909090909091,2518.896103896104,3312.152133580705,3819.91280148423,5639.6141001855285,6999.337662337663,9387.302411873841,9663.187384044528,5718.289424860854,7549.853432282003,11793.096474953618,6555.968460111318,4530.267161410018,5470.615955473098,3617.243042671614,3855.630797773655,3232.122448979592,2803.621521335807,4997.907235621521,8198.786641929499,4688.692022263451,3965.0333951762523,7801.677179962894,10227.923933209648,4346.460111317254,2648.2875695732837,3076.8794063079777,4144.890538033395,9937.65491651206,12150.102040816326,5831.584415584415,5994.011131725418,8704.549165120594,5226.096474953618,3839.721706864564,4177.510204081633,4415.855287569573,4097.673469387755,2579.333951762523,2216.2541743970314,3687.8849721706865,3881.816326530612,4057.068645640074,2634.5194805194806,2129.686456400742,2563.248608534323,2433.5844155844156,1732.152133580705,1891.9072356215213,2445.3525046382188,5023.090909090909,4105.506493506494,2253.742115027829,1620.2801484230056,1552.6011131725418,1587.9461966604824,2239.838589981447,3572.9591836734694,5688.803339517625,2761.961038961039,2456.6196660482374,3169.3729128014843,5359.003710575139,11340.580705009277,8395.17625231911,4109.003710575139,2600.031539888683,1904.9128014842302,2351.1632653061224,2665.1539888682746,2158.1113172541745,1935.083487940631,2181.801484230056,2509.452690166976,3231.8905380333954,2076.6530612244896,1789.278293135436,1741.6159554730984,1811.3487940630798,2080.8682745825604,1880.4211502782932,1670.1465677179963,1748.5788497217068,1794.148423005566,1699.077922077922,1522.9313543599258,1751.1966604823747,1583.2894248608534,1537.126159554731,1511.2931354359926,2546.343228200371,3056.78293135436,4411.6122448979595,2411.8107606679037,1704.9907235621522,1457.0946196660482,1725.844155844156,1439.8627087198515,1582.1762523191094,1735.3413729128015,3310.7495361781075,3664.1929499072357,2241.0445269016695,2037.5157699443414,3556.43599257885,9043.729128014842,6657.241187384045,2786.844155844156,1986.2152133580705,1623.0556586270873,1600.3116883116884,1489.300556586271,1452.8033395176253,1470.8163265306123,1738.3766233766235,2463.669758812616,2245.9536178107605,1572.9128014842302,1540.3098330241187,1557.4897959183672,1705.8367346938776,1513.52133580705,2298.064935064935,2049.948051948052,2853.634508348794,5391.517625231911,7303.439703153989,3265.5621521335806,2155.9721706864566,1729.408163265306,1644.0797773654917,1454.5658627087198,2008.352504638219,2276.6753246753246,3555.30426716141,3405.096474953618,2095.178107606679,1590.8423005565862,1450.6122448979593,1232.3636363636363,1324.204081632653,1184.851576994434,1328.847866419295,1427.1985157699444,1932.113172541744,1327.3673469387754,1232.5974025974026,1067.0092764378478,1152.9443413729127,1072.8126159554731,1181.5881261595548,1113.8664192949907,1345.39146567718,1315.3636363636363,2095.9628942486083,2937.009276437848,7965.60853432282,10466.133580705009,5482.2040816326535,3170.9053803339516,2062.0148423005567,1417.239332096475,1418.0723562152134,1541.621521335807,1550.0074211502783,1211.6901669758813,1319.8163265306123,1150.8070500927645,1298.591836734694,1701.821892393321,2774.2504638218925,2248.3506493506493,1640.0166975881261,1422.2931354359926,1522.2578849721706,1283.39146567718,1338.7142857142858,1264.6846011131724,1442.395176252319,1315.3858998144713,1525.7272727272727,1342.9424860853433,1549.730983302412,1774.7513914656772,2104.990723562152,2231.248608534323,2492.5361781076067,1653.9053803339518,1552.7903525046381,1310.734693877551,1371.6122448979593,1348.178107606679,1838.5584415584415,2280.061224489796,1835.291280148423,1409.2319109461966,1448.4990723562153,1432.4267161410019,1442.3487940630798,1179.1966604823747,1166.712430426716,1341.5936920222634,1427.300556586271,1328.7458256029684,1811.4675324675325,1542.7588126159555,1624.4471243042672,1818.9962894248608,1679.8756957328385,1532.1966604823747,1634.17439703154,1539.6141001855287,1849.9684601113172,1646.8181818181818,2283.929499072356,1758.165120593692,1473.3896103896104,1341.5881261595548,1825.0445269016698,1199.1038961038962,1394.3024118738404,1259.5788497217068,1448.974025974026,1522.5714285714287,1636.1985157699444,1538.8664192949907,1605.938775510204,1311.8979591836735,1395.599257884972,1476.6771799628943,1553.6864564007421,1260.2189239332097,1391.3692022263451,1669.5287569573284,1801.495361781076,2185.569573283859,1924.821892393321,1689.5714285714287,1578.7513914656772,1342.9109461966605,1445.3153988868276,1364.5769944341373,1510.8163265306123,1304.9109461966605,1422.8552875695732,1431.0463821892392,1450.5324675324675,1268.0871985157698,1401.1985157699444,1279.7643784786642,1800.378478664193,1293.048237476809,1444.7996289424862,1617.4230055658627,2113.8627087198515,1560.9424860853433,1673.4601113172541,1924.1836734693877,3445.320964749536,3116.575139146568,4604.786641929499,3009.935064935065,2269.987012987013,1761.5936920222634,1576.8905380333952,1417.886827458256,1508.291280148423,1233.252319109462,1348.6734693877552,1228.2541743970316,1419.712430426716,1450.6660482374768,2106.0296846011133,2952.9647495361783,2786.8404452690165,3199.4100185528755,2577.1280148423007,1872.634508348794,1828.6363636363637,1749.8330241187384,2216.0983302411873,3519.398886827458,3139.3246753246754,1839.012987012987,1736.2634508348794,1459.2059369202227,1570.2857142857142,1696.52133580705,1645.0148423005567,1464.6419294990724,1577.2857142857142,1396.3283858998145,1487.8794063079777,1766.8886827458257,3393.951762523191,6000.578849721707,4331.322820037106,2924.543599257885,2917.385899814471,2222.530612244898,1863.265306122449,1677.886827458256,1984.6641929499071,1835.4100185528757,1913.2337662337663,2839.9443413729127,5228.421150278293,3035.4230055658627,2317.786641929499,2524.3970315398888,3227.0426716141,3022.0575139146567,2397.686456400742,2946.209647495362,5741.046382189239,3299.7977736549165,2747.773654916512,3507.3469387755104,6844.291280148423,11727.52133580705,6688.994434137291,3562.022263450835,2741.150278293135,2564.8404452690165,2470.591836734694,2320.3840445269016,2310.3617810760666,2819.3413729128015,6389.922077922078,4538.39146567718,3061.6103896103896,2887.213358070501,2669.6623376623374,2060.703153988868,2241.257884972171,3628.204081632653,6433.640074211503,5841.096474953618,3453.5992578849723,2389.3450834879404,1941.252319109462,1654.0871985157698,2192.5102040816328,4018.096474953618,4166.272727272727,3415.9072356215215,5965.988868274582,4866.411873840445,3980.666048237477,5107.222634508349,10220.048237476809,11606.43228200371,7713.2467532467535,5783.987012987013,3535.009276437848,2375.5547309833023,2016.7884972170687,1780.7513914656772,2185.699443413729,1816.6975881261596,1780.113172541744,2138.311688311688,1924.165120593692,1568.3450834879407,1640.795918367347,1568.5009276437847,2007.6307977736549,2218.2820037105753,2496.016697588126,2442.968460111317,2891.9332096474955,5361.651205936921,16230.666048237477,23014.536178107606,12655.135435992579,8112.701298701299,6386.630797773655,7424.0426716141,10513.34879406308,6952.8719851577,7870.684601113173,4742.9573283859,3686.4916512059367,3754.4025974025976,3076.359925788497,2281.4545454545455,2146.6753246753246,2126.200371057514,3523.068645640074,2871.9220779220777,3507.0760667903523,4901.116883116883,3713.0408163265306,2701.688311688312,2150.560296846011,1682.8200371057515,1759.5974025974026,1699.142857142857,1964.9981447124305,1838.0074211502783,1977.1094619666048,2430.9628942486083,2403.4489795918366,2823.064935064935,3311.899814471243,2286.7402597402597,2288.5881261595546,2125.595547309833,1997.3283858998145,1722.291280148423,2270.1317254174396,1905.0705009276437,3440.313543599258,9104.769944341373,7553.858998144712,4041.730983302412,2764.1020408163267,2296.2152133580703,2828.003710575139,2354.1465677179963,2146.818181818182,1975.773654916512,2941.1966604823747,2427.929499072356,2176.0185528756956,2167.3376623376626,2434.6233766233768,3176.688311688312,7144.7532467532465,13014.792207792209,10007.098330241188,11323.059369202227,6126.100185528757,3857.1910946196663,2903.8719851576993,2119.3933209647494,1875.8812615955474,1711.2486085343228,1847.7680890538034,1874.7365491651206,2191.899814471243,2214.269016697588,2587.3098330241187,2032.725417439703,2660.116883116883,3160.7495361781075,2466.818181818182,1943.252319109462,1833.4044526901669,1820.6270871985157,2293.2615955473098,2785.484230055659,4672.664192949907,10554.463821892394,8640.526901669758,4452.558441558442,3416.269016697588,3040.300556586271,2530.4025974025976,2049.5343228200372,2342.5287569573284,3065.187384044527,2666.864564007421,3316.8367346938776,6622.909090909091,10062.115027829313,6500.098330241188,3597.91280148423,2655.0371057513917,2300.031539888683,2003.6512059369202,1571.8627087198515,1645.491651205937,1414.1113172541743,1894.6289424860854,1422.7810760667903,1890.491651205937,2070.9165120593693,2032.30426716141,2689.6938775510203,2398.5881261595546,1904.922077922078,2368.0296846011133,2195.231910946197,2073.8144712430426,2176.3098330241187,2149.82745825603,1712.6883116883116,1935.2931354359926,2247.7847866419297,4170.1558441558445,9010.046382189239,5836.541743970315,3741.6474953617812,2820.2077922077924,2659.3933209647494,2297.547309833024,1710.9313543599258,1725.4990723562153,1816.5751391465676,1896.1372912801485,1962.1280148423004,3662.100185528757,9459.113172541744,7145.410018552876,4613.376623376624,4080.1113172541745,3494.2597402597403,4946.764378478664,4045.3951762523193,6806.243042671614,18010.86085343228,15361.836734693878,8810.165120593692,6945.712430426716,4451.500927643785,3878.708719851577,4737.220779220779,4112.484230055658,2880.1576994434135,3112.4118738404454,4340.647495361781,8077.011131725418,7598.805194805195,4522.855287569573,3260.795918367347,3063.1465677179963,4556.328385899815,8944.7439703154,6322.272727272727,5901.037105751391,4180.094619666048,3273.150278293135,3057.708719851577,4969.033395176252,10482.788497217069,12722.805194805194,13950.367346938776,9273.179962894248,5545.2949907235625,4121.226345083488,3004.1484230055657,3134.2615955473098,3698.9888682745827,2725.994434137291,2467.0074211502783,3071.074211502783,3050.896103896104,2320.591836734694,1911.8682745825604,1906.669758812616,1514.964749536178,1638.5287569573284,1972.9332096474955,2749.821892393321,3686.317254174397,6830.706864564007,10860.115027829313,19797.372912801486,12128.541743970316,8593.988868274582,9984.717996289424,7559.502782931354,8202.673469387755,12954.367346938776,7431.760667903525,4877.992578849722,3458.2801484230054,2843.3525046382188,2112.65120593692,2308.818181818182,1713.9239332096474,1865.634508348794,2554.2374768089053,6643.615955473098,17787.99443413729,12497.905380333952,7329.011131725418,5536.8849721706865,4226.057513914657,4383.643784786642,7076.968460111318,19568.454545454544,35621.28756957329,21196.30612244898,13086.055658627087,10782.99814471243,7084.103896103896,5723.836734693878,6086.437847866419,4504.818181818182,4845.970315398887,4391.552875695733,3364.3543599257887,3110.614100185529,2654.983302411874,3090.1205936920223,3393.7161410018552,3150.356215213358,4573.586270871985,14138.903525046382,29576.34693877551,20066.48608534323,11889.102040816326,7993.382189239333,6364.102040816327,8733.421150278293,16418.909090909092,21573.931354359927,18288.30426716141,17550.1280148423,14851.708719851576,9905.721706864564,8390.892393320964,7718.968460111318,5107.178107606679,3308.5417439703156,2645.844155844156,2333.8237476808904,2003.6382189239332,2205.764378478664,2719.204081632653,3312.6029684601112,4753.179962894249,3624.1929499072357,2636.931354359926,2323.4155844155844,2094.805194805195,2017.6196660482374,1847.012987012987,2444.1428571428573,2745.1150278293135,2327.417439703154,1846.7588126159555,2278.569573283859,2555.1595547309835,4227.502782931354,5941.157699443414,4652.627087198516,3926.4879406307978,7159.775510204082,9607.769944341373,9824.645640074212,11098.473098330242,7104.628942486085,7897.231910946197,17500.408163265307,14894.664192949907,14443.684601113173,11376.528756957328,7022.1150278293135,5294.556586270872,4434.575139146567,3445.6679035250463,3131.3747680890538,2986.495361781076,3116.818181818182,2526.3413729128015,2717.8144712430426,3237.5102040816328,4850.051948051948,8947.150278293135,17651.064935064936,18361.47124304267,10912.619666048238,7131.786641929499,7332.107606679036,10524.142857142857,9439.495361781075,6239.647495361781,5854.502782931354,4453.666048237476,3688.231910946197,3559.5417439703156,2791.2987012987014,2052.5454545454545,1927.2430426716141,1709.7142857142858,1782.6066790352504,1517.9628942486086,1792.838589981447,2820.2226345083486,6100.2467532467535,17462.751391465677,18256.918367346938,11293.205936920223,7954.617810760667,6195.309833024119,6429.873840445269,5311.69944341373,4117.384044526902,3710.365491651206,3701.0408163265306,3331.5677179962895,4410.519480519481,4595.619666048237,3249.6233766233768,3275.1205936920223,6509.057513914657,4371.241187384045,3055.2504638218925,2241.070500927644,2387.452690166976,2884.0927643784785,2924.122448979592,2482.938775510204,2996.515769944341,3618.103896103896,3298.387755102041,4951.8886827458255,14822.60296846011,13801.39146567718,9165.853432282003,10525.847866419295,9378.211502782931,6877.487940630798,8266.612244897959,6577.764378478664,4158.187384044527,2845.1595547309835,2527.9554730983305,1984.1688311688313,2197.2894248608536,2708.983302411874,2741.1855287569574,2319.2337662337663,2160.0853432282,1888.352504638219,1892.265306122449,2156.7328385899814,2886.686456400742,1896.161410018553,1763.3506493506493,1492.0371057513914,1487.4248608534324,1623.1799628942485,1863.6196660482374,1765.6734693877552,2035.8942486085343,1657.7513914656772,1707.6363636363637,1712.029684601113,2206.909090909091,2282.0204081632655,2183.096474953618,2875.1113172541745,4902.157699443414,4403.426716141002,3216.7068645640074,2327.3320964749537,1946.6771799628943,1667.9554730983302,1792.0797773654917,1609.152133580705,1764.3191094619667,1712.1205936920223,1729.4990723562153,2362.5102040816328,3008.4230055658627,5543.8719851577,5910.701298701299,4019.5139146567717,4478.0241187384045,7892.91280148423,7681.226345083488,5703.922077922078,5024.4786641929495,6852.964749536178,6435.686456400742,5429.185528756957,5850.495361781076,4622.530612244898,3749.730983302412,5375.836734693878,5675.213358070501,7544.317254174397,12201.014842300556,7953.408163265306,6242.21521335807,6770.181818181818,5305.465677179963,4377.376623376624,3255.9332096474955,2311.4415584415583,2152.1094619666046,2346.0797773654917,4823.298701298701,6099.469387755102,5369.415584415585,4240.326530612245,3051.0797773654917,2501.39146567718,3216.983302411874,2860.0927643784785,2860.8293135435993,2162.7458256029686,2036.621521335807,2485.0148423005567,5634.716141001855,5381.372912801484,4002.5417439703156,2963.4322820037105,3354.333951762523,4122.628942486085,4897.994434137291,6282.178107606679,10103.038961038961,6600.252319109462,6598.1706864564,9123.228200371057,10825.092764378478,9729.196660482376,14352.254174397032,9217.365491651206,5891.890538033395,4555.526901669758,3553.1465677179963,2396.443413729128,1907.2727272727273,1471.029684601113,1430.725417439703,1307.8552875695732,1665.9962894248608,2861.0556586270873,4345.627087198516,3141.3840445269016,2915.265306122449,2945.025974025974,4194.059369202227,12566.671614100185,19798.99628942486,12326.625231910946,9459.068645640074,9161.558441558442,12768.300556586271,8632.285714285714,5881.745825602969,5888.743970315399,4364.7031539888685,3145.1743970315397,2973.9703153988867,5759.176252319109,12891.148423005567,12901.408163265307,7923.65491651206,5032.395176252319,4062.4601113172544,4128.907235621521,3939.4063079777366,3416.317254174397,5959.9795918367345,8177.011131725418,12435.274582560296,11627.717996289424,25048.51391465677,30495.547309833026,19969.068645640073,15162.532467532468,22344.059369202227,18979.766233766233,13525.621521335806,8997.319109461967,6706.163265306122,5315.265306122449,4181.3413729128015,2938.107606679035,2654.5139146567717,3572.499072356215,9310.582560296845,14428.756957328385,9952.712430426716,8703.877551020409,19067.671614100185,22759.250463821892,15120.558441558442,10745.554730983302,11630.78107606679,17474.905380333952,21109.21892393321,29187.04452690167,19285.875695732837,11628.094619666048,7702.374768089054,5361.69573283859,3981.274582560297,3693.931354359926,4380.673469387755,3112.8367346938776,2510.0927643784785,2047.2448979591836,2472.1799628942485,3118.8682745825604,5172.894248608534,15666.506493506493,18251.86270871985,11324.640074211502,8813.269016697588,7608.051948051948,5656.367346938776,3925.974025974026,3143.4063079777366,3241.526901669759,9309.228200371057,16216.135435992579,10685.703153988869,10413.833024118738,11527.437847866418,8870.2560296846,15124.664192949907,14809.25974025974,9273.60296846011,5777.552875695733,4130.799628942486,3562.673469387755,2959.484230055659,2053.849721706865,1793.634508348794,1553.82560296846,1525.0315398886828,1524.6252319109462,1620.382189239332,1906.4100185528757,2255.5343228200372,1757.9851576994433,2306.4063079777366,2066.311688311688,2051.3951762523193,2251.0853432282,2376.614100185529,2307.9795918367345,2047.1966604823747,1681.504638218924,1864.9851576994433,1755.543599257885,1867.0371057513914,1512.7903525046381,1356.2486085343228,1427.0371057513914,1545.0742115027829,2329.2597402597403,4512.437847866419,4732.361781076067,5928.0426716141,11979.328385899815,9004.99628942486,6226.847866419295,5900.925788497217,6465.191094619666,4789.048237476809,3442.150278293135,3007.0241187384045,2535.0797773654917,2849.768089053803,3638.736549165121,7085.126159554731,13365.51762523191,9546.988868274582,6092.244897959184,5065.371057513915,7614.009276437848,9531.595547309833,13405.929499072356,14451.714285714286,15147.808905380334,9477.60482374768,6359.252319109462,5542.291280148423,4423.463821892394,3183.6103896103896,2478.003710575139,2393.7458256029686,2685.330241187384,6708.896103896104,6953.146567717997,7369.953617810761,7942.3858998144715,7056.682745825603,5205.116883116883,4584.881261595548,3641.9591836734694,2896.356215213358,2510.135435992579,2523.7606679035252,2485.795918367347,4139.814471243043,11232.486085343227,10138.526901669758,7244.107606679036,6993.192949907236,11885.86827458256,25852.404452690167,19681.766233766233,12480.562152133582,8517.666048237477,6387.82560296846,5035.447124304267,5911.801484230055,16897.981447124304,28763.39332096475,22966.534322820036,15606.330241187385,10240.324675324675,7673.860853432282,7456.554730983303,14801.988868274582,15848.39517625232,18061.892393320966,27608.927643784788,20101.13729128015,16826.732838589982,26538.901669758812,21172.69387755102,13453.063079777365,8804.979591836734,6140.491651205937,4668.621521335807,3522.198515769944,2890.1410018552874,3344.204081632653,4354.962894248609,9627.536178107606,20075.00927643785,14337.975881261596,9009.641929499072,7158.660482374768,6131.922077922078,4620.968460111318,3752.56586270872,3946.634508348794,5480.651205936921,7516.684601113173,16790.708719851576,28328.14285714286,25506.47495361781,15548.52133580705,10509.734693877552,10204.64935064935,7456.276437847867,4942.274582560297,3808.2411873840447,3550.4860853432283,4147.096474953618,6968.818181818182,5517.040816326531,3971.144712430427,3058.4712430426716,3421.6975881261596,9703.873840445269,13327.551020408164,11426.842300556586,7922.962894248609,5499.495361781076,5401.337662337663,3918.6029684601112,3108.8107606679037,2680.816326530612,2629.7847866419297,3742.899814471243,11549.330241187385,11494.65491651206,7402.953617810761,5096.465677179963,5077.157699443414,9493.510204081633,21862.56029684601,21448.00371057514,13642.940630797773,9135.992578849722,6304.2059369202225,4386.990723562152,3424.736549165121,2963.061224489796,2963.4582560296844,6136.591836734694,12531.179962894248,8492.012987012988,6631.833024118739,6195.725417439703,4747.640074211503,3291.204081632653,2916.0371057513917,2758.1929499072357,2596.4118738404454,2297.8460111317254,3678.4118738404454,8991.166975881262,13726.282003710576,9716.380333951762,8304.0,5404.150278293136,3885.747680890538,3018.1855287569574,2670.656771799629,2432.0779220779223,5343.166975881261,17203.43784786642,24378.161410018554,16955.925788497218,10395.988868274582,6737.311688311688,4827.528756957328,3405.721706864564,2693.8905380333954,2458.439703153989,3275.6623376623374,2934.849721706865,3334.517625231911,3802.8979591836733,7686.040816326531,18331.450834879408,21679.706864564007,17752.122448979593,15224.274582560296,20006.944341372913,14238.196660482376,8651.504638218925,5949.090909090909,4515.666048237476,3742.252319109462,3274.6419294990724,3157.339517625232,4632.6586270871985,4679.927643784787,3694.4545454545455,5071.107606679036,11423.209647495361,8697.374768089054,5618.586270871985,5634.4768089053805,7875.582560296846,6234.213358070501,7466.408163265306,13705.875695732839,9949.152133580705,6676.873840445269,4583.25788497217,4803.226345083488,13272.879406307979,15639.91094619666,10620.662337662337,7168.604823747681,5475.089053803339,6017.812615955473,7880.875695732839,8226.51576994434,5613.057513914657,4936.142857142857,3287.4879406307978,2786.5139146567717,2835.977736549165,2454.0630797773656,2237.1966604823747,1994.0742115027829,1629.9443413729127,1523.2708719851578,1696.1576994434138,2204.230055658627,1799.265306122449,1729.3339517625232,1455.3766233766235,1978.395176252319,3995.8942486085343,4566.606679035251,4156.7940630797775,6106.124304267161,5345.9573283859,6310.100185528757,12059.866419294991,8942.237476808905,5920.335807050093,4860.630797773655,10211.588126159555,12223.497217068645,7386.313543599258,4873.946196660482,3746.8849721706865,4579.719851576994,4734.311688311688,3836.9814471243044,5034.73840445269,13767.842300556586,11033.790352504639,7622.667903525046,7110.00185528757,14368.011131725418,11575.461966604824,7363.8385899814475,4874.280148423006,4447.812615955473,3939.0352504638217,4195.988868274582,2892.552875695733,2297.938775510204,2899.5231910946195,3235.3413729128015,2428.560296846011,2364.9758812615955,1972.0723562152134,1745.3450834879407,1373.4879406307978,1409.9499072356216,1372.3079777365492,2252.9573283859,2442.439703153989,2453.7940630797775,2936.116883116883,2652.805194805195,2303.155844155844,2388.9072356215215,2513.977736549165,2578.8237476808904,1797.7291280148422,1993.5658627087198,2710.333951762523,3656.385899814471,4671.758812615955,5448.033395176252,4548.660482374768,4941.643784786642,4089.9053803339516,4822.730983302412,3510.5881261595546,3777.408163265306,3768.0371057513917,3022.339517625232,2395.47866419295,2177.0278293135434,2233.413729128015,3546.9758812615955,8813.701298701299,9031.57142857143,5897.474953617811,4066.12987012987,2915.974025974026,2283.6493506493507,1802.5064935064936,1823.0667903525045,1956.3209647495362,2504.8070500927643,2132.1539888682746,2563.7272727272725,2543.150278293135,2433.8089053803337,2109.703153988868,2158.669758812616,3575.7458256029686,6059.081632653061,6289.983302411873,6262.1280148423,5638.43413729128,8506.029684601113,19584.712430426716,14915.120593692021,9830.460111317254,7377.424860853433,5892.423005565863,3883.5899814471245,2681.5064935064934,2256.946196660482,2040.4322820037105,1861.9536178107608,1520.6883116883116,1628.6660482374768,1910.0185528756958,2683.6716141001857,3478.734693877551,4458.25974025974,3007.2115027829313,2290.504638218924,1740.773654916512,1601.0,1348.9202226345083,2014.6011131725418,2286.100185528757,2040.5510204081634,1668.8664192949907,2850.0426716141,2859.708719851577,2352.3450834879404,2191.1484230055657,2462.061224489796,2097.285714285714,1750.8274582560298,1400.4415584415585,1389.530612244898,1219.5621521335806,1529.7977736549165,1597.851576994434,1615.4526901669758,1400.265306122449,1368.669758812616,1203.2133580705008,1292.2282003710575,1204.3246753246754,1521.8886827458257,1283.4397031539888,1524.0667903525045,1831.465677179963,2168.883116883117,4524.443413729128,7036.482374768089,6009.994434137291,4035.0185528756956,2651.8256029684603,2279.17254174397,1974.9461966604824,1916.317254174397,1781.1669758812616,1706.4192949907235,1448.634508348794,1572.3191094619667,1866.8367346938776,4025.6066790352506,14997.844155844155,13396.48051948052,8520.361781076066,6390.0686456400745,4915.747680890538,3370.333951762523,2315.430426716141,2399.679035250464,3724.790352504638,2946.8404452690165,2171.929499072356,1886.8627087198515,1550.395176252319,1449.113172541744,1332.7643784786642,1956.1966604823747,3522.630797773655,3460.621521335807,2339.56586270872,2029.6512059369202,2248.6196660482374,2821.742115027829,2424.1280148423007,2375.790352504638,1779.4990723562153,1693.0723562152134,1374.5009276437847,1439.2356215213358,1732.4211502782932,3950.708719851577,3116.899814471243,2296.294990723562,1744.0371057513914,1851.417439703154,2389.9981447124305,2170.977736549165,1646.8423005565862,1595.1539888682746,1227.7384044526902,1201.7031539888683,1242.5510204081634,1335.2152133580705,1565.2207792207791,2756.4378478664194,8932.152133580705,10930.363636363636,6932.404452690167,5580.716141001855,8252.582560296845,9267.059369202227,6390.5231910946195,8230.992578849722,5792.538033395176,4283.408163265306,2878.3803339517626,2216.103896103896,1643.604823747681,1545.5584415584415,1259.6493506493507,1401.495361781076,1299.9313543599258,1647.987012987013,2237.7625231910947,3443.122448979592,2573.1410018552874,2066.0556586270873,1785.3469387755101,2478.8070500927643,3281.003710575139,5205.775510204082,19155.21150278293,36550.103896103894,23385.756957328387,13600.842300556586,8500.059369202227,5668.686456400742,3716.9703153988867,2590.3840445269016,1793.1892393320966,1663.2207792207791,1467.1948051948052,1589.3098330241187,1700.3933209647496,1832.3840445269016,1653.526901669759,1677.857142857143,1952.2467532467533,2699.070500927644,2460.204081632653,2157.705009276438,1697.721706864564,1775.1873840445269,1922.4842300556586,2213.1020408163267,2004.7551020408164,2000.2448979591836,1661.400742115028,1700.526901669759,1710.708719851577,2787.7328385899814,4885.621521335807,14908.352504638218,30368.549165120592,19363.335807050094,10992.272727272728,7306.025974025974,4697.959183673469,3842.0185528756956,4471.78293135436,4952.925788497217,4422.756957328386,3156.7847866419297,2235.1688311688313,2240.139146567718,3278.52133580705,8433.771799628943,27269.113172541744,20422.705009276437,11234.34879406308,7479.202226345084,5324.751391465677,4246.853432282003,3017.378478664193,2556.209647495362,3449.849721706865,4465.103896103896,2961.9851576994433,2532.847866419295,2331.6641929499074,2373.209647495362,2547.2244897959185,2536.4155844155844,1963.2968460111317,1674.191094619666,1462.282003710575,1538.1335807050093,1838.3988868274582,2260.990723562152,2833.929499072356,4055.9851576994433,3864.2448979591836,2824.643784786642,2127.547309833024,1919.0222634508348,1462.5640074211503,1387.4749536178108,1262.7866419294992,1379.0148423005567,1212.025974025974,1265.382189239332,1236.9369202226344,1299.760667903525,1288.5528756957328,1419.083487940631,1103.491651205937,1161.970315398887,1066.4582560296847,1294.9981447124305,1524.3729128014843,2005.760667903525,1582.012987012987,1509.699443413729,1858.9294990723563,2039.0797773654917,1518.4359925788497,1376.5974025974026,1384.456400742115,1594.1632653061224,1696.0964749536179,1559.7068645640074,1199.9443413729127,1230.4378478664194,1188.0315398886828,1573.699443413729,1381.269016697588,1299.8812615955474,1208.8905380333952,1480.2282003710575,1928.6159554730984,3550.257884972171,2416.7384044526902,1954.465677179963,1939.4842300556586,2984.4489795918366,2060.896103896104,1661.7810760667903,1339.5881261595548,1342.9424860853433,1436.0463821892392,1689.0315398886828,1442.0871985157698,2072.343228200371,1805.9239332096474,1518.7551020408164,1231.6029684601112,1228.543599257885,1183.4415584415585,1697.365491651206,5611.397031539888,6275.9777365491655,3810.5621521335806,3041.424860853432,2262.452690166976,1776.5640074211503,1904.4267161410019,2064.736549165121,1664.9814471243042,1621.9202226345083,1443.9016697588127,1337.473098330241,1249.721706864564,1868.1502782931354,2054.248608534323,1789.025974025974,2555.5398886827456,2876.4582560296844,1841.6512059369202,1611.2560296846011,1259.5417439703153,1266.4619666048238,1345.1038961038962,2709.313543599258,13061.413729128015,13064.808905380334,8034.543599257885,5298.615955473098,4504.8886827458255,6164.927643784787,3814.0630797773656,2435.743970315399,2069.8460111317254,2973.139146567718,2325.5621521335806,1726.3580705009276,1295.7569573283859,1263.951762523191,1168.9610389610389,1249.6586270871985,1147.3135435992579,1247.473098330241,1432.012987012987,2063.2615955473098,7479.857142857143,20669.584415584417,15692.289424860854,8269.777365491651,4792.860853432282,3043.968460111317,1921.5658627087198,1933.3543599257885,2511.3450834879404,2066.0111317254173,1726.9276437847866,2209.307977736549,1910.0575139146567,1713.6307977736549,1377.2949907235623,1527.4267161410019,1659.2059369202227,1656.1150278293135,2016.4990723562153,4531.248608534323,7183.157699443414,6361.248608534323,4011.6029684601112,3108.560296846011,4649.853432282003,4136.04452690167,3894.139146567718,3489.8367346938776,2991.5677179962895,2300.135435992579,1723.9684601113172,1528.2059369202227,1314.0500927643784,1291.6864564007421,1068.6864564007421,1095.3024118738404,1060.3562152133582,1145.9499072356216,1049.1762523191094,1230.0426716141,1052.6660482374768,1115.970315398887,954.6623376623377,1095.7421150278294,1139.6363636363637,1363.0148423005567,1235.0705009276437,1268.6808905380333,1266.1595547309832,2073.9072356215215,2177.2875695732837,2747.3636363636365,2792.9499072356216,2521.9758812615955,2178.443413729128,1860.647495361781,1826.8460111317254,2787.8144712430426,4068.382189239332,3685.7291280148424,2945.864564007421,2539.9628942486083,1992.847866419295,1731.6456400742115,1443.8719851576996,1382.7847866419295,1250.5547309833023,1600.0018552875695,4415.315398886827,7856.256029684601,5167.673469387755,3440.0148423005567,2186.4712430426716,1930.7012987012988,3140.591836734694,3007.8886827458255,2150.9925788497217,2884.456400742115,8600.886827458256,11994.118738404453,11006.60482374768,6200.484230055658,3612.634508348794,2559.1372912801485,1889.8033395176253,2628.628942486085,6762.307977736549,5335.092764378479,2939.0890538033395,2010.974025974026,1457.9424860853433,1337.465677179963,1599.69573283859,3265.951762523191,3291.6938775510203,3133.382189239332,2252.0445269016695,2588.8256029684603,7953.050092764379,13018.204081632653,14766.183673469388,8158.630797773655,4385.018552875696,3499.009276437848,5391.805194805195,16404.13729128015,10950.382189239332,5523.61038961039,4198.489795918367,3598.2115027829313,2084.0834879406307,1739.0575139146567,1342.4211502782932,1456.6122448979593,1682.526901669759,1550.077922077922,1403.265306122449,1711.7699443413728,1571.17439703154,2123.56400742115,4421.636363636364,3403.181818181818,1880.291280148423,1514.7402597402597,1169.3543599257885,1295.6512059369202,1642.1076066790351,1446.2300556586272,1136.8144712430426,1395.0315398886828,1991.5899814471243,2232.547309833024,1900.330241187384,2856.6623376623374,2191.139146567718,2155.617810760668,5025.040816326531,4496.597402597403,2797.968460111317,2023.7050092764377,1608.634508348794,3654.3970315398888,3702.5027829313544,2417.8311688311687,2362.469387755102,3621.1799628942485,3042.8682745825604,3667.246753246753,3506.7458256029686,3445.144712430427,6381.2949907235625,11564.320964749537,7416.252319109462,4053.9276437847866,2362.8404452690165,1893.3413729128015,1384.734693877551,1320.6437847866418,1166.1020408163265,1253.5974025974026,1364.8311688311687,3353.6159554730984,7525.200371057514,5364.493506493506,3106.799628942486,4247.2949907235625,12191.580705009277,10221.120593692021,4979.799628942486,3183.4656771799628,2903.3673469387754,4315.899814471243,4340.08719851577,3613.6029684601112,2473.9814471243044,1802.7569573283859,1247.9424860853433,1110.8682745825604,1096.508348794063,1265.2708719851578,1111.5194805194806,1088.1113172541743,1261.6141001855287,2074.3803339517626,1907.1818181818182,1731.6753246753246,2196.2615955473098,4440.278293135436,3795.204081632653,2636.1113172541745,1963.7717996289425,5408.502782931354,14111.69202226345,20556.82189239332,12567.276437847866,5529.153988868275,2628.4916512059367,1744.5974025974026,1260.7792207792209,1702.1168831168832,1600.7847866419295,1385.6901669758813,1140.7012987012988,1184.413729128015,1066.1892393320966,1170.8961038961038,1150.0222634508348,1433.5250463821892,1588.3061224489795,2908.78293135436,13610.52133580705,23658.742115027828,13026.51948051948,5610.925788497217,2898.2022263450835,1898.7068645640074,1367.161410018553,1417.3636363636363,1337.1892393320966,1318.0241187384045,1231.1113172541743,1251.2300556586272,1308.526901669759,1575.5287569573284,1806.7198515769944,1776.365491651206,1478.0667903525045,1547.4285714285713,1666.1187384044526,4217.734693877551,15737.69387755102,30306.224489795917,22986.886827458256,9899.276437847866,4356.332096474954,2558.799628942486,1890.4935064935064,1981.7699443413728,1487.2244897959183,1313.382189239332,1167.6975881261596,1160.1632653061224,1040.5473098330242,1197.9536178107608,1005.9443413729128,1042.5120593692022,1183.1465677179963,1213.4248608534324,1164.69573283859,1552.747680890538,4319.1280148423,6808.1706864564,3808.9016697588127,2024.0816326530612,1320.6864564007421,1263.0018552875695,1474.0426716141,1512.0705009276437,1199.17439703154,1281.8886827458257,1130.2300556586272,1255.1873840445269,1116.5751391465676,1289.8794063079777,1421.4712430426716,1575.0853432282004,1351.1706864564007,1413.6289424860854,1232.4935064935064,1263.0037105751392,1241.8961038961038,3333.643784786642,8575.623376623376,7774.7495361781075,3435.461966604824,1905.6270871985157,1264.7291280148422,1129.6011131725418,1187.795918367347,1696.3617810760668,2395.3840445269016,7026.230055658627,9663.612244897959,5686.441558441558,2730.3358070500926,1786.916512059369,1334.2708719851578,1404.2448979591836,1203.2374768089053,1189.0389610389611,1073.7142857142858,1235.8645640074212,1375.5417439703153,1777.6233766233765,1646.7847866419295,1954.5027829313544,5142.628942486085,18149.092764378478,23200.397031539887,12632.374768089054,5878.779220779221,3431.5677179962895,1937.417439703154,1476.2615955473098,1047.9128014842302,1138.4471243042672,977.6623376623377,1038.4526901669758,1002.0092764378479,1347.165120593692,3319.3320964749537,5065.760667903525,3287.4452690166977,1820.1948051948052,1255.747680890538,1159.2059369202227,1004.1948051948052,1080.7105751391466,951.3710575139147,1070.8033395176253,926.2820037105752,1115.1948051948052,1060.8942486085343,1125.3024118738404,1129.3153988868276,1137.465677179963,1007.7272727272727,1305.9406307977736,1807.491651205937,6905.157699443414,18407.397031539887,23742.224489795917,13008.795918367347,5843.909090909091,2940.456400742115,1920.3376623376623,1232.8756957328385,1192.330241187384,1023.8645640074211,1101.3283858998145,909.2949907235621,1009.5491651205937,1062.3599257884973,1104.0593692022264,1009.0315398886828,1076.7625231910947,979.469387755102,1079.8756957328385,960.4601113172541,1105.9888682745825,1697.60853432282,2900.155844155844,3316.5343228200372,2220.801484230056,1344.2003710575138,1169.5974025974026,980.0482374768089,1084.3858998144713,944.8942486085343,1051.3191094619667,962.734693877551,1034.5473098330242,1038.3098330241187,1199.4230055658627,1174.7328385899814,1201.8794063079777,1050.5491651205937,1158.4601113172541,1026.9332096474955,1184.077922077922,1113.1873840445269,1155.4712430426716,962.2727272727273,1045.9795918367347,1093.3339517625232,1030.7866419294992,991.3896103896104,1130.3599257884973,1213.3265306122448,1908.8033395176253,2402.378478664193,2970.504638218924,2005.8831168831168,1397.4359925788497,1033.382189239332,1045.3988868274582,964.3729128014842,1057.400742115028,892.2077922077922,1037.287569573284,1043.2115027829313,1316.851576994434,1275.5974025974026,1184.4322820037105,1024.126159554731,1091.2022263450835,1025.9944341372914,1103.0797773654917,957.1484230055659,1097.8812615955474,969.6994434137291,1106.0500927643784,1017.3896103896104,1061.161410018553,932.2022263450834,1073.8979591836735,1181.3580705009276,1467.69573283859,1459.6808905380333,1724.1502782931354,1445.6270871985157,1705.2615955473098,1886.2764378478664,2121.0760667903523,1520.3562152133582,1248.2207792207791,1033.6734693877552,1111.9814471243042,1111.8794063079777,1275.7866419294992,1186.4860853432283,1304.708719851577,1603.204081632653,2231.8237476808904,2673.7625231910947,2619.2411873840447,1641.8756957328385,1270.5473098330242,1099.526901669759,1135.543599257885,1026.8682745825604,1188.029684601113,1097.8812615955474,1324.948051948052,1412.717996289425,2509.387755102041,7751.894248608534,16679.31168831169,23778.39146567718,26033.400742115027,14571.849721706865,6213.677179962894,2752.5027829313544,1900.534322820037,1446.647495361781,1539.795918367347,1722.1799628942485,2056.5027829313544,1983.6901669758813,1775.5250463821892,1384.6029684601112,1423.9183673469388,1373.3803339517626,1436.9758812615955,1248.3766233766235,1208.2448979591836,1013.9369202226345,1119.8460111317254,920.1243042671614,1138.2801484230056,986.1038961038961,1092.3469387755101,959.9536178107606,990.2634508348794,862.2207792207793,953.7439703153989,941.0463821892394,1052.8794063079777,911.9443413729128,1040.9851576994433,1295.5027829313544,1421.9814471243042,1343.8756957328385,1484.3970315398888,1405.3191094619667,2906.2894248608536,7591.168831168831,12116.539888682746,16072.732838589982,16906.00927643785,9672.82745825603,4158.404452690167,2213.9703153988867,1961.5454545454545,1894.0463821892392
580.8064516129032,504.98924731182797,530.9802867383513,466.1415770609319,591.7795698924731,432.1254480286738,542.3297491039426,526.6290322580645,556.9784946236559,525.9139784946236,582.4408602150538,508.9139784946237,616.8584229390681,477.4032258064516,595.2168458781362,616.010752688172,655.9784946236559,615.573476702509,594.1362007168459,570.3172043010753,608.9426523297491,570.0017921146954,680.9767025089606,600.0268817204301,696.6218637992831,678.1200716845879,651.2849462365591,592.9659498207885,643.5394265232975,582.7240143369175,693.483870967742,612.2437275985664,708.5179211469534,637.3046594982079,711.2347670250896,612.4856630824373,731.3566308243728,592.0017921146954,712.589605734767,599.4964157706094,711.5304659498208,643.1702508960574,628.31541218638,719.421146953405,670.258064516129,534.3817204301075,649.0,727.5770609318996,752.5555555555555,630.9964157706094,723.9354838709677,691.5,717.5179211469534,692.084229390681,747.3602150537635,599.3512544802867,725.9444444444445,653.6953405017921,691.3100358422939,634.9784946236559,701.7060931899641,640.8888888888889,689.5179211469534,625.7921146953405,740.4032258064516,657.2132616487455,729.6397849462365,672.4283154121864,622.7724014336918,729.6379928315412,681.2311827956989,672.1648745519714,726.1111111111111,644.4390681003584,715.6899641577061,678.6720430107526,742.1326164874552,681.3637992831541,694.2795698924731,823.8405017921147,773.2132616487455,675.4820788530466,733.5304659498208,718.399641577061,742.1953405017921,697.2939068100359,782.568100358423,651.6989247311828,711.2849462365591,714.3440860215054,749.505376344086,663.5573476702509,779.2795698924731,762.2311827956989,726.4372759856631,751.1505376344086,753.2670250896057,727.6290322580645,790.7078853046595,703.1899641577061,792.2885304659499,716.5609318996416,752.4659498207885,707.1021505376344,680.7078853046595,696.1863799283154,812.8064516129032,670.7383512544803,768.347670250896,703.2204301075269,646.8906810035842,840.084229390681,833.2759856630825,745.5125448028674,777.8888888888889,737.6362007168459,843.2491039426524,717.2329749103943,800.7096774193549,772.1057347670251,770.6935483870968,777.6720430107526,825.5627240143369,740.1505376344086,798.2043010752689,708.8387096774194,770.6200716845879,722.2186379928315,845.6362007168459,798.5394265232975,819.1720430107526,762.5609318996416,842.1021505376344,739.4713261648745,755.8082437275986,740.6541218637993,818.5645161290323,779.8727598566309,823.3458781362007,670.1326164874552,774.6362007168459,693.3512544802867,677.3637992831541,824.18458781362,860.6827956989247,758.5250896057348,781.1129032258065,777.4014336917563,788.0430107526881,800.8888888888889,788.9802867383513,729.3387096774194,770.3548387096774,747.5340501792115,849.0967741935484,803.9014336917563,789.3082437275986,783.763440860215,768.1899641577061,690.8172043010753,834.1756272401434,800.679211469534,768.3548387096774,782.084229390681,834.0125448028674,776.0394265232975,800.8691756272401,798.1505376344086,849.6810035842294,718.3602150537635,868.668458781362,800.3673835125448,845.3351254480286,773.9874551971326,742.2688172043011,870.3781362007169,890.6039426523297,777.4175627240144,854.0286738351255,759.8100358422939,898.1487455197133,791.2437275985664,801.258064516129,802.7795698924731,771.9784946236559,757.8763440860215,835.652329749104,816.4659498207885,796.2293906810036,822.568100358423,826.6236559139785,812.0609318996416,845.2491039426524,778.5071684587814,861.5232974910394,769.2258064516129,863.3853046594982,821.3620071684588,829.3189964157706,887.3064516129032,806.9731182795699,835.005376344086,874.7311827956989,825.4408602150538,853.9068100358423,774.989247311828,736.2293906810036,913.7544802867384,818.0555555555555,836.7383512544803,873.8691756272401,805.1559139784946,862.1146953405018,796.0716845878136,856.831541218638,816.5394265232975,865.2867383512545,783.4426523297491,822.3046594982079,796.652329749104,846.8888888888889,843.673835125448,880.4390681003584,813.6111111111111,875.8082437275986,864.5071684587814,833.8763440860215,788.405017921147,819.1648745519714,871.3637992831541,879.3853046594982,845.6129032258065,869.336917562724,876.921146953405,866.3870967741935,874.2562724014336,804.926523297491,783.0340501792115,783.899641577061,917.0340501792115,869.3637992831541,828.5770609318996,792.4820788530466,816.8351254480286,826.4677419354839,808.7867383512545,851.0412186379929,754.8566308243728,814.236559139785,838.4498207885305,785.915770609319,831.8387096774194,771.1487455197133,774.426523297491,841.8906810035842,796.836917562724,798.8673835125448,809.7867383512545,842.9121863799284,835.6146953405018,835.4354838709677,856.9032258064516,873.247311827957,766.3512544802867,893.0215053763441,810.1953405017921,844.926523297491,884.5340501792115,837.2562724014336,815.4749103942652,884.5465949820789,950.6666666666666,898.3888888888889,815.3799283154121,946.6559139784946,859.6899641577061,867.4820788530466,868.4193548387096,853.8853046594982,845.347670250896,882.7670250896057,780.016129032258,816.7670250896057,852.0770609318996,848.4426523297491,884.2706093189964,859.7849462365591,878.5645161290323,856.9444444444445,782.7706093189964,880.84229390681,810.4014336917563,838.9659498207885,845.3028673835125,875.5125448028674,847.2096774193549,889.0752688172043,800.3655913978495,865.736559139785,818.7311827956989,864.9982078853046,816.8297491039426,788.5698924731183,975.8799283154121,899.1326164874552,893.0340501792115,834.0179211469534,812.7939068100359,865.1559139784946,840.8853046594982,856.741935483871,888.2652329749104,828.7688172043011,835.4928315412186,894.6935483870968,832.3494623655914,912.5591397849462,816.7096774193549,849.5179211469534,870.5770609318996,901.741935483871,858.7706093189964,900.2849462365591,902.0358422939069,891.1971326164875,845.7168458781362,880.3494623655914,892.4713261648745,839.2598566308244,918.0448028673835,916.741935483871,857.4623655913979,902.2491039426524,815.8010752688172,781.6827956989247,1017.6756272401434,1044.4856630824372,928.0250896057348,918.1989247311828,911.0663082437276,951.3512544802867,846.6057347670251,921.3799283154121,840.9910394265233,884.2025089605735,941.2544802867384,823.2616487455197,918.0376344086021,977.6146953405018,922.331541218638,962.7831541218638,910.3870967741935,916.0663082437276,901.9086021505376,941.5698924731183,942.3243727598566,931.0985663082437,892.2903225806451,901.1756272401434,892.2311827956989,876.0358422939069,881.4014336917563,930.7204301075269,928.3637992831541,932.399641577061,853.2168458781362,824.8906810035842,963.2150537634409,960.3458781362007,923.2078853046595,952.4247311827957,1005.6254480286739,1101.415770609319,1026.7293906810037,958.8888888888889,914.5376344086021,915.6164874551971,921.4587813620071,969.663082437276,916.5483870967741,933.4283154121864,973.2903225806451,980.5878136200716,965.9713261648745,985.9372759856631,912.6362007168459,1003.6218637992831,929.8010752688172,984.1612903225806,957.0125448028674,1030.5985663082438,1002.1989247311828,948.5716845878136,932.6129032258065,963.3297491039426,909.247311827957,960.0770609318996,923.5448028673835,853.421146953405,1062.7956989247311,948.4408602150538,967.4193548387096,999.0268817204301,944.8279569892474,1025.594982078853,964.4820788530466,975.0304659498208,1039.6039426523298,1018.9229390681004,946.7885304659499,1005.173835125448,938.247311827957,947.5071684587814,1002.0591397849462,1067.9247311827958,1033.6774193548388,1071.016129032258,1006.5143369175627,1025.6612903225807,985.3010752688172,987.4462365591398,1042.8225806451612,995.247311827957,1002.2706093189964,1064.65770609319,1036.4516129032259,1046.63082437276,1022.4444444444445,1055.388888888889,919.0985663082437,974.7992831541219,1197.3172043010752,1028.032258064516,1112.3351254480287,1077.3351254480287,1039.5770609318997,1144.6344086021506,1190.8010752688172,1233.2043010752689,1059.0376344086021,1058.858422939068,982.2132616487455,975.1075268817204,1029.784946236559,1056.931899641577,1010.6953405017921,1059.3548387096773,1007.8709677419355,1057.051971326165,1035.0017921146953,1008.7903225806451,987.5430107526881,1080.6344086021506,1003.3225806451613,1062.725806451613,1106.7437275985662,1073.8817204301076,1012.2258064516129,954.1272401433691,966.3189964157706,1007.3118279569892,940.679211469534,956.741935483871,1081.646953405018,1091.0089605734768,956.8584229390681,1002.6254480286739,1049.0143369175628,1199.888888888889,1151.7885304659499,1139.8082437275987,974.5071684587814,1025.894265232975,1018.2795698924731,1052.700716845878,1166.5967741935483,1182.1146953405018,1134.915770609319,1003.0609318996416,992.2060931899641,1013.1182795698925,1028.7275985663082,1132.1326164874552,1100.010752688172,1079.6272401433691,1031.6182795698924,1058.7956989247311,1066.231182795699,1244.0430107526881,1214.65770609319,1266.2275985663082,1106.4462365591398,1086.2240143369177,992.7186379928315,983.2491039426524,1119.5071684587813,1061.5483870967741,981.9247311827957,1089.1397849462367,1094.7921146953406,1099.9587813620071,1131.3387096774193,1092.926523297491,1042.358422939068,1094.7114695340501,1139.5089605734768,1252.505376344086,1063.3602150537633,1111.2401433691757,1109.399641577061,1167.3279569892472,1163.715053763441,1130.5232974910393,1061.4068100358422,1253.5304659498208,1176.4587813620071,1122.5806451612902,1101.3010752688172,1130.7078853046594,1120.02688172043,1166.284946236559,1109.853046594982,1095.836917562724,1031.4569892473119,1109.421146953405,1044.2562724014338,955.3763440860215,1161.7508960573477,1114.7813620071684,1081.47311827957,1098.3405017921148,1127.3279569892472,1213.5376344086021,1076.8118279569892,1154.7831541218638,1177.6774193548388,1079.804659498208,1127.2329749103942,1109.421146953405,988.1326164874552,1147.9623655913979,1070.5537634408602,1076.6756272401433,1000.7652329749104,1123.394265232975,1082.7670250896058,1064.9587813620071,1067.978494623656,1038.8297491039427,997.5232974910394,1101.725806451613,1063.2222222222222,1089.5752688172042,1089.826164874552,1148.268817204301,1025.9659498207886,1115.5017921146953,1037.089605734767,1085.6774193548388,1101.0591397849462,1183.636200716846,1156.1451612903227,1117.9229390681003,1182.3297491039427,1264.1666666666667,1141.2078853046594,1203.8189964157707,1153.86917562724,1278.4551971326164,1163.7240143369177,1208.4749103942652,1152.9874551971327,1013.847670250896,1096.3494623655913,1203.1594982078852,1157.336917562724,1185.2222222222222,1042.111111111111,1070.4713261648747,1051.2437275985662,1257.0913978494623,1290.094982078853,1238.858422939068,1109.478494623656,1040.6344086021506,1004.0448028673835,1200.6989247311828,1142.173835125448,1310.4390681003583,1155.9032258064517,1106.9068100358422,1275.679211469534,1429.0358422939069,1275.3817204301076,1151.0913978494623,1036.9247311827958,1091.9605734767026,1043.2706093189963,1131.9982078853047,1156.6863799283153,1164.5931899641578,1099.4695340501792,1083.994623655914,1044.7777777777778,1167.7867383512544,1158.5340501792114,1257.1594982078852,1050.784946236559,1162.18458781362,1020.4498207885305,1117.4444444444443,1111.888888888889,1362.2383512544802,1054.0824372759857,1043.7347670250897,1005.736559139785,1139.200716845878,1158.4551971326164,1274.116487455197,1039.799283154122,1044.388888888889,936.2025089605735,1084.8602150537633,1269.7831541218638,1253.3870967741937,1087.016129032258,1136.5143369175628,1077.700716845878,1234.421146953405,1160.105734767025,1154.8548387096773,1117.010752688172,1115.8172043010752,1188.6612903225807,1254.641577060932,1079.584229390681,1023.5340501792115,1085.47311827957,1296.3620071684588,1425.078853046595,1583.673835125448,1246.0071684587813,1208.195340501792,1109.1433691756272,1106.6129032258063,1072.0179211469533,1116.7401433691757,1083.3136200716847,1294.0501792114696,1053.3566308243728,1072.2078853046594,963.8530465949821,1015.8100358422939,956.679211469534,1011.4498207885305,1079.0358422939069,1238.8064516129032,1186.8745519713261,1101.4068100358422,1020.4551971326165,1108.4301075268818,1064.2544802867383,1142.6200716845879,1156.1505376344087,1118.7903225806451,1023.5555555555555,1034.1397849462367,983.7186379928315,1040.858422939068,1003.3243727598566,1119.1648745519713,1078.7885304659499,1165.9551971326164,1192.089605734767,1348.3960573476702,1073.4498207885304,1101.836917562724,1009.3799283154121,1025.5967741935483,977.5430107526881,1107.4462365591398,1038.2831541218638,1202.9247311827958,1239.3351254480287,1504.5089605734768,1546.1612903225807,1180.8727598566309,1182.6917562724013,1191.2544802867383,1092.3082437275987,1496.363799283154,1719.7903225806451,1631.9982078853047,1801.8405017921148,1498.2114695340501,1083.63082437276,1163.6827956989248,1063.7598566308243,1174.81541218638,1173.3924731182797,1484.967741935484,1814.2043010752689,1553.578853046595,1410.331541218638,1588.578853046595,1457.3763440860216,1492.8064516129032,1394.304659498208,1764.31541218638,2570.7921146953404,3109.6881720430106,2402.5,1892.0232974910393,1523.7616487455198,1500.9014336917562,1608.6917562724013,2316.7365591397847,2601.6827956989246,1553.9498207885304,1384.641577060932,1331.4713261648747,1329.8494623655913,1334.4301075268818,1165.5,1309.8781362007169,1217.2562724014338,1571.8727598566309,1688.320788530466,1421.9874551971327,1139.9695340501792,1230.0931899641578,1182.953405017921,1487.8494623655913,1908.7437275985662,2379.4641577060934,2569.4283154121863,2142.2078853046596,1450.8440860215053,1716.2043010752689,1399.931899641577,1398.4014336917562,1551.241935483871,1975.863799283154,1698.863799283154,1354.268817204301,1468.8351254480287,1408.2974910394266,1414.7401433691757,1890.9605734767026,1589.600358422939,1419.200716845878,1595.6702508960573,1502.826164874552,1212.1666666666667,1352.4139784946237,1565.6218637992831,2164.195340501792,1756.4928315412187,1823.7222222222222,1537.1433691756272,1367.8727598566309,1265.1971326164874,1321.557347670251,1411.2132616487456,1755.9749103942652,1896.1935483870968,1841.1200716845879,2393.5232974910396,3081.94623655914,3717.1272401433694,2924.1971326164876,2372.310035842294,1903.557347670251,1718.1505376344087,1486.562724014337,1207.0913978494623,1335.3387096774193,1492.4086021505377,1926.4229390681003,2369.7491039426523,1720.078853046595,1339.331541218638,1308.8673835125448,1465.094982078853,1507.9874551971327,1154.2903225806451,1389.8566308243728,1448.3673835125448,1947.7598566308243,2840.3333333333335,3442.9928315412185,1747.6917562724013,1438.9713261648747,1354.9982078853047,1789.336917562724,2276.853046594982,2134.4641577060934,1483.179211469534,1437.274193548387,1365.9354838709678,1644.3064516129032,1513.3351254480287,1843.0071684587813,2528.059139784946,3425.1971326164876,2155.4426523297493,2199.6810035842295,2406.7921146953404,1692.7508960573477,1373.7562724014338,1476.2903225806451,1705.989247311828,2534.7759856630823,3152.569892473118,2362.7204301075267,1702.163082437276,1806.7670250896058,2233.10394265233,1556.853046594982,1221.863799283154,1370.4605734767026,1231.0985663082438,1305.062724014337,1274.0501792114696,1526.0286738351253,1240.0143369175628,1377.6182795698924,1235.3817204301076,1242.0340501792114,1152.6200716845879,1272.516129032258,1317.3799283154121,1692.3906810035842,1621.994623655914,1849.241935483871,1369.9283154121863,1396.7706093189963,1208.5340501792114,1314.673835125448,1405.7168458781362,1622.8548387096773,1623.4444444444443,1752.7652329749103,1667.3745519713261,1696.2132616487456,1493.6971326164874,1612.284946236559,1814.1774193548388,1660.2491039426523,1600.3279569892472,2068.6541218637994,1849.2813620071684,1641.6218637992831,1479.4354838709678,1470.0035842293908,1417.02688172043,1789.8189964157707,2290.2544802867383,2542.71146953405,1742.7724014336918,1377.4982078853047,1450.2222222222222,2004.0770609318997,1619.4659498207886,1848.3602150537633,1990.4121863799282,1968.3172043010752,1865.551971326165,1781.215053763441,1603.448028673835,1714.7813620071684,1342.3297491039427,1437.774193548387,1393.652329749104,1517.1397849462367,1401.7598566308243,1502.7616487455198,1373.6559139784947,1525.5017921146953,1764.505376344086,1669.4014336917562,1447.0250896057348,1563.8172043010752,1490.7939068100359,1614.0752688172042,1814.562724014337,1890.9802867383512,1825.8727598566309,1815.410394265233,1680.353046594982,1953.921146953405,2262.2562724014338,2675.8673835125446,2678.1290322580644,2261.0465949820787,1876.1146953405018,2184.3440860215055,2217.136200716846,2057.8835125448027,1979.810035842294,2016.215053763441,1854.4247311827958,1883.078853046595,1780.8136200716847,1743.448028673835,1786.636200716846,1881.0358422939069,1793.8745519713261,2902.0250896057346,2962.037634408602,1971.195340501792,1835.6200716845879,2156.0232974910396,1600.584229390681,1872.7508960573477,1729.394265232975,1663.7939068100359,1821.7132616487456,2227.2652329749103,2806.4910394265235,3024.7401433691757,1793.2114695340501,2045.405017921147,2814.0860215053763,4025.494623655914,4921.960573476703,3785.9157706093188,2443.3996415770607,1999.8494623655913,2293.9390681003583,2866.7652329749103,3139.0770609318997,4211.632616487455,4058.5089605734765,3983.0716845878137,4697.073476702509,5125.632616487455,4850.965949820788,3286.76164874552,2627.7150537634407,3272.2974910394264,2292.5609318996417,1695.6648745519713,1715.1326164874552,2091.7562724014338,2152.7795698924733,2091.0358422939066,1860.0430107526881,2102.76164874552,2198.521505376344,1805.1971326164874,1953.65770609319,3026.6057347670253,3082.71146953405,2481.1057347670253,2201.5609318996417,2455.3673835125446,1879.9820788530467,1964.736559139785,2148.532258064516,2596.4444444444443,2739.3655913978496,2437.385304659498,1848.8709677419354,1668.4336917562723,1508.2401433691757,1923.421146953405,2618.9390681003583,2934.9964157706095,2400.9211469534052,2181.810035842294,1893.0340501792114,2615.2078853046596,2911.3978494623657,2371.9121863799282,3106.0125448028675,3289.7956989247314,2507.7293906810037,3079.494623655914,2992.0448028673836,2995.6881720430106,2330.3512544802866,1947.1827956989248,2175.152329749104,2901.0609318996417,3922.5734767025087,5062.20788530466,4416.6792114695345,4390.86917562724,3561.4802867383514,3465.1648745519715,3176.6935483870966,3590.2258064516127,4023.0448028673836,3816.8709677419356,4560.659498207885,4759.555555555556,3145.141577060932,2457.043010752688,1953.6774193548388,2300.0555555555557,2513.7473118279568,3439.7293906810037,3733.663082437276,3420.6111111111113,3567.1702508960575,3863.4086021505377,4711.426523297491,5207.474910394265,3584.2526881720432,4073.858422939068,3931.8888888888887,3025.5752688172042,3379.021505376344,4082.673835125448,3651.4318996415773,3474.793906810036,3055.663082437276,3921.8870967741937,3923.4103942652328,4013.5949820788533,3997.716845878136,4753.752688172043,3737.4605734767024,3164.3888888888887,3115.7473118279568,3797.326164874552,3850.6917562724016,3284.5806451612902,2473.5716845878137,2004.268817204301,1585.2706093189963,1816.353046594982,1656.826164874552,1527.36917562724,1485.5501792114696,1681.078853046595,1436.215053763441,1503.1451612903227,1503.6487455197132,1498.5017921146953,1446.2652329749103,1552.8494623655913,1657.8082437275987,1830.195340501792,1769.2885304659499,2595.71146953405,3431.6612903225805,2983.3566308243726,2218.6720430107525,1555.141577060932,1333.331541218638,1636.9856630824372,1892.937275985663,2210.3010752688174,1492.1881720430108,1664.084229390681,1560.5591397849462,1692.3602150537633,1839.15770609319,1851.5304659498208,1297.9032258064517,1422.8566308243728,1459.779569892473,1703.5304659498208,1836.8512544802868,2051.363799283154,2553.5860215053763,3143.36917562724,2378.7132616487456,2067.7741935483873,2289.6989247311826,1646.9068100358422,1415.2759856630823,1504.5071684587813,1450.4587813620071,1789.016129032258,2483.9910394265235,3112.0860215053763,1861.4587813620071,1959.63082437276,2307.5,2809.1505376344085,3511.7580645161293,2515.9175627240143,1763.1594982078852,2468.451612903226,2064.0412186379926,1698.3405017921148,1343.263440860215,1714.983870967742,2068.1917562724016,2637.804659498208,1918.6666666666667,2283.7311827956987,2398.7204301075267,2183.363799283154,1363.720430107527,1506.0985663082438,1540.8960573476702,1965.7670250896058,2706.1021505376343,4544.600358422939,5541.295698924731,5804.448028673835,3219.7437275985662,1800.8727598566309,1382.7759856630823,1426.2168458781362,1264.310035842294,1498.2562724014338,1523.4390681003583,2127.569892473118,2460.037634408602,3022.7634408602153,3516.2311827956987,4230.281362007168,2201.0949820788533,1938.2777777777778,1838.774193548387,2069.3172043010754,2155.564516129032,3081.2688172043013,3952.4336917562723,3226.8189964157705,2365.2311827956987,3156.836917562724,2380.7849462365593,1628.7455197132617,1458.1272401433691,1748.9498207885304,2127.31541218638,3256.4086021505377,2554.6344086021504,1846.0878136200718,1775.7347670250897,2062.0197132616486,2167.4103942652328,2427.548387096774,2023.9444444444443,1720.5985663082438,2108.2956989247314,2141.0896057347672,1986.9283154121863,3184.8243727598565,2958.3602150537636,1916.057347670251,1822.3243727598567,2770.4283154121863,2891.8082437275984,2353.320788530466,2694.7491039426523,3909.064516129032,5318.236559139785,3749.0412186379926,1973.967741935484,1603.399641577061,1288.2759856630823,1453.3781362007169,1400.6272401433691,1833.921146953405,1560.7813620071684,1468.2706093189963,1276.836917562724,1355.646953405018,1107.0143369175628,1244.847670250896,1282.299283154122,1337.1039426523298,1368.2670250896058,1369.8028673835126,1105.5035842293908,1445.1863799283153,1459.7043010752689,1350.589605734767,1129.9229390681003,1266.668458781362,1129.4193548387098,1257.8978494623657,1193.6290322580646,1345.7831541218638,1108.6039426523298,1268.31541218638,1093.9301075268818,1410.715053763441,1214.0197132616488,1255.9874551971327,1111.97311827957,1226.089605734767,1140.2186379928316,1232.594982078853,1218.3906810035842,1472.8799283154121,1160.9229390681003,1244.546594982079,1146.1236559139784,1228.0752688172042,1078.18458781362,1169.731182795699,1345.7437275985662,1523.9569892473119,1508.953405017921,1436.3745519713261,1416.7956989247311,1758.6971326164874,1827.9569892473119,1614.3512544802868,1739.4390681003583,2378.4157706093188,1590.1720430107528,1304.116487455197,1160.8010752688172,1265.1917562724013,1258.752688172043,1182.6971326164874,1097.8655913978494,1323.9121863799282,1076.3010752688172,1295.7724014336918,1108.9713261648747,1268.331541218638,1188.521505376344,1181.9910394265232,1096.9139784946237,1203.763440860215,1206.8924731182797,1565.3172043010752,1818.2777777777778,1666.799283154122,1357.2652329749103,1326.0824372759857,1498.5698924731182,1481.605734767025,1276.0376344086021,1440.4713261648747,1473.5860215053763,1663.5125448028673,1293.7168458781362,1194.5501792114696,1173.1559139784947,1307.100358422939,1279.1451612903227,1717.5645161290322,2005.326164874552,1819.3566308243728,1289.725806451613,1361.7652329749103,1453.2025089605734,1936.894265232975,1444.5143369175628,1467.347670250896,1566.7222222222222,1930.3924731182797,2092.8817204301076,2096.7025089605736,1629.3960573476702,1499.3745519713261,1345.7831541218638,1675.7043010752689,1354.7939068100359,1278.5591397849462,1081.4139784946237,1256.5232974910393,1415.573476702509,1466.1971326164874,1541.4336917562723,1768.763440860215,1429.2616487455198,1749.4068100358422,2164.8709677419356,2284.6881720430106,1591.7347670250897,1720.195340501792,1856.3978494623657,1666.9605734767026,1564.8853046594982,1794.5501792114696,1946.4623655913979,2255.3709677419356,1611.3172043010752,1923.9641577060931,2271.4121863799282,2998.7544802867383,1932.3799283154121,1791.7293906810037,1717.8028673835126,1797.9982078853047,2249.0286738351256,3661.6917562724016,4600.806451612903,3420.435483870968,2782.89605734767,3329.3512544802866,2061.456989247312,1684.836917562724,2035.3225806451612,2903.5663082437277,2403.28853046595,2727.4139784946237,2456.4086021505377,2636.0232974910396,2485.2365591397847,3423.7634408602153,2657.6720430107525,1942.663082437276,1539.741935483871,1750.1021505376343,2257.532258064516,2047.9623655913979,1409.7186379928316,1822.2508960573477,2740.2849462365593,3791.8727598566306,2572.4587813620074,3141.1290322580644,3221.706093189964,3120.7473118279568,4233.939068100359,3340.700716845878,2344.6057347670253,3906.173835125448,4748.186379928316,2725.7706093189963,2173.0340501792116,3349.6272401433694,5015.448028673835,5501.806451612903,4755.458781362007,3706.853046594982,2835.9444444444443,3051.9193548387098,4874.745519713261,6755.786738351255,4545.211469534051,3278.358422939068,5088.286738351255,8277.600358422938,5570.582437275985,3444.2634408602153,2102.3870967741937,1861.2025089605734,2067.847670250896,3179.4283154121863,3361.2813620071684,3401.0394265232976,4208.064516129032,6314.623655913979,4348.340501792115,2671.636200716846,2029.1146953405018,1515.7562724014338,1337.9659498207886,1658.1272401433691,1631.326164874552,2045.505376344086,3154.532258064516,3388.0573476702507,2099.521505376344,1778.768817204301,1828.005376344086,1797.252688172043,1454.0412186379929,1796.910394265233,2394.0143369175626,3466.1451612903224,2635.3835125448027,2339.3817204301076,2332.3243727598565,1764.9982078853047,1498.7240143369177,1729.5071684587813,2439.31541218638,2451.6344086021504,1612.1648745519713,1635.073476702509,1529.3440860215053,1870.331541218638,1435.5412186379929,1604.358422939068,1601.7293906810037,2243.0501792114696,2608.6218637992833,2311.1827956989246,1886.4767025089607,1588.8297491039427,1434.611111111111,1650.4121863799282,1523.7813620071684,1600.6756272401433,1915.1827956989248,1806.051971326165,1457.8870967741937,1520.2186379928316,1334.3028673835126,1613.68458781362,2159.7759856630823,3365.8727598566306,2370.3870967741937,1684.557347670251,1601.804659498208,1553.415770609319,1451.3978494623657,1737.3620071684588,1438.2025089605734,1583.1272401433691,1916.046594982079,2847.663082437276,4069.1379928315414,4224.4946236559135,1994.7078853046594,1861.7777777777778,2339.0394265232976,2619.65770609319,1660.3333333333333,1527.1612903225807,1492.5376344086021,2247.4713261648744,2092.277777777778,2616.4551971326164,3285.0896057347672,2221.1111111111113,2012.032258064516,2335.7598566308243,1628.1594982078852,1700.7329749103942,2086.3888888888887,2242.4964157706095,1361.394265232975,1400.937275985663,1182.247311827957,1316.9283154121863,1252.7974910394266,1455.1200716845879,1395.9713261648747,1891.505376344086,2797.189964157706,2338.89605734767,1278.8297491039427,1289.467741935484,1236.8189964157707,1522.1218637992831,1225.8440860215053,1460.4713261648747,1167.3799283154121,1464.752688172043,1330.1200716845879,1272.094982078853,1249.7724014336918,1347.978494623656,1358.13082437276,1912.9641577060931,2283.8655913978496,1776.268817204301,1622.336917562724,2606.7437275985662,2573.043010752688,1543.388888888889,1413.2060931899641,1641.5340501792114,1557.2096774193549,1537.2168458781362,1227.2885304659499,1537.073476702509,1882.0179211469533,2370.1863799283155,2737.652329749104,2027.7508960573477,1430.1720430107528,1619.263440860215,1680.8333333333333,2292.6756272401435,1728.8960573476702,1789.9767025089607,1741.1200716845879,2308.3136200716845,1669.4014336917562,1622.0358422939069,1923.1971326164874,2143.564516129032,1395.8351254480287,1465.9856630824372,1709.6487455197132,2932.5197132616486,3650.625448028674,2148.15770609319,1759.241935483871,1934.5179211469533,1462.7724014336918,1524.1989247311828,1526.8351254480287,1703.7724014336918,1505.3906810035842,1559.905017921147,1517.2670250896058,2305.4910394265235,4081.36917562724,4292.507168458781,1793.388888888889,1523.4032258064517,1335.421146953405,1383.7652329749103,1431.4444444444443,1659.8387096774193,1397.679211469534,1993.6702508960573,1817.2132616487456,1738.347670250896,1285.2885304659499,1282.6917562724013,1132.3279569892472,1304.057347670251,1240.2562724014338,1532.0645161290322,1758.6039426523298,1953.6612903225807,1425.967741935484,1369.978494623656,1242.005376344086,1541.4516129032259,1635.4928315412187,1758.442652329749,1749.673835125448,2306.336917562724,2048.3387096774195,1477.8118279569892,1375.9820788530467,1610.3010752688172,1884.4175627240143,2068.4211469534052,1969.5824372759857,2371.5286738351256,1894.3817204301076,1756.779569892473,1418.7043010752689,1662.8727598566309,1774.6648745519713,1838.9856630824372,1411.6881720430108,1668.8799283154121,1840.1146953405018,2863.4336917562723,4524.385304659499,4918.541218637993,1867.5376344086021,1576.6290322580646,1581.4301075268818,1451.0340501792114,1132.5483870967741,1392.5537634408602,1243.437275985663,1349.2275985663082,1503.883512544803,1514.032258064516,1221.831541218638,1409.0035842293908,1260.2831541218638,1350.3906810035842,1250.5017921146953,1535.442652329749,1420.4928315412187,1609.52688172043,1915.8458781362008,2560.293906810036,1830.731182795699,1322.9283154121863,1176.021505376344,1377.4623655913979,1332.0179211469533,1886.7974910394266,1672.0340501792114,1603.0770609318997,1224.568100358423,1577.2491039426523,1693.7096774193549,1593.358422939068,1189.8906810035842,1303.758064516129,1192.8781362007169,1251.4229390681003,1195.0430107526881,1389.0089605734768,1298.646953405018,1532.0358422939069,1472.051971326165,1550.8082437275987,1390.1863799283153,1419.3727598566309,1358.9354838709678,1652.5483870967741,2319.200716845878,2062.5501792114696,1198.442652329749,1349.5250896057348,1250.741935483871,1259.268817204301,1200.8333333333333,1429.173835125448,1541.1433691756272,2472.5358422939066,2361.8494623655915,1987.116487455197,1527.9587813620071,1777.0770609318997,1697.6290322580646,1661.0609318996417,1804.5125448028673,2611.2078853046596,3088.8494623655915,2355.55376344086,1735.2598566308243,2181.4659498207884,2419.9139784946237,2681.772401433692,1896.152329749104,2092.5071684587815,3408.6541218637994,3979.0232974910396,1896.0143369175628,1496.6039426523298,1358.9749103942652,1469.6272401433691,1384.2455197132617,1609.6935483870968,1332.5806451612902,1454.13082437276,1493.36917562724,2117.732974910394,3173.6756272401435,4736.507168458781,3117.7921146953404,2273.3602150537636,1956.274193548387,2434.853046594982,1823.65770609319,2351.5878136200718,2708.668458781362,1794.4605734767026,1462.415770609319,1863.2544802867383,2240.5394265232976,2616.200716845878,1742.5071684587813,1814.616487455197,2277.4229390681003,4049.059139784946,6131.258064516129,4273.0,3164.489247311828,2846.1272401433694,2566.0250896057346,2023.4068100358422,1617.220430107527,2004.215053763441,2647.2293906810037,5043.5053763440865,4643.322580645161,2286.9336917562723,1598.2096774193549,2028.5555555555557,2751.5663082437277,4012.3602150537636,2266.283154121864,2102.9426523297493,2546.467741935484,3807.8189964157705,2349.89605734767,1689.2401433691757,1372.2401433691757,1510.2831541218638,1572.089605734767,2143.0806451612902,2936.1290322580644,4746.4731182795695,4316.910394265233,5308.433691756272,6756.137992831541,3505.532258064516,2416.0,3608.614695340502,5656.284946236559,5553.283154121864,3059.1487455197134,2425.885304659498,3249.548387096774,6177.903225806452,7100.154121863799,2871.3387096774195,1654.4444444444443,1730.2383512544802,1812.4713261648747,1838.5591397849462,1403.3010752688172,1468.2491039426523,1476.931899641577,1939.1541218637992,1944.4713261648747,2948.4874551971325,3615.9551971326164,4487.593189964157,3337.4695340501794,4408.10752688172,6871.064516129032,5368.4874551971325,5728.978494623656,4382.621863799283,2841.7025089605736,3232.1379928315414,3601.6451612903224,2164.8082437275984,1568.136200716846,1668.3243727598567,2228.2759856630823,2560.3405017921145,1962.2096774193549,2143.10394265233,1896.4874551971327,2532.0394265232976,4382.322580645161,7108.655913978495,3462.2240143369177,2057.4767025089604,1935.1039426523298,1760.9587813620071,1809.4964157706092,2573.7311827956987,4476.401433691756,7674.0053763440865,6275.63082437276,8058.521505376344,4763.267025089605,3856.7903225806454,5226.413978494624,3763.9229390681003,2097.331541218638,1877.4301075268818,1844.4874551971327,2277.222222222222,3495.2186379928316,6090.811827956989,6398.752688172043,5801.121863799283,5311.811827956989,5584.770609318996,2673.2795698924733,2584.5734767025087,2558.7078853046596,1949.7240143369177,1596.8405017921148,1580.68458781362,1592.4587813620071,1876.4175627240143,2442.6129032258063,3897.5896057347672,3122.559139784946,4699.673835125448,4394.63082437276,5837.471326164875,7224.6612903225805,10378.220430107527,17964.11827956989,13353.682795698925,4456.8351254480285,2623.3870967741937,2576.5770609318997,4459.8422939068105,4507.79211469534,5618.492831541219,9579.019713261649,7326.555555555556,3259.1487455197134,1825.388888888889,1598.967741935484,2142.9641577060934,3018.3225806451615,4855.137992831541,4942.621863799283,6169.888888888889,3404.8082437275984,1864.4247311827958,1589.8225806451612,1633.7867383512544,1566.689964157706,1892.6594982078852,2280.8297491039425,3365.6129032258063,6491.267025089605,5101.799283154121,2196.440860215054,2166.3709677419356,2607.722222222222,4512.4982078853045,4489.8100358422935,7624.003584229391,6269.419354838709,4153.120071684588,1995.9874551971327,1767.363799283154,1882.668458781362,2124.9964157706095,2242.2974910394264,3787.9498207885304,7325.037634408603,5947.602150537635,2485.26164874552,1866.410394265233,1465.2222222222222,1567.3566308243728,1544.2921146953406,1608.1451612903227,1646.136200716846,2252.6774193548385,1990.6039426523298,2000.5663082437277,2732.879928315412,2909.3888888888887,3096.47311827957,5999.654121863799,8997.951612903225,5592.568100358423,7102.129032258064,5749.715053763441,2481.3888888888887,2131.3351254480285,1776.0125448028673,2121.52688172043,1506.47311827957,1569.200716845878,1512.967741935484,1498.1129032258063,1622.7347670250897,2428.1774193548385,4163.854838709677,8410.381720430107,5563.741935483871,3005.3727598566306,1775.2777777777778,1574.4982078853047,1357.4587813620071,1343.4623655913979,1386.7060931899641,1483.5250896057348,1372.478494623656,1673.516129032258,2084.064516129032,2863.0448028673836,5363.594982078853,5832.822580645161,2387.0555555555557,2069.6541218637994,1995.5232974910393,2023.0125448028673,1546.2616487455198,1699.804659498208,1587.9354838709678,1543.5752688172042,1593.34229390681,2454.930107526882,2893.3333333333335,5693.956989247312,3326.2795698924733,1755.5358422939069,1394.741935483871,1477.3136200716847,1372.1129032258063,1477.7921146953406,1423.4032258064517,1532.3978494623657,1457.3655913978494,1817.8118279569892,2178.462365591398,4133.854838709677,4113.159498207885,2455.21146953405,2265.7473118279568,2248.668458781362,1715.8655913978494,1747.4856630824372,1500.0501792114696,1598.6827956989248,1641.4964157706092,2047.1379928315412,2675.3709677419356,3939.5967741935483,8748.501792114695,15125.521505376344,10399.075268817205,4184.4910394265235,2220.8817204301076,2151.8655913978496,1511.4121863799282,1448.8673835125448,1218.2078853046594,1343.0698924731182,1168.5376344086021,1267.9175627240143,1128.4874551971327,1280.0537634408602,1166.9551971326164,1323.9713261648747,1390.6182795698924,1718.1505376344087,1504.326164874552,1611.2096774193549,1645.6272401433691,1443.1075268817203,1335.905017921147,1417.021505376344,1218.6182795698924,1482.5483870967741,1852.2706093189963,2774.1702508960575,1645.4695340501792,1457.1720430107528,1387.7544802867383,1954.0878136200718,2088.5842293906812,2282.5878136200718,1761.2598566308243,1567.8387096774193,1345.388888888889,1762.763440860215,1286.284946236559,1580.7724014336918,2149.7562724014338,3985.885304659498,3248.6236559139784,1951.562724014337,1317.200716845878,1364.4301075268818,1408.9014336917562,1629.4569892473119,1227.13082437276,1291.0358422939069,1202.921146953405,1502.0340501792114,1944.652329749104,1879.9910394265232,2103.5663082437277,2343.6075268817203,1681.2329749103942,1736.3620071684588,1544.173835125448,1497.241935483871,1278.7293906810037,1428.3906810035842,1332.189964157706,1723.81541218638,1927.4928315412187,1813.6810035842293,1537.9964157706092,2014.6093189964158,2443.9767025089604,2906.456989247312,2884.6756272401435,2664.2813620071684,1848.983870967742,1535.8566308243728,1396.1612903225807,1550.6935483870968,1566.5967741935483,1605.8906810035842,1421.6971326164874,1596.863799283154,1876.3548387096773,2650.0519713261647,2983.374551971326,2045.062724014337,2230.6612903225805,2733.956989247312,2397.86917562724,2268.7347670250897,1891.4713261648747,2459.374551971326,2987.5286738351256,3513.8333333333335,2986.2956989247314,2158.8817204301076,1761.336917562724,2199.1559139784945,3312.625448028674,3281.505376344086,2650.8870967741937,2454.2706093189963,1770.853046594982,1960.858422939068,1561.0412186379929,1869.1935483870968,2017.8548387096773,2641.069892473118,2323.559139784946,2060.5860215053763,2187.7311827956987,1883.4462365591398,1506.7293906810037,1527.8566308243728,1517.9301075268818,1852.1720430107528,1699.3548387096773,1565.8010752688172,1525.0089605734768,1917.2329749103942,1672.4856630824372,2403.3942652329747,3133.032258064516,2144.9964157706095,1655.168458781362,2275.114695340502,2790.2401433691757,2367.1111111111113,2927.6594982078855,5137.8207885304655,4281.218637992832,2675.390681003584,2396.86917562724,2126.930107526882,2017.4014336917562,2190.569892473118,1982.9175627240143,2391.6003584229393,1619.2401433691757,1770.2078853046594,1884.7437275985662,1839.7132616487456,2156.0143369175626,3083.478494623656,1988.3799283154121,1757.34229390681,1984.326164874552,2680.0573476702507,3246.727598566308,5276.562724014337,7391.688172043011,4658.745519713261,2859.831541218638,2430.6451612903224,3093.3888888888887,5835.636200716845,8248.602150537634,4044.037634408602,2465.5,2989.0017921146955,4775.075268817204,5324.989247311828,4597.5053763440865,2297.2078853046596,1794.225806451613,1833.910394265233,1467.4982078853047,2116.4713261648744,2147.6827956989246,4245.007168458781,3018.5752688172042,2001.4301075268818,1785.405017921147,1933.3906810035842,2515.5806451612902,3308.78853046595,3815.4498207885304,5629.041218637993,6987.021505376344,9337.53405017921,9593.36559139785,5660.489247311828,7468.955197132616,11645.962365591398,6509.492831541219,4516.344086021505,5450.362007168459,3605.6666666666665,3848.3655913978496,3227.141577060932,2809.4641577060934,4997.408602150537,8148.985663082437,4681.754480286739,3962.537634408602,7746.876344086021,10092.078853046594,4318.200716845879,2637.732974910394,3073.9910394265235,4116.928315412187,9816.051971326166,11951.672043010753,5755.453405017921,5872.840501792115,8372.905017921146,5043.010752688172,3792.4856630824374,4148.9946236559135,4358.055555555556,4038.1433691756274,2558.689964157706,2198.1344086021504,3651.3297491039425,3849.1021505376343,4026.3835125448027,2600.179211469534,2088.3243727598565,2481.6397849462364,2252.2150537634407,1640.0824372759857,1859.4032258064517,2426.5627240143367,4987.333333333333,4068.8458781362006,2222.8512544802866,1607.3225806451612,1546.584229390681,1574.9408602150538,2211.7132616487456,3502.7813620071684,5616.123655913979,2733.2132616487456,2408.0860215053763,3030.799283154122,4929.465949820788,10158.637992831542,7557.299283154121,3744.304659498208,2463.8064516129034,1847.6218637992831,2322.1182795698924,2633.2491039426523,2136.8064516129034,1899.505376344086,2126.1397849462364,2484.2455197132617,3202.1236559139784,2054.6594982078855,1749.5913978494623,1671.032258064516,1786.9856630824372,2063.293906810036,1846.4587813620071,1631.7186379928316,1725.9247311827958,1768.0591397849462,1677.8010752688172,1515.1254480286739,1743.804659498208,1574.1254480286739,1530.3906810035842,1504.2222222222222,2523.799283154122,3022.7437275985662,4384.388888888889,2394.663082437276,1696.8297491039427,1449.0376344086021,1719.005376344086,1430.7813620071684,1578.2025089605734,1723.6863799283153,3287.462365591398,3630.6702508960575,2209.777777777778,1933.7222222222222,3198.810035842294,7935.862007168459,5894.698924731183,2534.440860215054,1881.2939068100359,1580.81541218638,1579.5806451612902,1471.6218637992831,1439.8028673835126,1458.7437275985662,1721.7724014336918,2441.598566308244,2226.336917562724,1557.2329749103942,1529.0770609318997,1549.2240143369177,1698.720430107527,1509.2544802867383,2296.4982078853045,2046.3279569892472,2835.1129032258063,5311.725806451613,7197.870967741936,3239.86917562724,2143.6541218637994,1722.36917562724,1637.7401433691757,1445.0663082437277,1995.9641577060931,2270.0734767025087,3540.879928315412,3391.9229390681003,2090.9139784946237,1589.9175627240143,1449.6935483870968,1229.7616487455198,1317.7329749103942,1180.3566308243728,1322.168458781362,1423.2132616487456,1922.3458781362008,1322.02688172043,1231.0913978494623,1066.7867383512544,1153.3351254480287,1073.3763440860216,1181.2508960573477,1111.84229390681,1344.078853046595,1310.52688172043,2087.6129032258063,2912.2508960573477,7849.050179211469,10302.191756272401,5411.9229390681,3122.227598566308,2030.921146953405,1409.1451612903227,1414.6039426523298,1539.3548387096773,1548.715053763441,1209.2724014336918,1314.215053763441,1146.1344086021506,1289.111111111111,1688.3763440860216,2757.9641577060934,2230.3387096774195,1624.8297491039427,1406.1344086021506,1504.7706093189963,1270.1505376344087,1330.8243727598567,1261.953405017921,1437.6344086021506,1306.9336917562723,1522.0698924731182,1340.0591397849462,1546.8118279569892,1773.3405017921148,2102.8673835125446,2226.5949820788533,2493.559139784946,1655.86917562724,1556.9175627240143,1312.111111111111,1370.1935483870968,1348.437275985663,1837.905017921147,2278.3888888888887,1832.2777777777778,1406.804659498208,1441.5609318996417,1431.7293906810037,1448.1451612903227,1184.0394265232974,1170.36917562724,1343.1559139784947,1428.3673835125448,1329.636200716846,1817.0358422939069,1550.1594982078852,1633.0125448028673,1816.116487455197,1680.4336917562723,1531.3781362007169,1635.268817204301,1540.5304659498208,1849.1200716845879,1647.8064516129032,2287.0734767025087,1763.4856630824372,1475.2132616487456,1342.1756272401433,1827.652329749104,1200.0143369175628,1394.5698924731182,1259.421146953405,1449.6612903225807,1524.584229390681,1635.4569892473119,1538.7939068100359,1600.5645161290322,1312.15770609319,1394.641577060932,1476.3745519713261,1554.6827956989248,1261.8458781362008,1391.5,1669.326164874552,1797.7240143369177,2184.1541218637994,1924.5143369175628,1686.6200716845879,1581.994623655914,1343.051971326165,1445.2921146953406,1364.489247311828,1509.7491039426523,1306.084229390681,1424.1559139784947,1428.9247311827958,1449.8172043010752,1267.2867383512544,1398.7903225806451,1280.252688172043,1799.6326164874552,1289.1720430107528,1440.4641577060931,1610.68458781362,2115.2078853046596,1562.9874551971327,1673.9605734767026,1910.600358422939,3413.2706093189963,3088.8781362007167,4559.084229390681,2980.9103942652328,2258.2025089605736,1755.7132616487456,1575.062724014337,1415.68458781362,1503.7885304659499,1232.2508960573477,1348.0232974910393,1229.7437275985662,1423.7293906810037,1448.7078853046594,2107.7652329749103,2957.0412186379926,2779.4551971326164,3173.6182795698924,2537.0179211469535,1857.4229390681003,1823.2652329749103,1744.0125448028673,2213.272401433692,3513.3942652329747,3133.820788530466,1835.3351254480287,1736.8870967741937,1460.2025089605734,1571.2132616487456,1699.8297491039427,1645.8566308243728,1462.34229390681,1578.9623655913979,1396.715053763441,1480.4283154121863,1758.7491039426523,3370.47311827957,5930.311827956989,4265.6612903225805,2903.4336917562723,2907.3817204301076,2220.6666666666665,1864.5394265232974,1677.1559139784947,1985.304659498208,1834.483870967742,1907.9444444444443,2812.1666666666665,5173.360215053764,3018.435483870968,2306.73835125448,2511.0860215053763,3216.3494623655915,3015.2473118279568,2394.73835125448,2934.1810035842295,5710.8530465949825,3282.81541218638,2739.6720430107525,3482.3458781362006,6744.951612903225,11469.78853046595,6578.403225806452,3515.4856630824374,2712.098566308244,2554.0573476702507,2471.3763440860216,2317.5573476702507,2304.8243727598565,2789.6290322580644,6275.897849462365,4464.028673835125,2981.489247311828,2769.005376344086,2620.5949820788533,2037.6917562724013,2225.863799283154,3592.7562724014338,6371.043010752688,5794.080645161291,3434.0358422939066,2381.5860215053763,1933.1290322580646,1647.9336917562723,2190.1863799283155,3998.9283154121863,4151.141577060932,3385.2025089605736,5910.6899641577065,4843.007168458781,3961.716845878136,5065.306451612903,10048.888888888889,11371.813620071685,7604.888888888889,5725.297491039427,3508.3978494623657,2366.2634408602153,2014.2060931899641,1779.752688172043,2186.5770609318997,1816.747311827957,1774.910394265233,2114.543010752688,1912.926523297491,1562.299283154122,1636.8440860215053,1567.605734767025,2006.616487455197,2206.4964157706095,2487.6863799283155,2428.0412186379926,2862.6505376344085,5278.605734767025,15811.193548387097,22354.90322580645,12190.327956989247,7671.247311827957,6156.634408602151,7168.421146953405,10179.399641577062,6780.698924731183,7732.0161290322585,4650.415770609319,3610.7204301075267,3711.0448028673836,3055.4551971326164,2268.930107526882,2139.537634408602,2117.9336917562723,3504.2813620071684,2860.347670250896,3492.6397849462364,4873.926523297491,3689.0179211469535,2686.3172043010754,2142.9551971326164,1676.2777777777778,1758.1989247311828,1696.853046594982,1959.31541218638,1835.0860215053763,1967.2060931899641,2380.9390681003583,2364.537634408602,2772.3279569892475,3143.5734767025087,2166.8136200716845,2199.1182795698924,2055.435483870968,1967.320788530466,1706.6397849462367,2260.010752688172,1892.3763440860216,3372.68458781362,8811.46594982079,7354.4946236559135,3957.283154121864,2720.906810035842,2273.6648745519715,2813.863799283154,2353.1559139784945,2141.1917562724016,1973.7293906810037,2937.6827956989246,2423.7491039426523,2156.2258064516127,2138.6129032258063,2328.6451612903224,3017.9247311827958,6925.439068100359,12641.707885304659,9737.686379928315,10961.969534050178,5977.826164874552,3785.836917562724,2869.1774193548385,2102.7956989247314,1871.605734767025,1709.2043010752689,1845.8494623655913,1865.8189964157707,2145.4086021505377,2107.7401433691757,2527.5627240143367,1998.2132616487456,2644.272401433692,3150.6182795698924,2461.8620071684586,1940.4641577060931,1830.616487455197,1802.258064516129,2215.2956989247314,2726.81541218638,4589.471326164875,10253.637992831542,8420.258064516129,4367.1469534050175,3356.3763440860216,2956.1666666666665,2478.0949820788533,2028.747311827957,2323.7240143369177,3037.0627240143367,2619.272401433692,3264.847670250896,6490.618279569892,9742.517921146953,6325.313620071684,3517.7186379928316,2612.7240143369177,2276.6863799283155,1987.3028673835126,1564.5,1641.3548387096773,1414.094982078853,1892.299283154122,1420.6612903225807,1887.600358422939,2069.7473118279568,2028.6236559139784,2687.1666666666665,2394.9336917562723,1902.700716845878,2365.4390681003583,2194.8172043010754,2070.8978494623657,2156.7508960573477,2136.430107526882,1703.6254480286739,1924.774193548387,2230.7491039426523,4093.6111111111113,8744.57347670251,5690.4229390681,3615.9050179211467,2755.2025089605736,2624.8279569892475,2284.0716845878137,1704.894265232975,1722.4121863799282,1813.616487455197,1894.7903225806451,1947.3333333333333,3591.7813620071684,9176.646953405017,6984.405017921147,4544.86917562724,4042.064516129032,3450.168458781362,4836.795698924731,3926.5412186379926,6637.897849462365,17554.21863799283,15122.143369175627,8702.541218637993,6888.064516129032,4423.093189964157,3868.0197132616486,4726.10752688172,4090.3996415770607,2810.4050179211467,2769.3942652329747,3872.1648745519715,7844.1648745519715,7470.949820788531,4457.390681003584,3227.8566308243726,3054.8172043010754,4546.030465949821,8899.679211469534,6309.992831541219,5896.930107526881,4179.114695340501,3276.0017921146955,3061.7921146953404,4974.035842293907,10411.92652329749,12662.336917562725,13866.670250896057,9252.97311827957,5537.881720430108,4117.6505376344085,3003.0949820788533,3132.5232974910396,3690.4498207885304,2706.2293906810037,2371.032258064516,2608.2293906810037,2466.5304659498206,2044.820788530466,1772.8906810035842,1826.7867383512544,1475.0179211469533,1620.089605734767,1966.6182795698924,2741.700716845878,3682.4032258064517,6805.935483870968,10788.745519713262,19540.602150537634,12045.78853046595,8562.824372759856,9921.964157706094,7514.3530465949825,8034.4838709677415,12608.910394265233,7280.372759856631,4805.775985663083,3420.9032258064517,2827.5394265232976,2103.2078853046596,2308.4982078853045,1711.274193548387,1860.5537634408602,2540.7706093189963,6524.521505376344,17346.78494623656,12255.008960573477,7190.474910394265,5460.86917562724,4173.317204301075,4300.317204301075,6696.612903225807,18426.333333333332,34239.58064516129,20547.310035842293,12758.989247311827,10582.577060931899,6965.507168458781,5672.478494623656,6070.376344086021,4500.055555555556,4835.758064516129,4387.028673835125,3359.0752688172042,3081.783154121864,2512.78853046595,2974.6702508960575,3457.8297491039425,3171.9659498207884,4560.8315412186375,13849.718637992832,28798.58064516129,19711.16129032258,11721.908602150537,7895.6469534050175,6298.241935483871,8604.808243727599,16079.043010752688,21000.763440860213,17834.444444444445,17015.008960573476,14493.028673835126,9730.21505376344,8280.566308243728,7643.419354838709,5067.0161290322585,3294.2903225806454,2634.5842293906812,2331.0358422939066,2006.179211469534,2238.5788530465948,2846.1003584229393,3379.5125448028675,4763.270609318996,3608.2759856630823,2630.7240143369177,2323.4318996415773,2087.9587813620074,2009.2831541218638,1841.9623655913979,2435.6863799283155,2740.5179211469535,2328.783154121864,1847.2867383512544,2276.4802867383514,2548.772401433692,4204.304659498208,5888.801075268817,4630.5089605734765,3919.3870967741937,7137.123655913979,9564.702508960574,9656.077060931899,10866.673835125448,6929.154121863799,7689.616487455197,16991.451612903227,14586.412186379928,14204.63082437276,11205.277777777777,6943.881720430108,5248.401433691756,4410.419354838709,3430.6218637992833,3126.9534050179213,2981.195340501792,3112.23835125448,2528.010752688172,2717.935483870968,3236.0089605734765,4831.596774193548,8865.964157706094,17284.0,17934.860215053763,10681.97670250896,7002.471326164875,7213.4838709677415,10335.729390681003,9308.111111111111,6166.612903225807,5797.293906810036,4405.428315412187,3663.5089605734765,3542.326164874552,2786.543010752688,2051.5573476702507,1928.0286738351253,1709.5716845878137,1782.279569892473,1519.888888888889,1790.679211469534,2806.853046594982,6037.6684587813625,17064.272401433693,17916.589605734767,11140.983870967742,7877.9838709677415,6147.948028673835,6378.47670250896,5284.043010752688,4108.654121863799,3709.283154121864,3701.8978494623657,3330.0913978494623,4395.139784946236,4567.627240143369,3243.5913978494623,3250.353046594982,6420.602150537635,4326.620071684588,3035.60394265233,2232.7025089605736,2379.0967741935483,2876.0824372759857,2923.310035842294,2483.9767025089604,2997.277777777778,3618.598566308244,3294.0627240143367,4895.4229390681,14447.45340501792,13526.672043010753,9000.612903225807,10353.698924731183,9274.378136200718,6796.752688172043,8128.695340501792,6489.439068100359,4107.270609318996,2824.5,2516.0716845878137,1974.573476702509,2192.7921146953404,2697.1326164874554,2733.1971326164876,2314.4605734767024,2160.5,1889.7437275985662,1893.263440860215,2151.0913978494623,2881.6451612903224,1889.274193548387,1759.7186379928316,1491.1290322580646,1488.0931899641578,1620.4247311827958,1866.0609318996417,1771.2831541218638,2033.8602150537633,1663.1935483870968,1708.263440860215,1712.4068100358422,2203.7078853046596,2280.3387096774195,2182.5143369175626,2867.093189964158,4872.347670250896,4389.775985663083,3210.8978494623657,2320.4390681003583,1944.505376344086,1667.010752688172,1791.5358422939069,1608.4587813620071,1766.437275985663,1713.1397849462367,1728.3960573476702,2354.4193548387098,2996.4157706093188,5489.559139784947,5865.02329749104,3987.6272401433694,4433.600358422939,7651.6505376344085,7489.887096774193,5605.878136200717,4964.584229390681,6790.517921146953,6377.3100358422935,5374.397849462365,5798.740143369176,4592.0089605734765,3731.2491039426523,5343.073476702509,5652.222222222223,7390.154121863799,11885.874551971327,7801.543010752688,6151.428315412187,6704.297491039427,5277.250896057348,4361.503584229391,3250.374551971326,2308.15770609319,2149.983870967742,2348.89605734767,4787.546594982079,6067.3494623655915,5348.883512544803,4225.870967741936,3040.489247311828,2490.347670250896,3212.47311827957,2859.967741935484,2865.9157706093188,2167.641577060932,2041.8906810035842,2488.4928315412185,5607.596774193548,5369.252688172043,3997.4605734767024,2963.1397849462364,3351.34229390681,4105.817204301075,4872.281362007168,6138.057347670251,9805.591397849463,6434.833333333333,6490.02329749104,8949.978494623656,10625.65770609319,9502.037634408602,13962.73835125448,9009.28494623656,5778.451612903225,4486.740143369176,3511.6756272401435,2372.1218637992833,1897.1129032258063,1467.9462365591398,1430.611111111111,1305.9139784946237,1669.7168458781362,2849.3458781362006,4343.580645161291,3145.7795698924733,2916.55376344086,2941.1666666666665,4151.666666666667,12232.931899641577,19274.098566308243,12070.31899641577,9306.172043010753,8992.448028673834,12423.297491039426,8429.806451612903,5764.313620071684,5796.528673835125,4318.569892473119,3120.451612903226,2958.8064516129034,5699.406810035843,12564.048387096775,12603.700716845879,7765.910394265233,4942.247311827957,4009.8817204301076,4090.0913978494623,3919.7455197132617,3391.732974910394,5865.6899641577065,7999.44623655914,12077.89247311828,11366.530465949822,24356.41935483871,29792.672043010753,19606.078853046594,14880.637992831542,21796.59677419355,18584.66845878136,13278.781362007168,8862.019713261649,6624.453405017921,5263.586021505376,4159.3315412186375,2930.6397849462364,2650.6290322580644,3542.8225806451615,9072.39605734767,14064.6541218638,9764.240143369176,8515.614695340502,18492.444444444445,22093.589605734767,14742.145161290322,10520.048387096775,11353.202508960574,17035.50358422939,20623.609318996416,28474.93189964158,18901.555555555555,11408.406810035842,7572.426523297491,5281.544802867384,3937.7204301075267,3663.6326164874554,4354.695340501792,3100.7204301075267,2501.6379928315414,2041.0,2468.9247311827958,3105.7311827956987,5129.152329749104,15260.111111111111,17856.44982078853,11123.578853046594,8680.47311827957,7513.826164874552,5604.379928315412,3892.9032258064517,3127.4390681003583,3210.614695340502,9069.410394265233,15799.137992831542,10453.218637992832,10167.186379928315,11284.586021505376,8689.980286738351,14691.186379928315,14429.58422939068,9065.679211469534,5661.663082437276,4060.3942652329747,3515.8924731182797,2943.0089605734765,2043.784946236559,1788.6397849462367,1548.304659498208,1520.8817204301076,1519.6272401433691,1615.7508960573477,1898.4301075268818,2249.6559139784945,1754.4068100358422,2300.478494623656,2063.2795698924733,2050.9050179211467,2246.9659498207884,2374.6344086021504,2306.059139784946,2049.967741935484,1682.578853046595,1866.0752688172042,1754.8817204301076,1871.068100358423,1512.883512544803,1354.81541218638,1425.021505376344,1542.353046594982,2314.962365591398,4489.444444444444,4702.725806451613,5808.234767025089,11620.749103942653,8777.043010752688,6093.272401433692,5788.370967741936,6329.896057347671,4717.465949820788,3402.3405017921145,2985.4265232974913,2520.4050179211467,2834.826164874552,3623.163082437276,6956.643369175627,12980.888888888889,9308.70430107527,5955.783154121864,4966.091397849463,7484.663082437276,9299.007168458782,13012.100358422938,13991.41935483871,14685.577060931899,9203.799283154121,6192.050179211469,5440.471326164875,4362.6648745519715,3145.4139784946237,2458.3942652329747,2378.200716845878,2664.2240143369177,6595.139784946236,6840.1899641577065,7107.539426523297,7559.317204301075,6815.510752688172,5062.428315412187,4498.985663082437,3538.3405017921145,2801.9910394265235,2458.2491039426523,2492.7078853046596,2456.7544802867383,4050.9605734767024,10896.512544802867,9906.383512544802,7106.293906810036,6885.385304659499,11624.786738351255,25174.478494623654,19284.256272401435,12243.428315412186,8374.931899641577,6306.724014336917,4989.225806451613,5853.039426523297,16480.607526881722,28086.93010752688,22535.813620071684,15345.195340501792,10069.184587813621,7441.634408602151,6960.453405017921,14144.320788530466,15309.207885304659,17515.750896057347,26850.06989247312,19638.310035842293,16436.648745519713,25832.951612903227,20720.02688172043,13247.224014336918,8761.863799283154,6122.186379928316,4669.514336917563,3573.2240143369177,3117.3136200716845,3669.3189964157705,4525.625448028673,9455.3458781362,19378.415770609317,13905.79569892473,8772.548387096775,7016.028673835125,6066.1469534050175,4648.222222222223,4048.47311827957,4481.480286738351,5803.455197132616,7599.503584229391,16398.17025089606,27536.78136200717,24860.491039426524,15187.45340501792,10272.707885304659,10017.725806451614,7307.20788530466,4838.517921146953,3755.532258064516,3523.0555555555557,4122.8100358422935,6927.648745519713,5501.548387096775,3963.9587813620074,3054.7795698924733,3389.390681003584,9381.52688172043,12933.26523297491,11141.52688172043,7766.1899641577065,5392.025089605735,5332.70788530466,3879.9193548387098,3088.6272401433694,2670.7759856630823,2612.5734767025087,3680.467741935484,11178.618279569893,11165.629032258064,7214.322580645161,4986.086021505376,4980.489247311828,9313.274193548386,21263.7688172043,20937.87634408602,13367.005376344086,8975.163082437275,6205.673835125448,4320.747311827957,3382.7508960573477,2919.6272401433694,2907.1648745519715,5941.408602150537,12128.675627240144,8248.406810035842,6484.4731182795695,6109.670250896057,4694.905017921147,3257.4175627240143,2895.1075268817203,2746.0878136200718,2587.9910394265235,2288.6720430107525,3647.68458781362,8722.582437275985,13318.621863799282,9467.437275985663,8148.100358422939,5313.458781362007,3826.7078853046596,2983.652329749104,2648.283154121864,2410.4767025089604,5189.055555555556,16600.847670250896,23611.61827956989,16464.948028673836,10123.724014336918,6564.732974910395,4725.36917562724,3339.0197132616486,2661.2508960573477,2441.05376344086,3262.4444444444443,2928.5609318996417,3324.0089605734765,3780.9605734767024,7546.870967741936,17799.555555555555,21048.887096774193,17256.625448028673,14797.213261648745,19479.09677419355,13933.125448028673,8471.679211469534,5849.3100358422935,4462.546594982079,3707.2240143369177,3265.2401433691757,3150.3494623655915,4619.974910394265,4673.965949820788,3678.5358422939066,4939.750896057348,11003.422939068101,8423.191756272401,5452.0017921146955,5514.137992831541,7767.4946236559135,6162.306451612903,7265.034050179212,13228.682795698925,9656.34229390681,6512.743727598567,4481.901433691756,4689.697132616488,12846.68817204301,15236.23835125448,10388.560931899641,7024.573476702509,5296.277777777777,5712.003584229391,7558.460573476703,7980.847670250896,5471.017921146953,4851.281362007168,3244.277777777778,2761.4121863799282,2819.0250896057346,2444.13082437276,2230.7974910394264,1984.2867383512544,1622.4982078853047,1520.858422939068,1690.673835125448,2203.0896057347672,1797.6200716845879,1728.6559139784947,1453.1093189964158,1970.1505376344087,3970.9103942652328,4548.860215053764,4128.663082437276,6078.822580645161,5325.245519713261,6177.132616487455,11650.731182795698,8665.47670250896,5759.899641577061,4724.415770609319,9813.302867383512,11781.594982078854,7127.037634408603,4729.465949820788,3651.879928315412,4513.111111111111,4683.290322580645,3793.8387096774195,4891.575268817204,13286.562724014337,10711.310035842294,7422.096774193548,6900.290322580645,13833.940860215054,11198.021505376344,7151.6505376344085,4750.9229390681,4346.1648745519715,3714.3351254480285,3677.206093189964,2559.232974910394,2108.7956989247314,2780.2849462365593,3162.0286738351256,2384.456989247312,2344.0913978494623,1960.5609318996417,1740.3853046594982,1373.4551971326164,1406.983870967742,1372.5358422939069,2245.8387096774195,2436.7652329749103,2452.804659498208,2933.0860215053763,2650.1648745519715,2267.0681003584227,2322.8297491039425,2476.0,2559.2544802867383,1787.021505376344,1986.4336917562723,2701.5304659498206,3642.7293906810037,4668.5053763440865,5460.817204301075,4553.456989247312,4939.322580645161,4089.6935483870966,4825.559139784947,3514.478494623656,3776.3763440860216,3755.7096774193546,3023.3978494623657,2394.2508960573477,2173.7491039426523,2226.7204301075267,3536.9050179211467,8727.299283154121,8978.729390681003,5875.573476702509,4054.2652329749103,2910.1594982078855,2281.0358422939066,1800.3870967741937,1821.1272401433691,1892.752688172043,2380.1863799283155,2059.1648745519715,2514.7347670250897,2522.5967741935483,2427.593189964158,2110.8118279569894,2162.2921146953404,3565.4444444444443,6038.507168458781,6272.046594982079,6234.670250896057,5470.8315412186375,8082.948028673835,18862.3064516129,14494.840501792114,9585.586021505376,7228.732974910395,5814.541218637993,3836.8996415770607,2663.5806451612902,2249.0143369175626,2041.3763440860216,1861.010752688172,1520.5645161290322,1623.9498207885304,1904.8512544802868,2688.0017921146955,3459.8727598566306,4442.931899641577,2999.930107526882,2287.4265232974913,1737.467741935484,1597.2759856630823,1348.7903225806451,2007.8512544802868,2280.1129032258063,2029.847670250896,1658.5913978494623,2839.0465949820787,2859.7688172043013,2338.7652329749103,2176.2311827956987,2452.8458781362006,2071.5770609318997,1712.8243727598567,1381.173835125448,1384.810035842294,1219.689964157706,1527.1648745519713,1598.3136200716847,1619.1774193548388,1404.4982078853047,1369.8118279569892,1204.3279569892472,1294.0770609318997,1203.5967741935483,1525.7706093189963,1286.6146953405018,1525.247311827957,1841.521505376344,2172.216845878136,4478.311827956989,6983.410394265233,5982.256272401433,4022.7043010752686,2648.521505376344,2275.1774193548385,1973.4068100358422,1915.7885304659499,1780.2491039426523,1705.8655913978494,1448.578853046595,1569.9032258064517,1860.7562724014338,3949.956989247312,14556.555555555555,13083.001792114695,8356.240143369176,6294.288530465949,4865.365591397849,3343.5465949820787,2302.2813620071684,2387.5555555555557,3708.5125448028675,2942.1720430107525,2168.6236559139784,1879.5645161290322,1546.9856630824372,1451.5663082437277,1332.4982078853047,1951.65770609319,3508.5412186379926,3460.6057347670253,2334.478494623656,2022.6935483870968,2238.456989247312,2801.4175627240143,2283.1971326164876,2171.6326164874554,1663.3297491039427,1632.7078853046594,1331.894265232975,1413.1200716845879,1710.4910394265232,3923.2508960573477,3100.3602150537636,2274.7974910394264,1729.5125448028673,1840.1774193548388,2379.1433691756274,2169.0035842293905,1638.284946236559,1568.6827956989248,1205.2867383512544,1183.032258064516,1227.2437275985662,1305.4964157706092,1502.7222222222222,2486.6487455197134,6434.772401433692,7484.706093189964,5015.6792114695345,4340.750896057348,5628.992831541219,5943.765232974911,4089.1021505376343,4981.281362007168,3621.598566308244,2849.0949820788533,2023.4408602150538,1727.5197132616488,1382.3028673835126,1405.6559139784947,1177.336917562724,1346.3064516129032,1258.6129032258063,1594.3566308243728,2003.7616487455198,2563.8189964157705,2004.1666666666667,1757.7956989247311,1606.910394265233,2366.0627240143367,3208.3602150537636,5126.659498207885,18587.799283154123,35613.08960573476,22897.186379928316,13333.381720430107,8334.231182795698,5490.193548387097,3418.4211469534052,2413.6057347670253,1696.336917562724,1605.652329749104,1433.8924731182797,1559.0716845878137,1674.8602150537633,1811.4820788530467,1642.010752688172,1671.8297491039427,1928.0501792114696,2529.3387096774195,2087.13082437276,1941.36917562724,1581.173835125448,1701.52688172043,1862.410394265233,2102.6971326164876,1832.258064516129,1894.4605734767026,1607.331541218638,1663.784946236559,1672.752688172043,2732.8440860215055,4821.939068100359,14450.037634408602,29471.8853046595,18889.652329749104,10736.150537634408,7138.216845878136,4603.720430107527,3793.1057347670253,4450.818996415771,4932.439068100359,4418.010752688172,3152.093189964158,2230.7311827956987,2211.1989247311826,3220.3673835125446,8232.605734767025,26452.2688172043,19925.559139784946,10992.197132616488,7341.455197132616,5249.514336917563,4211.31541218638,3008.6344086021504,2556.6971326164876,3441.689964157706,4465.856630824373,2967.5716845878137,2525.0949820788533,2310.4874551971325,2160.9910394265235,2319.956989247312,2425.4498207885304,1904.0698924731182,1635.442652329749,1435.1093189964158,1438.1021505376343,1592.4928315412187,1959.1863799283153,2655.71146953405,3968.1487455197134,3821.3189964157705,2803.347670250896,2129.4247311827958,1925.3225806451612,1465.6774193548388,1389.7383512544802,1263.1594982078852,1379.84229390681,1204.0645161290322,1257.9820788530467,1234.5806451612902,1296.258064516129,1286.431899641577,1418.0483870967741,1103.5304659498208,1162.1559139784947,1064.8745519713261,1290.236559139785,1518.9283154121863,2002.8799283154121,1581.4982078853047,1510.516129032258,1858.5197132616488,2041.9014336917562,1526.1290322580646,1377.111111111111,1382.6379928315412,1593.7329749103942,1694.0770609318997,1563.9139784946237,1199.774193548387,1222.6075268817203,1183.0824372759857,1569.4121863799282,1380.0913978494623,1295.1989247311828,1203.3333333333333,1479.0286738351253,1919.7544802867383,3539.885304659498,2414.2240143369177,1953.1236559139784,1935.4229390681003,2981.569892473118,2058.406810035842,1649.557347670251,1333.2974910394266,1338.5376344086021,1426.4283154121863,1684.3960573476702,1437.5860215053763,2066.516129032258,1803.948028673835,1520.3189964157707,1234.673835125448,1226.4014336917562,1182.4014336917562,1692.3709677419354,5542.240143369176,6230.116487455197,3793.5627240143367,3031.5913978494623,2262.6003584229393,1776.7025089605734,1907.189964157706,2062.6505376344085,1670.1218637992831,1631.858422939068,1451.9749103942652,1345.4390681003583,1253.1827956989248,1868.578853046595,2055.7150537634407,1793.3673835125448,2552.6272401433694,2880.141577060932,1848.4551971326164,1616.5645161290322,1258.8064516129032,1267.5501792114696,1330.663082437276,2643.7508960573477,12661.621863799282,12764.63082437276,7906.347670250896,5235.265232974911,4456.318996415771,6124.896057347671,3792.032258064516,2426.9157706093188,2065.0197132616486,2975.7437275985662,2335.1559139784945,1732.163082437276,1299.258064516129,1266.4749103942652,1169.3494623655913,1247.584229390681,1136.2060931899641,1239.5286738351253,1426.568100358423,2048.195340501792,7337.793906810036,20109.636200716846,15331.881720430107,8111.971326164875,4709.614695340501,3004.385304659498,1907.663082437276,1919.731182795699,2501.8888888888887,2061.456989247312,1719.8333333333333,2200.6290322580644,1913.9605734767026,1717.168458781362,1380.9982078853047,1533.6881720430108,1667.2186379928316,1662.853046594982,2018.551971326165,4505.903225806452,7163.614695340501,6365.634408602151,4027.5017921146955,3111.810035842294,4638.940860215053,4130.145161290323,3880.179211469534,3490.625448028674,2994.8673835125446,2310.5788530465948,1729.715053763441,1531.9444444444443,1321.0017921146953,1298.1594982078852,1072.3602150537633,1100.8297491039427,1060.6093189964158,1150.405017921147,1051.6702508960573,1232.2025089605734,1056.3906810035842,1122.3727598566309,961.252688172043,1098.5125448028673,1146.505376344086,1367.779569892473,1239.1594982078852,1271.9444444444443,1272.6702508960573,2071.8028673835124,2176.65770609319,2748.0627240143367,2797.6451612903224,2530.86917562724,2187.7204301075267,1866.5376344086021,1830.7813620071684,2788.7025089605736,4063.1702508960575,3678.0663082437277,2938.8405017921145,2531.1989247311826,1995.8960573476702,1730.494623655914,1442.9498207885304,1383.1863799283153,1250.2652329749103,1598.8136200716847,4348.206093189964,7796.145161290323,5143.241935483871,3429.4390681003583,2186.6021505376343,1927.5,3125.3727598566306,3010.7634408602153,2152.8010752688174,2872.6021505376343,8525.370967741936,11910.225806451614,10976.689964157706,6195.245519713261,3617.0555555555557,2554.8458781362006,1885.5430107526881,2606.7974910394264,6725.198924731183,5341.082437275985,2955.347670250896,2023.326164874552,1468.8906810035842,1345.3853046594982,1603.1344086021506,3257.3835125448027,3297.3458781362006,3146.8172043010754,2271.1344086021504,2589.9426523297493,7873.1899641577065,12869.111111111111,14575.801075268817,8081.173835125448,4362.145161290323,3474.7132616487456,5245.872759856631,15910.184587813621,10679.627240143369,5410.989247311828,4149.768817204301,3581.310035842294,2083.206093189964,1735.7186379928316,1345.8799283154121,1456.7437275985662,1684.7043010752689,1552.4498207885304,1404.967741935484,1711.7544802867383,1570.410394265233,2113.7974910394264,4410.921146953405,3408.0663082437277,1878.8620071684588,1508.4820788530467,1165.6039426523298,1293.5931899641578,1644.7240143369177,1450.6451612903227,1137.5698924731182,1392.3028673835126,1981.136200716846,2227.5179211469535,1892.5967741935483,2854.9032258064517,2197.9856630824374,2150.9534050179213,4986.4946236559135,4489.240143369176,2794.7903225806454,2022.1397849462367,1607.1827956989248,3641.3781362007167,3708.4426523297493,2433.1648745519715,2369.3297491039425,3622.2491039426523,3054.2652329749103,3668.8566308243726,3503.9695340501794,3373.668458781362,6216.611111111111,11458.71505376344,7426.437275985663,4074.7580645161293,2372.6594982078855,1907.179211469534,1390.65770609319,1328.431899641577,1168.695340501792,1257.63082437276,1368.6218637992831,3322.010752688172,7483.655913978495,5364.770609318996,3030.23835125448,3987.516129032258,11910.586021505376,10124.53405017921,4955.612903225807,3179.663082437276,2909.4444444444443,4297.044802867384,4339.206093189964,3602.347670250896,2471.1164874551973,1806.9856630824372,1252.094982078853,1112.4982078853047,1096.931899641577,1267.6397849462367,1114.673835125448,1089.005376344086,1264.810035842294,2072.26164874552,1912.0394265232974,1739.668458781362,2189.3351254480285,4420.297491039427,3807.7508960573477,2649.7508960573477,1962.3405017921148,5331.062724014337,13891.58422939068,20114.485663082436,12320.625448028673,5449.8315412186375,2607.3548387096776,1739.5143369175628,1270.3494623655913,1800.0985663082438,1729.258064516129,1443.9964157706092,1168.3548387096773,1195.8405017921148,1069.2670250896058,1153.799283154122,1116.3817204301076,1419.3673835125448,1585.073476702509,2884.4910394265235,13287.351254480287,23249.756272401435,12903.83512544803,5580.8315412186375,2898.962365591398,1902.4605734767026,1374.046594982079,1420.8673835125448,1339.3673835125448,1316.4516129032259,1201.937275985663,1207.4749103942652,1286.1272401433691,1570.0663082437277,1809.6146953405018,1780.7186379928316,1482.116487455197,1550.8745519713261,1668.1290322580646,4166.035842293907,15431.173835125448,29522.145161290322,22450.747311827956,9731.639784946237,4307.8243727598565,2546.5089605734765,1934.2777777777778,2072.930107526882,1526.562724014337,1326.5,1170.8136200716847,1159.2544802867383,1038.86917562724,1198.967741935484,1003.1810035842294,1038.3799283154121,1180.8673835125448,1204.505376344086,1117.7598566308243,1498.1344086021506,4229.116487455197,6707.589605734767,3770.0555555555557,2009.9695340501792,1307.2777777777778,1257.136200716846,1471.195340501792,1515.9229390681003,1202.1397849462367,1284.1881720430108,1131.84229390681,1255.5591397849462,1117.1451612903227,1309.7921146953406,1491.8028673835126,1634.1720430107528,1375.6433691756272,1420.1093189964158,1233.189964157706,1264.8655913978494,1238.6989247311828,3271.0197132616486,8392.589605734767,7645.367383512545,3397.5519713261647,1896.784946236559,1267.63082437276,1135.905017921147,1189.3870967741937,1697.437275985663,2379.8387096774195,6941.4838709677415,9591.96594982079,5688.426523297491,2743.559139784946,1794.3906810035842,1338.0430107526881,1406.2921146953406,1198.2275985663082,1188.2562724014338,1074.8745519713261,1234.7096774193549,1375.4068100358422,1781.557347670251,1646.426523297491,1947.568100358423,5015.213261648745,17570.202508960574,22516.428315412188,12364.353046594983,5811.322580645161,3414.47311827957,1936.5824372759857,1477.36917562724,1047.7508960573477,1136.0143369175628,969.5448028673835,1033.0770609318997,999.8745519713261,1340.0197132616488,3284.8942652329747,5013.0125448028675,3270.2025089605736,1817.7544802867383,1254.8673835125448,1158.4139784946237,1004.1182795698925,1077.921146953405,948.483870967742,1070.679211469534,926.0215053763441,1115.2831541218638,1059.611111111111,1121.3136200716847,1130.358422939068,1138.1505376344087,1005.6075268817204,1300.6326164874552,1794.978494623656,6727.186379928316,17837.551971326164,23067.66487455197,12727.448028673834,5770.636200716845,2927.0465949820787,1914.8136200716847,1228.589605734767,1192.47311827957,1020.9623655913979,1100.089605734767,909.0232974910394,1008.3853046594982,1062.2437275985662,1103.15770609319,1010.573476702509,1082.1344086021506,983.258064516129,1084.6720430107528,961.3189964157706,1104.1702508960573,1691.2616487455198,2881.0627240143367,3299.7258064516127,2220.2634408602153,1346.6917562724013,1173.363799283154,985.4498207885305,1088.8136200716847,943.8351254480286,1052.258064516129,960.7150537634409,1034.8440860215053,1037.062724014337,1199.0609318996417,1175.8064516129032,1208.0232974910393,1057.758064516129,1158.9874551971327,1027.9032258064517,1185.005376344086,1113.8512544802868,1155.3602150537633,960.568100358423,1042.5286738351253,1094.7383512544802,1035.2060931899641,992.1451612903226,1134.3405017921148,1218.6881720430108,1910.7885304659499,2397.9086021505377,2962.5896057347672,2006.0878136200718,1400.2598566308243,1033.152329749104,1046.668458781362,964.5501792114695,1055.136200716846,890.9695340501792,1035.9982078853047,1040.4032258064517,1317.4695340501792,1275.9820788530467,1188.0340501792114,1024.448028673835,1091.4408602150538,1026.399641577061,1101.663082437276,955.516129032258,1097.4086021505377,968.7974910394265,1102.8978494623657,1017.6720430107526,1063.0125448028673,933.5286738351255,1072.8709677419354,1182.6200716845879,1466.52688172043,1459.8745519713261,1726.6039426523298,1446.1433691756272,1702.3655913978494,1881.4462365591398,2121.2347670250897,1522.4068100358422,1247.3548387096773,1032.4910394265232,1112.2437275985662,1110.1720430107528,1273.8028673835126,1184.663082437276,1301.1344086021506,1586.2132616487456,2210.3566308243726,2644.7401433691757,2598.2652329749103,1634.7347670250897,1266.062724014337,1091.715053763441,1127.700716845878,1023.5304659498208,1183.9229390681003,1099.4086021505377,1320.415770609319,1405.3655913978494,2488.7473118279568,7569.722222222223,16221.388888888889,23115.890681003584,25354.91935483871,14300.053763440861,6148.555555555556,2743.5197132616486,1896.0125448028673,1442.8082437275987,1538.8333333333333,1720.6810035842293,2055.7437275985662,1980.3781362007169,1777.4408602150538,1384.7939068100359,1424.8870967741937,1375.2168458781362,1437.0501792114696,1247.310035842294,1207.8136200716847,1013.9731182795699,1118.7114695340501,917.8727598566309,1138.804659498208,982.2329749103943,1090.0071684587813,958.1344086021505,990.1953405017921,861.3924731182796,949.4354838709677,933.8799283154121,1046.320788530466,905.2096774193549,1038.9569892473119,1294.4086021505377,1418.8709677419354,1340.2043010752689,1482.68458781362,1402.3853046594982,2855.363799283154,7378.372759856631,11764.55734767025,15582.700716845879,16437.14336917563,9465.28494623656,4104.10752688172,2200.2741935483873,1956.0340501792114,1891.9354838709678
580.7902621722847,502.80898876404495,529.3895131086142,465.0486891385768,592.8689138576779,432.9082397003745,542.2397003745318,526.5936329588015,557.0093632958801,528.1947565543071,583.6573033707865,508.1685393258427,617.7172284644195,477.1629213483146,596.5898876404494,615.059925093633,654.5992509363296,615.5337078651686,594.7134831460675,568.9194756554307,608.5262172284645,569.7490636704119,679.5056179775281,601.4662921348314,696.183520599251,678.9101123595506,650.558052434457,592.376404494382,643.7116104868913,583.0805243445693,694.8014981273408,611.5692883895131,707.1647940074906,636.7322097378277,709.8033707865169,611.9101123595506,730.9344569288389,592.9456928838952,712.4138576779026,600.3932584269663,711.9194756554307,642.9307116104869,627.12734082397,717.9269662921348,670.4288389513108,535.1423220973783,651.0224719101124,726.558052434457,751.9494382022472,631.0243445692884,723.7415730337078,692.8558052434457,715.8258426966293,692.0449438202247,747.3913857677902,599.2303370786517,726.3501872659176,653.3258426966293,690.816479400749,634.3558052434457,701.6123595505618,640.7209737827716,689.5730337078652,624.7528089887641,738.4794007490636,656.5730337078652,729.498127340824,670.7827715355805,622.2790262172284,729.874531835206,681.8820224719101,670.8220973782771,727.9101123595506,643.3483146067416,715.3670411985019,678.0861423220974,742.8389513108614,680.7602996254682,694.7921348314607,823.8820224719101,773.9719101123595,674.623595505618,733.6423220973783,718.6535580524345,742.2284644194757,695.941947565543,782.185393258427,651.2097378277153,710.6367041198502,714.4307116104869,748.2790262172284,662.8782771535581,779.1067415730337,762.5955056179776,726.6760299625469,749.6685393258427,754.0842696629213,727.3895131086142,791.8052434456929,702.9513108614232,792.312734082397,718.6985018726592,752.1217228464419,706.4644194756554,681.8614232209737,697.0112359550562,812.5449438202247,669.8988764044943,768.9700374531835,703.9026217228464,646.1516853932584,839.0318352059925,833.4588014981273,747.4325842696629,777.8857677902622,737.6573033707865,844.2696629213483,717.4307116104869,801.4550561797753,771.5936329588015,771.8857677902622,777.5636704119851,825.5861423220974,742.1367041198502,798.7284644194757,708.4138576779026,770.3801498127341,723.62734082397,845.3464419475655,798.9925093632959,819.6554307116105,762.3314606741573,842.6198501872659,739.8408239700375,756.0842696629213,741.2734082397004,819.1498127340824,780.310861423221,823.1704119850187,669.4475655430712,773.8576779026217,693.3501872659176,677.814606741573,823.9887640449438,860.1086142322098,758.0224719101124,780.5468164794007,776.5205992509364,789.498127340824,800.7677902621723,790.5505617977528,729.9943820224719,769.37265917603,747.6704119850187,850.0243445692884,803.7846441947565,789.2247191011236,785.1629213483146,769.9119850187266,690.2790262172284,832.5973782771536,799.8520599250936,769.0262172284645,779.9775280898876,834.5692883895131,775.441947565543,801.1629213483146,797.3876404494382,849.056179775281,719.4794007490636,869.6067415730337,800.441947565543,845.812734082397,773.8558052434457,742.0655430711611,870.5393258426966,889.498127340824,778.056179775281,855.1685393258427,761.2734082397004,897.5093632958801,792.0917602996254,802.7752808988764,803.1086142322098,771.4176029962547,757.8782771535581,835.7097378277153,815.2808988764045,795.6573033707865,822.2228464419476,827.310861423221,811.37265917603,845.941947565543,778.4569288389513,861.4831460674158,769.7696629213483,862.9868913857678,820.4456928838952,829.7359550561798,887.2565543071161,807.3895131086142,834.943820224719,876.9325842696629,825.7172284644195,853.5393258426966,774.5355805243446,737.1048689138577,915.5262172284645,820.2752808988764,836.5449438202247,875.8801498127341,806.2883895131087,863.6928838951311,797.1123595505618,857.1498127340824,817.1760299625469,864.6685393258427,785.3932584269663,822.2790262172284,795.438202247191,845.6142322097378,842.561797752809,879.0636704119851,812.8895131086142,875.9344569288389,864.556179775281,833.812734082397,788.689138576779,820.8183520599251,870.7883895131087,880.1441947565543,846.7134831460675,870.8857677902622,879.0730337078652,867.440074906367,874.7041198501872,807.2996254681648,783.9250936329588,782.6573033707865,917.6067415730337,869.6947565543071,829.5936329588015,792.7303370786517,818.6310861423221,828.5655430711611,810.6086142322098,851.810861423221,755.6985018726592,813.5262172284645,839.5486891385768,785.9513108614232,831.6161048689139,772.5224719101124,773.3895131086142,841.6067415730337,798.6666666666666,800.2771535580524,809.5187265917604,843.4662921348314,836.4363295880149,836.058052434457,858.1198501872659,873.9494382022472,767.9138576779026,893.0973782771536,809.8951310861423,846.3876404494382,885.3876404494382,836.8876404494382,815.5074906367041,884.6666666666666,950.8651685393259,900.7621722846442,813.8651685393259,947.2584269662922,859.9138576779026,867.8782771535581,868.7846441947565,855.4644194756554,846.5674157303371,884.0805243445693,781.4850187265918,816.1685393258427,851.2902621722847,848.7415730337078,884.6498127340824,862.5056179775281,878.7958801498128,857.443820224719,784.1704119850187,882.3071161048689,808.9775280898876,838.1966292134831,845.7003745318352,875.4344569288389,847.4456928838952,889.6179775280899,800.9194756554307,864.687265917603,820.0205992509364,864.8426966292135,816.4194756554307,788.6779026217229,975.8333333333334,899.9794007490636,895.3820224719101,834.3464419475655,811.9868913857678,865.62734082397,842.3277153558053,858.0262172284645,890.8520599250936,831.7771535580524,836.6760299625469,894.9925093632959,833.6516853932584,914.4531835205993,817.8670411985019,847.625468164794,869.3988764044943,901.5674157303371,859.2528089887641,901.8932584269663,902.2752808988764,893.376404494382,847.3539325842696,881.2902621722847,894.1385767790263,840.1573033707865,917.3970037453183,918.3389513108614,857.7902621722847,904.4325842696629,815.3408239700375,781.6329588014981,1019.4850187265918,1044.8558052434457,929.4138576779026,918.2378277153558,911.5711610486892,953.6704119850187,848.4101123595506,922.4831460674158,842.2453183520599,885.3333333333334,942.187265917603,825.9737827715355,921.3408239700375,979.7415730337078,923.5786516853933,964.8408239700375,910.9344569288389,917.5711610486892,902.9588014981273,943.2116104868913,944.814606741573,932.4569288389513,894.4868913857678,901.9943820224719,893.8857677902622,877.3408239700375,883.940074906367,932.37265917603,930.6516853932584,934.7097378277153,854.9344569288389,825.5973782771536,962.5842696629213,963.6348314606741,925.9962546816479,955.4719101123595,1012.5299625468165,1109.8033707865168,1031.5486891385767,960.4606741573034,916.2715355805243,916.7565543071161,921.7528089887641,970.2397003745318,917.3539325842696,934.4756554307116,975.0355805243446,984.3408239700375,968.4288389513108,988.9737827715355,914.5243445692884,1005.4288389513108,931.5243445692884,984.4475655430712,960.9194756554307,1036.307116104869,1005.7134831460675,949.7153558052435,933.183520599251,962.9044943820224,912.2003745318352,962.5187265917604,925.7153558052435,854.440074906367,1062.943820224719,949.7621722846442,968.4101123595506,1001.0149812734082,944.0730337078652,1027.3277153558051,966.938202247191,976.6086142322098,1040.8464419475656,1022.7565543071161,948.5730337078652,1006.5149812734082,939.2209737827716,951.2284644194757,1006.4157303370787,1072.930711610487,1035.6441947565543,1075.059925093633,1006.7359550561798,1027.1367041198503,986.1779026217229,988.9026217228464,1044.8632958801497,996.2265917602996,1005.7303370786517,1066.940074906367,1041.0898876404494,1049.0973782771537,1023.6498127340824,1058.7565543071162,924.129213483146,981.4250936329588,1202.1179775280898,1030.1704119850187,1114.9700374531835,1081.2883895131085,1046.4101123595506,1151.4925093632958,1201.0224719101125,1247.681647940075,1064.6966292134832,1060.0093632958801,984.3539325842696,976.001872659176,1030.8314606741574,1057.5243445692884,1010.9662921348314,1062.4513108614233,1010.001872659176,1060.6666666666667,1036.1179775280898,1013.3595505617977,993.3539325842696,1087.0711610486892,1008.6086142322098,1070.5205992509364,1117.1516853932585,1082.503745318352,1017.2247191011236,957.5374531835206,967.8389513108614,1008.9044943820224,943.6685393258427,958.2677902621723,1082.694756554307,1094.4662921348315,958.1329588014981,1004.9119850187266,1055.2865168539327,1213.5337078651685,1164.7172284644196,1145.9700374531835,977.0973782771536,1027.443820224719,1020.1704119850187,1056.4625468164793,1173.5074906367042,1193.185393258427,1146.1966292134832,1006.3370786516854,992.3258426966293,1015.2958801498128,1030.2003745318352,1137.698501872659,1106.5056179775281,1081.5,1032.7752808988764,1060.573033707865,1072.0262172284645,1252.0374531835207,1227.8426966292134,1277.6629213483145,1108.7602996254682,1086.9719101123596,994.5936329588015,984.9700374531835,1119.3614232209738,1063.7284644194756,983.4569288389513,1092.947565543071,1098.5543071161048,1102.9831460674156,1138.4812734082398,1100.189138576779,1045.7134831460673,1098.5262172284645,1147.1797752808989,1257.9063670411986,1066.192883895131,1115.116104868914,1114.807116104869,1179.4119850187267,1169.7827715355804,1137.2734082397003,1068.6029962546816,1265.870786516854,1188.6835205992509,1129.059925093633,1110.6779026217228,1135.7378277153557,1129.310861423221,1182.9194756554307,1119.0131086142321,1100.9232209737827,1033.7172284644196,1114.7958801498128,1047.378277153558,960.7528089887641,1163.814606741573,1116.4063670411986,1083.258426966292,1102.812734082397,1134.4325842696628,1219.9157303370787,1082.8576779026216,1160.556179775281,1185.8277153558051,1083.3352059925094,1129.3426966292134,1112.8426966292134,990.4176029962547,1153.2303370786517,1080.0299625468165,1078.8970037453184,1001.623595505618,1124.2790262172284,1084.3033707865168,1066.9588014981273,1072.0842696629213,1041.6348314606741,1001.7041198501872,1103.2865168539327,1066.7003745318352,1092.0280898876404,1092.5805243445693,1153.3689138576779,1028.2209737827716,1117.2621722846443,1041.9794007490636,1092.2378277153557,1108.3483146067415,1193.3632958801497,1170.7640449438202,1127.9550561797753,1191.4943820224719,1281.3970037453184,1157.2022471910113,1215.8333333333333,1171.4850187265918,1295.5449438202247,1178.5280898876404,1222.0131086142321,1165.6179775280898,1019.8014981273408,1106.5674157303372,1215.814606741573,1171.2378277153557,1190.1704119850187,1047.4662921348315,1073.9325842696628,1057.314606741573,1270.125468164794,1311.1498127340824,1253.1779026217228,1115.383895131086,1045.6142322097378,1008.7078651685393,1207.7827715355804,1149.692883895131,1318.6535580524344,1161.6385767790262,1114.5486891385767,1286.6610486891386,1443.8277153558051,1287.1104868913858,1156.8426966292134,1039.314606741573,1092.9756554307116,1045.878277153558,1134.3220973782772,1158.4456928838952,1167.5711610486892,1100.7134831460673,1085.6704119850187,1046.5430711610486,1172.7846441947565,1166.5880149812733,1268.4082397003745,1052.3389513108614,1161.694756554307,1024.5505617977528,1124.121722846442,1124.3239700374531,1381.0056179775281,1058.194756554307,1044.8595505617977,1005.5393258426966,1143.1479400749063,1165.2359550561798,1286.370786516854,1046.387640449438,1045.8352059925094,936.5149812734082,1090.2996254681648,1274.9194756554307,1255.887640449438,1089.0880149812733,1136.9138576779026,1078.940074906367,1234.2808988764045,1160.689138576779,1158.687265917603,1124.063670411985,1123.1498127340824,1198.119850187266,1269.305243445693,1083.7359550561798,1027.7191011235955,1094.192883895131,1310.189138576779,1447.6310861423221,1607.3258426966293,1255.7902621722847,1214.74531835206,1113.2790262172284,1108.2602996254682,1075.563670411985,1121.2378277153557,1091.7284644194756,1306.9569288389514,1059.1685393258426,1075.1029962546816,965.812734082397,1019.0318352059925,958.7490636704119,1014.2359550561798,1083.9831460674156,1247.3277153558051,1193.810861423221,1104.9700374531835,1026.8913857677903,1116.8501872659176,1074.065543071161,1153.4775280898875,1169.7659176029963,1125.2977528089887,1026.0543071161048,1036.9794007490636,987.2415730337078,1043.5543071161048,1007.2734082397004,1124.3932584269662,1083.7097378277153,1172.8651685393259,1199.249063670412,1361.691011235955,1080.698501872659,1107.4119850187267,1012.3033707865169,1029.5674157303372,980.8782771535581,1111.807116104869,1045.9906367041199,1216.4250936329588,1257.5112359550562,1543.4588014981273,1601.3501872659176,1198.3445692883895,1189.5093632958801,1202.4157303370787,1112.6629213483145,1542.9868913857679,1797.0430711610486,1693.9681647940074,1886.0205992509364,1538.052434456929,1090.8932584269662,1168.4681647940074,1068.6535580524344,1183.0992509363296,1189.4213483146068,1522.9063670411986,1890.8595505617977,1592.1479400749063,1424.883895131086,1604.063670411985,1473.1722846441949,1510.8426966292134,1421.9213483146068,1826.4176029962546,2710.2191011235955,3297.5112359550562,2518.5205992509364,1944.4812734082398,1555.0468164794008,1523.5411985018727,1650.9588014981273,2425.679775280899,2749.5468164794006,1595.0018726591761,1398.2977528089887,1348.6367041198503,1357.7921348314608,1362.2340823970037,1178.6629213483145,1324.8614232209738,1241.0262172284645,1619.818352059925,1760.870786516854,1456.1086142322097,1153.7715355805244,1245.1779026217228,1201.2003745318352,1521.2752808988764,1999.9644194756554,2509.9850187265915,2724.438202247191,2231.054307116105,1490.4662921348315,1775.2022471910113,1432.9981273408239,1430.6498127340824,1605.7602996254682,2061.4719101123596,1763.1310861423221,1385.5280898876404,1510.9250936329588,1437.1104868913858,1449.5711610486892,1969.1704119850187,1642.8895131086142,1459.689138576779,1648.2602996254682,1528.367041198502,1226.5486891385767,1377.2153558052435,1619.2172284644196,2259.983146067416,1817.7284644194756,1891.3895131086142,1590.2677902621722,1399.8277153558051,1285.5505617977528,1338.0187265917602,1444.887640449438,1828.2041198501872,1982.7209737827716,1910.9887640449438,2524.1086142322097,3269.312734082397,3978.5411985018727,3098.0955056179773,2494.38202247191,1976.7172284644196,1781.876404494382,1515.559925093633,1220.9119850187267,1358.314606741573,1533.6441947565543,2007.2921348314608,2499.7116104868915,1772.1722846441949,1358.6704119850187,1330.0880149812733,1494.1086142322097,1530.4250936329588,1165.8501872659176,1402.9082397003745,1482.6086142322097,2025.5880149812733,3019.8146067415732,3661.3558052434455,1812.9906367041199,1468.8220973782772,1385.061797752809,1849.1797752808989,2400.432584269663,2232.5898876404494,1526.8651685393259,1459.430711610487,1388.069288389513,1680.380149812734,1555.247191011236,1903.625468164794,2667.1011235955057,3634.4588014981273,2260.104868913858,2298.0243445692886,2535.11797752809,1734.8857677902622,1397.116104868914,1506.0374531835207,1760.2284644194756,2665.507490636704,3346.885767790262,2475.078651685393,1740.934456928839,1868.4700374531835,2339.078651685393,1594.0449438202247,1235.887640449438,1384.0505617977528,1243.2209737827716,1323.0917602996255,1295.880149812734,1564.8408239700375,1258.3314606741574,1386.440074906367,1239.8239700374531,1249.3614232209738,1161.3558052434457,1284.7883895131085,1345.7621722846443,1739.8857677902622,1682.3501872659176,1926.874531835206,1398.5786516853932,1414.112359550562,1220.7602996254682,1329.2209737827716,1436.8539325842696,1676.3389513108614,1684.9981273408239,1815.8895131086142,1726.0187265917602,1719.3202247191011,1523.4625468164793,1671.443820224719,1885.4531835205992,1707.934456928839,1655.3689138576779,2153.0973782771534,1890.2902621722847,1661.2752808988764,1503.0374531835207,1493.2228464419475,1439.3595505617977,1831.9812734082398,2382.5243445692886,2610.0880149812733,1777.687265917603,1392.132958801498,1464.6779026217228,2029.7134831460673,1643.5861423220974,1898.6722846441949,2079.889513108614,2047.5168539325844,1952.4981273408239,1844.24531835206,1648.4625468164793,1752.9026217228463,1356.1423220973784,1446.9101123595506,1416.689138576779,1539.9288389513108,1413.7340823970037,1512.0749063670412,1385.5973782771537,1538.194756554307,1794.6685393258426,1702.6423220973784,1472.305243445693,1574.9943820224719,1510.5898876404494,1639.3445692883895,1851.6404494382023,1939.9494382022472,1901.2022471910113,1864.7921348314608,1721.8820224719102,2019.0749063670412,2359.1404494382023,2783.239700374532,2763.4775280898875,2327.1666666666665,1941.059925093633,2260.2359550561796,2312.0411985018727,2130.2621722846443,2054.3988764044943,2063.835205992509,1879.4662921348315,1922.3333333333333,1831.8370786516855,1797.5468164794008,1861.426966292135,1937.2191011235955,1842.9419475655432,3005.078651685393,3066.550561797753,2023.6310861423221,1876.6554307116105,2212.187265917603,1626.1685393258426,1898.0131086142321,1755.3651685393259,1698.8726591760299,1875.5992509363296,2297.200374531835,2889.1666666666665,3118.5730337078653,1838.7696629213483,2110.0973782771534,2937.6086142322097,4196.039325842697,5121.511235955056,3897.698501872659,2496.674157303371,2029.426966292135,2352.9194756554307,2940.2921348314608,3207.1441947565545,4343.906367041199,4172.014981273408,4104.827715355806,4897.649812734083,5338.361423220974,5040.582397003745,3368.310861423221,2725.4662921348313,3450.561797752809,2383.380149812734,1716.5280898876404,1726.8726591760299,2113.638576779026,2188.732209737828,2128.61797752809,1920.129213483146,2182.438202247191,2297.2640449438204,1840.5711610486892,1987.3970037453184,3096.947565543071,3139.5262172284642,2540.00936329588,2274.3445692883897,2546.432584269663,1935.9943820224719,1987.24531835206,2187.1591760299625,2657.507490636704,2808.2097378277153,2479.376404494382,1873.3689138576779,1685.9681647940074,1528.25468164794,1958.9925093632958,2689.6760299625466,3034.112359550562,2491.2621722846443,2214.7621722846443,1918.7621722846443,2670.4606741573034,2989.071161048689,2421.552434456929,3191.2359550561796,3374.35393258427,2567.760299625468,3145.505617977528,3066.5393258426966,3081.455056179775,2377.0823970037454,1984.3520599250937,2236.874531835206,2977.191011235955,4031.3370786516853,5206.960674157303,4538.323970037453,4514.241573033708,3688.389513108614,3631.067415730337,3327.067415730337,3717.9026217228466,4158.41011235955,3916.689138576779,4718.24531835206,4954.9775280898875,3250.7977528089887,2492.275280898876,1971.8220973782772,2321.4756554307114,2562.6161048689137,3546.5112359550562,3866.9063670411983,3524.505617977528,3666.052434456929,3981.741573033708,4873.662921348315,5353.87265917603,3707.0805243445693,4284.934456928839,4125.694756554307,3092.4438202247193,3474.4625468164795,4213.003745318352,3772.799625468165,3576.2771535580523,3153.6161048689137,4032.5823970037454,3993.6704119850187,4100.157303370786,4094.5187265917602,4853.771535580524,3806.543071161049,3220.3445692883897,3222.6067415730336,3984.050561797753,4047.189138576779,3415.6404494382023,2544.138576779026,2021.6441947565543,1592.6048689138577,1824.9044943820224,1667.2116104868915,1539.5917602996255,1505.3220973782772,1703.380149812734,1445.3520599250937,1508.7846441947565,1516.7059925093633,1512.1498127340824,1460.0823970037454,1584.9681647940074,1713.4606741573034,1881.4007490636704,1822.5168539325844,2714.9157303370785,3627.629213483146,3145.7696629213483,2317.7022471910113,1577.6179775280898,1352.305243445693,1675.814606741573,1968.9719101123596,2295.432584269663,1524.2303370786517,1688.2265917602997,1578.2752808988764,1713.4082397003745,1877.4569288389514,1897.5187265917602,1317.0374531835207,1438.0711610486892,1482.185393258427,1744.307116104869,1901.8164794007491,2104.5992509363296,2594.949438202247,3213.9269662921347,2453.955056179775,2142.8595505617977,2369.876404494382,1670.7265917602997,1428.752808988764,1512.3820224719102,1462.3501872659176,1815.0374531835207,2543.299625468165,3217.928838951311,1909.9700374531835,2001.8370786516855,2376.7696629213483,2933.700374531835,3711.0973782771534,2609.3295880149813,1789.7003745318352,2503.4756554307114,2084.629213483146,1713.559925093633,1361.181647940075,1750.4662921348315,2145.9026217228466,2750.1161048689137,1995.2865168539327,2372.307116104869,2469.2640449438204,2218.861423220974,1378.5374531835207,1522.4007490636704,1566.0224719101125,2018.3988764044943,2836.4644194756556,4820.39138576779,5891.638576779026,6167.483146067416,3364.1591760299625,1836.1029962546816,1400.685393258427,1435.0187265917602,1274.7153558052435,1512.9569288389514,1543.0842696629213,2172.0992509363296,2548.4775280898875,3135.9644194756556,3698.6441947565545,4442.232209737827,2267.3576779026216,1963.1142322097378,1870.305243445693,2105.432584269663,2223.2846441947568,3226.483146067416,4189.794007490636,3377.4662921348313,2461.310861423221,3321.0224719101125,2479.2958801498125,1650.0224719101125,1476.6067415730338,1781.814606741573,2211.934456928839,3401.4063670411983,2639.2865168539324,1884.3651685393259,1818.194756554307,2125.0823970037454,2253.5411985018727,2520.174157303371,2089.1161048689137,1746.2153558052435,2148.0318352059926,2191.835205992509,2058.110486891386,3365.750936329588,3121.8558052434455,1975.6011235955057,1881.1610486891386,2903.198501872659,3042.327715355805,2450.681647940075,2831.6704119850187,4132.941947565543,5667.612359550561,3943.2153558052432,2009.5393258426966,1616.8389513108614,1297.9681647940074,1460.503745318352,1407.7340823970037,1851.2977528089887,1572.8202247191011,1478.2172284644196,1296.2921348314608,1365.4606741573034,1115.374531835206,1255.805243445693,1290.0093632958801,1340.5280898876404,1375.7846441947565,1373.6498127340824,1109.2322097378278,1454.9887640449438,1470.0449438202247,1357.752808988764,1132.6573033707866,1270.7996254681648,1129.878277153558,1258.2640449438202,1191.8277153558051,1349.2003745318352,1112.940074906367,1277.8202247191011,1100.24531835206,1414.0898876404494,1217.308988764045,1259.2846441947565,1115.2771535580525,1226.6067415730338,1140.6797752808989,1231.5842696629213,1220.6722846441949,1473.6441947565543,1163.4082397003745,1250.6535580524344,1153.7921348314608,1230.1048689138577,1079.5823970037454,1169.1704119850187,1345.2602996254682,1523.692883895131,1510.6460674157304,1444.0337078651685,1433.0205992509364,1803.6067415730338,1897.5917602996255,1649.2322097378278,1783.4775280898875,2437.7921348314608,1610.5805243445693,1307.616104868914,1163.616104868914,1267.6666666666667,1260.8632958801497,1184.4176029962546,1099.7003745318352,1325.9101123595506,1078.0168539325844,1295.565543071161,1109.5880149812733,1268.7640449438202,1184.4138576779026,1181.6423220973784,1097.9250936329588,1205.241573033708,1211.121722846442,1575.4925093632958,1837.9250936329588,1676.1029962546816,1355.75468164794,1325.7659176029963,1492.4906367041199,1481.7902621722847,1281.9700374531835,1450.8576779026216,1499.1610486891386,1705.7865168539327,1310.0337078651685,1198.1741573033707,1175.8277153558051,1310.5243445692884,1283.8913857677903,1730.6647940074906,2023.7846441947565,1817.5411985018727,1294.5805243445693,1377.3408239700375,1485.1647940074906,1995.75468164794,1474.5711610486892,1472.4531835205992,1564.052434456929,1924.9119850187267,2075.9681647940074,2085.1404494382023,1632.1966292134832,1507.4794007490636,1349.6367041198503,1680.621722846442,1357.5917602996255,1281.6797752808989,1083.9700374531835,1261.7340823970037,1425.9194756554307,1482.0280898876404,1579.616104868914,1822.7958801498128,1445.3202247191011,1761.5224719101125,2185.1591760299625,2316.0955056179773,1604.069288389513,1732.4794007490636,1878.3164794007491,1689.5056179775281,1571.1441947565543,1806.8895131086142,1983.9138576779026,2316.076779026217,1652.9007490636704,1963.185393258427,2360.2621722846443,3133.2715355805244,1982.2621722846443,1831.1797752808989,1761.3595505617977,1815.3913857677903,2270.00936329588,3716.4157303370785,4687.198501872659,3461.868913857678,2808.6704119850187,3377.9812734082398,2086.3558052434455,1697.623595505618,2058.4269662921347,2941.9269662921347,2437.874531835206,2781.558052434457,2489.9812734082398,2676.0374531835205,2571.4269662921347,3596.4026217228466,2755.005617977528,1971.4044943820224,1564.6348314606741,1794.5318352059926,2334.4737827715358,2094.7958801498125,1427.9606741573034,1848.8277153558051,2785.578651685393,3832.050561797753,2584.0299625468165,3180.602996254682,3277.8239700374534,3222.0880149812733,4403.588014981274,3434.065543071161,2430.6666666666665,4134.9625468164795,5056.09925093633,2840.0468164794006,2226.5205992509364,3435.4250936329586,5168.687265917603,5742.014981273408,4961.842696629214,3794.6947565543073,2917.807116104869,3188.123595505618,5192.578651685393,7222.162921348315,4807.505617977528,3436.250936329588,5413.445692883895,8799.807116104868,5818.548689138577,3514.5898876404494,2137.554307116105,1903.252808988764,2137.7359550561796,3317.4044943820227,3454.760299625468,3503.5823970037454,4442.906367041199,6680.89138576779,4525.801498127341,2713.3445692883897,2044.0805243445693,1522.7715355805244,1348.1591760299625,1667.3258426966293,1638.8314606741574,2074.4606741573034,3228.430711610487,3449.4775280898875,2104.260299625468,1778.8483146067415,1828.4101123595506,1800.3651685393259,1466.312734082397,1819.9887640449438,2451.3370786516853,3602.7116104868915,2727.563670411985,2395.9513108614233,2396.3595505617977,1788.8314606741574,1512.0880149812733,1743.9925093632958,2458.7883895131085,2456.7116104868915,1610.1479400749063,1635.4550561797753,1536.5468164794008,1870.0880149812733,1436.4831460674156,1608.3202247191011,1615.189138576779,2272.672284644195,2641.6554307116103,2373.0112359550562,1940.801498127341,1596.3726591760299,1435.3951310861423,1649.0393258426966,1532.5074906367042,1633.9550561797753,1999.5880149812733,1862.5074906367042,1480.8857677902622,1540.5992509363296,1344.5486891385767,1627.3426966292134,2185.807116104869,3417.12734082397,2393.1760299625466,1680.8501872659176,1599.8483146067415,1556.6760299625469,1454.2696629213483,1736.6647940074906,1442.1404494382023,1597.6273408239701,1954.0280898876404,2902.005617977528,4189.421348314607,4375.222846441948,2028.7677902621722,1877.503745318352,2354.7921348314608,2636.947565543071,1673.4887640449438,1537.3595505617977,1496.5880149812733,2258.921348314607,2113.8670411985017,2686.507490636704,3394.1404494382023,2254.3651685393256,2031.6310861423221,2351.1329588014983,1635.5205992509364,1711.4943820224719,2102.5917602996255,2259.0468164794006,1362.7940074906367,1396.6029962546816,1181.7116104868915,1318.632958801498,1254.9681647940074,1457.6741573033707,1405.1722846441949,1910.9925093632958,2846.2771535580523,2370.679775280899,1281.7116104868915,1289.814606741573,1236.0880149812733,1520.305243445693,1225.4850187265918,1458.2696629213483,1163.9213483146068,1464.0749063670412,1333.0917602996255,1270.2303370786517,1247.2865168539327,1348.8408239700375,1362.7827715355804,1931.7265917602997,2308.1516853932585,1784.8576779026216,1630.185393258427,2630.0,2583.8389513108614,1548.7996254681648,1419.7265917602997,1647.687265917603,1568.4531835205992,1542.7322097378278,1236.378277153558,1557.249063670412,1934.1498127340824,2446.065543071161,2793.62734082397,2048.7209737827716,1430.5936329588014,1624.5224719101125,1691.1591760299625,2323.423220973783,1748.9644194756554,1794.758426966292,1755.4831460674156,2316.8913857677903,1688.132958801498,1658.1741573033707,1976.9775280898875,2202.7715355805244,1411.621722846442,1474.6535580524344,1721.387640449438,2959.4737827715358,3701.563670411985,2168.1629213483147,1768.5749063670412,1945.8820224719102,1469.6179775280898,1534.9756554307116,1558.9026217228463,1726.7191011235955,1519.749063670412,1574.5786516853932,1528.5543071161048,2324.318352059925,4143.565543071161,4344.301498127341,1799.9213483146068,1522.2752808988764,1335.7602996254682,1395.6647940074906,1464.192883895131,1694.2902621722847,1429.1516853932585,2028.0430711610486,1868.7265917602997,1770.3408239700375,1289.0786516853932,1284.7865168539327,1132.4588014981273,1307.2771535580525,1239.7808988764045,1526.4606741573034,1749.252808988764,1939.8895131086142,1429.4794007490636,1372.9026217228463,1244.2677902621722,1534.2602996254682,1628.565543071161,1755.2303370786517,1754.7247191011236,2320.256554307116,2051.9513108614233,1486.6348314606741,1391.2172284644196,1625.258426966292,1907.694756554307,2104.0992509363296,2009.376404494382,2383.378277153558,1904.3277153558051,1771.0337078651685,1425.810861423221,1667.9419475655432,1771.5112359550562,1835.741573033708,1414.191011235955,1680.9644194756554,1867.059925093633,2929.7808988764045,4635.307116104869,5027.539325842697,1893.063670411985,1595.9569288389514,1616.6086142322097,1462.8239700374531,1136.9007490636704,1396.2397003745318,1245.2397003745318,1352.3426966292134,1506.878277153558,1515.3539325842696,1220.685393258427,1408.6573033707866,1256.7434456928838,1350.5842696629213,1245.7359550561798,1533.1966292134832,1419.694756554307,1611.9625468164793,1921.5168539325844,2574.0131086142324,1839.7846441947565,1327.752808988764,1180.073033707865,1387.3277153558051,1333.750936329588,1885.4569288389514,1670.0411985018727,1596.3426966292134,1221.947565543071,1573.052434456929,1681.3651685393259,1589.4925093632958,1191.1142322097378,1301.5280898876404,1191.0936329588014,1249.4044943820224,1189.5992509363296,1387.7602996254682,1298.3726591760299,1525.8483146067415,1470.1741573033707,1545.9625468164793,1385.807116104869,1418.0262172284645,1362.4007490636704,1655.6104868913858,2334.7284644194756,2071.121722846442,1198.7958801498128,1346.805243445693,1248.2434456928838,1260.1011235955057,1201.434456928839,1430.9232209737827,1544.24531835206,2478.421348314607,2357.0917602996255,1981.6722846441949,1520.561797752809,1767.880149812734,1686.6048689138577,1656.4850187265918,1799.9456928838952,2595.6760299625466,3073.0,2346.941947565543,1734.565543071161,2191.129213483146,2456.4063670411983,2749.076779026217,1912.623595505618,2095.016853932584,3419.4850187265915,3984.196629213483,1894.569288389513,1495.1029962546816,1357.1554307116105,1470.556179775281,1389.3895131086142,1621.2134831460673,1335.2116104868915,1456.125468164794,1493.430711610487,2128.241573033708,3201.99063670412,4783.310861423221,3120.956928838951,2267.5355805243444,1967.1104868913858,2453.8670411985017,1829.5468164794008,2353.1666666666665,2719.6629213483147,1801.9138576779026,1471.2696629213483,1893.5580524344568,2310.7022471910113,2704.3595505617977,1763.2322097378278,1829.4138576779026,2315.7134831460676,4148.559925093633,6294.98127340824,4334.406367041199,3211.5393258426966,2854.6329588014983,2549.561797752809,2016.9775280898875,1619.191011235955,2019.2116104868915,2686.061797752809,5146.078651685393,4726.625468164794,2293.5280898876404,1598.8445692883895,2034.8988764044943,2771.571161048689,4053.558052434457,2281.683520599251,2101.913857677903,2554.9513108614233,3813.2958801498125,2348.6086142322097,1691.3202247191011,1376.0917602996255,1512.5580524344568,1582.308988764045,2173.265917602996,2998.938202247191,4843.741573033708,4366.546816479401,5359.252808988764,6839.79213483146,3522.5355805243444,2415.619850187266,3622.5749063670414,5700.488764044944,5665.606741573034,3120.4962546816478,2442.252808988764,3279.938202247191,6299.762172284644,7255.786516853933,2897.2902621722847,1654.6460674157304,1729.9794007490636,1812.129213483146,1832.5411985018727,1403.9850187265918,1472.2827715355804,1483.691011235955,1959.0543071161048,1959.3632958801497,2954.2958801498125,3645.2827715355807,4526.996254681648,3371.7790262172284,4476.123595505618,7014.436329588015,5557.196629213483,6034.940074906367,4584.6741573033705,2895.6348314606744,3232.50936329588,3595.9531835205994,2166.9662921348313,1564.0074906367042,1666.447565543071,2227.389513108614,2556.310861423221,1953.2228464419475,2126.8314606741574,1902.0,2549.234082397004,4430.402621722847,7205.724719101124,3483.9775280898875,2056.696629213483,1927.438202247191,1763.0992509363296,1815.2677902621722,2588.054307116105,4512.044943820225,7752.829588014982,6323.3707865168535,8144.36329588015,4816.466292134832,3946.2191011235955,5347.749063670412,3788.0187265917602,2099.0561797752807,1873.8539325842696,1837.258426966292,2272.445692883895,3501.6704119850187,6124.861423220974,6472.114232209738,5860.271535580524,5341.151685393258,5629.799625468165,2680.2790262172284,2577.8146067415732,2548.1404494382023,1941.1142322097378,1592.8445692883895,1577.3295880149813,1581.9494382022472,1868.5767790262173,2427.928838951311,3873.37265917603,3118.6441947565545,4719.338951310861,4419.743445692884,5873.4157303370785,7296.662921348315,10581.32584269663,18394.011235955055,13562.951310861423,4483.279026217228,2629.612359550562,2593.724719101124,4502.078651685393,4555.868913857678,5672.966292134832,9708.10861423221,7386.63670411985,3278.61797752809,1828.7022471910113,1598.6179775280898,2139.3576779026216,3024.2546816479403,4868.310861423221,4952.161048689139,6170.402621722847,3398.0,1862.8576779026216,1588.8033707865168,1630.3651685393259,1561.9588014981273,1887.7565543071162,2288.743445692884,3389.7958801498125,6573.271535580524,5145.511235955056,2195.054307116105,2159.4887640449438,2594.438202247191,4485.760299625468,4467.505617977528,7578.24531835206,6232.284644194757,4129.316479400749,1990.4288389513108,1761.250936329588,1867.556179775281,2113.376404494382,2242.9887640449438,3814.067415730337,7405.179775280899,5996.829588014982,2481.1685393258426,1863.0580524344568,1459.5205992509364,1561.301498127341,1540.1554307116105,1605.4906367041199,1637.569288389513,2234.9513108614233,1972.694756554307,1987.9606741573034,2710.4700374531835,2896.234082397004,3116.423220973783,6072.837078651685,9114.659176029963,5637.471910112359,7180.737827715356,5796.5692883895135,2480.565543071161,2119.5936329588017,1775.5898876404494,2142.2902621722847,1519.2209737827716,1567.4812734082398,1507.8370786516855,1498.8295880149813,1627.1460674157304,2437.835205992509,4181.308988764045,8472.7734082397,5597.222846441948,2993.4588014981273,1771.878277153558,1572.7003745318352,1356.9007490636704,1343.0374531835207,1387.0355805243446,1481.5056179775281,1372.6535580524344,1668.741573033708,2080.9850187265915,2878.35393258427,5410.747191011236,5890.192883895131,2418.1666666666665,2091.9850187265915,1992.4943820224719,2023.1704119850187,1548.4737827715355,1694.2565543071162,1582.3857677902622,1542.4101123595506,1587.24531835206,2448.9812734082398,2903.0411985018727,5725.020599250936,3341.610486891386,1756.6310861423221,1393.4925093632958,1478.0205992509364,1369.3164794007491,1474.0468164794008,1420.7378277153557,1528.1348314606741,1454.5749063670412,1811.1666666666667,2172.1947565543073,4122.728464419476,4104.249063670412,2428.8464419475654,2243.687265917603,2225.994382022472,1699.312734082397,1736.3558052434457,1494.3258426966293,1594.6479400749063,1633.8408239700375,2036.3595505617977,2662.2134831460676,3956.050561797753,8811.670411985018,15233.878277153559,10456.83520599251,4189.6741573033705,2217.9194756554307,2144.5337078651687,1507.876404494382,1446.8408239700375,1219.3220973782772,1349.0,1171.3970037453184,1270.561797752809,1127.0973782771537,1277.7153558052435,1163.24531835206,1321.619850187266,1385.6048689138577,1707.8295880149813,1490.8895131086142,1602.5955056179776,1637.4681647940074,1438.2247191011236,1333.3558052434457,1423.4213483146068,1219.3539325842696,1483.8314606741574,1840.5430711610486,2745.4101123595506,1636.1498127340824,1454.8352059925094,1381.758426966292,1938.8426966292134,2071.361423220974,2265.6591760299625,1747.808988764045,1559.4007490636704,1336.4625468164793,1757.0205992509364,1283.559925093633,1576.3632958801497,2136.681647940075,3950.604868913858,3218.7546816479403,1940.443820224719,1313.996254681648,1361.4925093632958,1399.3352059925094,1616.4831460674156,1223.6573033707866,1290.4831460674156,1199.621722846442,1497.5468164794008,1929.5543071161048,1870.8951310861423,2083.5299625468165,2326.3239700374534,1686.936329588015,1735.8445692883895,1540.698501872659,1493.5224719101125,1277.1704119850187,1425.8033707865168,1328.5,1714.7677902621722,1910.6011235955057,1806.2153558052435,1534.7808988764045,2003.3483146067415,2418.112359550562,2879.1161048689137,2848.7378277153557,2641.8520599250937,1843.8202247191011,1532.2041198501872,1393.3333333333333,1546.2359550561798,1558.8970037453184,1598.9082397003745,1418.4044943820224,1589.5767790262173,1863.1348314606741,2622.2041198501875,2949.6591760299625,2030.573033707865,2218.8426966292136,2722.9007490636704,2436.614232209738,2284.2771535580523,1882.9644194756554,2441.7846441947568,2949.37265917603,3462.949438202247,2942.7977528089887,2139.923220973783,1749.4082397003745,2178.3913857677903,3264.765917602996,3237.2621722846443,2622.078651685393,2432.758426966292,1770.6516853932585,1961.6835205992509,1556.0318352059926,1854.9794007490636,1999.5430711610486,2619.4082397003745,2311.563670411985,2070.0131086142324,2214.5318352059926,1884.812734082397,1500.7303370786517,1530.1666666666667,1515.1516853932585,1844.059925093633,1684.4850187265918,1557.3408239700375,1517.1067415730338,1901.698501872659,1659.8202247191011,2376.6441947565545,3081.4176029962546,2128.1348314606744,1651.9850187265918,2280.679775280899,2761.576779026217,2348.440074906367,2900.00936329588,5064.62734082397,4214.438202247191,2647.7097378277153,2369.7041198501875,2112.8295880149813,2012.4588014981273,2183.2977528089887,1960.7059925093633,2366.423220973783,1617.0711610486892,1789.9906367041199,1921.8857677902622,1843.374531835206,2134.5880149812733,3038.005617977528,1971.6666666666667,1748.3970037453184,1969.9925093632958,2650.5805243445693,3210.752808988764,5228.567415730337,7324.535580524344,4661.807116104869,2851.432584269663,2424.7191011235955,3093.0205992509364,5803.020599250936,8157.614232209738,4011.7621722846443,2447.576779026217,2955.065543071161,4695.443820224719,5240.940074906367,4529.039325842697,2277.3408239700375,1783.0131086142321,1823.052434456929,1458.7303370786517,2104.6441947565545,2128.739700374532,4180.861423220974,2977.816479400749,1988.5711610486892,1774.8352059925094,1918.0393258426966,2493.741573033708,3268.614232209738,3772.430711610487,5582.191011235955,6909.760299625468,9209.423220973782,9483.642322097377,5668.065543071161,7506.40074906367,11569.239700374532,6455.310861423221,4473.458801498127,5369.436329588015,3564.0805243445693,3788.385767790262,3187.5936329588017,2782.2228464419477,4926.932584269663,8017.033707865168,4626.138576779026,3930.9513108614233,7678.076779026217,10002.436329588016,4286.606741573034,2626.0468164794006,3060.9250936329586,4089.9887640449438,9766.292134831461,11891.428838951311,5752.305243445693,5897.239700374532,8410.28277153558,5015.750936329588,3752.110486891386,4086.683520599251,4288.631086142322,3978.3052434456927,2539.868913857678,2189.0299625468165,3634.0,3809.0917602996255,3964.0917602996255,2572.172284644195,2071.8295880149813,2450.7621722846443,2232.38202247191,1635.692883895131,1857.807116104869,2407.558052434457,4915.724719101124,4020.2228464419477,2207.065543071161,1600.2322097378278,1540.9325842696628,1570.378277153558,2194.455056179775,3462.1498127340824,5542.520599250936,2706.3220973782772,2392.7921348314608,3016.387640449438,4971.990636704119,10367.556179775282,7663.48127340824,3759.052434456929,2467.1573033707864,1843.0749063670412,2299.7153558052432,2604.552434456929,2123.1760299625466,1885.1685393258426,2109.7209737827716,2462.205992509363,3184.4588014981273,2049.698501872659,1755.9981273408239,1673.7284644194756,1779.691011235955,2045.4606741573034,1847.1423220973784,1655.2378277153557,1741.0093632958801,1755.4288389513108,1669.3501872659176,1509.9325842696628,1731.2284644194756,1562.3464419475656,1525.5299625468165,1497.6797752808989,2501.12734082397,2979.7846441947568,4325.220973782772,2377.696629213483,1689.6067415730338,1444.2059925093633,1706.2902621722847,1424.4606741573034,1570.9606741573034,1712.7378277153557,3252.8426966292136,3593.368913857678,2196.8932584269664,1940.3558052434457,3241.058052434457,8094.953183520599,5997.490636704119,2564.241573033708,1892.1629213483145,1584.7752808988764,1587.7621722846443,1488.5973782771537,1441.1966292134832,1451.0449438202247,1714.1629213483145,2425.569288389513,2219.058052434457,1563.1273408239701,1528.1179775280898,1540.7715355805244,1689.7808988764045,1501.8857677902622,2274.7715355805244,2027.1573033707866,2819.956928838951,5289.940074906367,7173.951310861423,3232.6329588014983,2138.63670411985,1718.0786516853932,1640.0299625468165,1440.9850187265918,1978.9138576779026,2246.9775280898875,3501.799625468165,3353.4887640449438,2074.247191011236,1583.3464419475656,1446.75468164794,1230.5823970037454,1321.9943820224719,1179.3614232209738,1319.6348314606741,1412.2134831460673,1904.5880149812733,1315.503745318352,1229.6666666666667,1065.5430711610486,1150.2059925093633,1070.9194756554307,1179.9325842696628,1110.4194756554307,1341.621722846442,1306.9775280898875,2082.8838951310863,2893.7228464419477,7795.466292134832,10248.878277153559,5393.966292134832,3109.6554307116103,2024.2322097378278,1405.249063670412,1410.6104868913858,1527.426966292135,1540.2322097378278,1205.8932584269662,1310.503745318352,1143.1835205992509,1285.434456928839,1678.5505617977528,2730.4250936329586,2214.0280898876404,1619.6404494382023,1401.9063670411986,1496.2116104868915,1262.5393258426966,1329.187265917603,1257.123595505618,1430.447565543071,1304.926966292135,1515.8576779026216,1336.3389513108614,1539.4288389513108,1758.934456928839,2094.38202247191,2206.247191011236,2478.189138576779,1644.870786516854,1543.747191011236,1308.1610486891386,1369.5786516853932,1343.691011235955,1830.24531835206,2264.4700374531835,1824.2359550561798,1400.934456928839,1435.9625468164793,1423.7003745318352,1440.692883895131,1180.552434456929,1166.814606741573,1338.1441947565543,1423.6404494382023,1321.996254681648,1802.569288389513,1538.5299625468165,1625.1666666666667,1803.24531835206,1669.2022471910113,1520.559925093633,1625.3426966292134,1529.125468164794,1834.9250936329588,1634.8988764044943,2264.3651685393256,1747.9925093632958,1467.2153558052435,1336.996254681648,1822.5299625468165,1195.4044943820224,1392.1554307116105,1258.4887640449438,1445.3426966292134,1515.2752808988764,1626.069288389513,1532.8520599250937,1598.6610486891386,1310.7247191011236,1391.4325842696628,1469.1741573033707,1546.3576779026216,1257.191011235955,1387.741573033708,1661.8370786516855,1787.687265917603,2162.750936329588,1911.7303370786517,1677.74531835206,1570.5674157303372,1337.9868913857679,1443.387640449438,1360.8520599250937,1504.7022471910113,1301.9513108614233,1419.8333333333333,1423.7003745318352,1445.883895131086,1264.5393258426966,1396.565543071161,1277.4831460674156,1796.7191011235955,1288.1086142322097,1434.4456928838952,1597.1479400749063,2090.724719101124,1553.4044943820224,1666.1779026217228,1898.181647940075,3376.3052434456927,3063.1779026217228,4523.554307116105,2960.7921348314608,2246.998127340824,1747.7677902621722,1570.0486891385767,1410.6460674157304,1501.4794007490636,1230.2602996254682,1344.7790262172284,1225.249063670412,1418.4868913857679,1443.1348314606741,2086.692883895131,2903.4269662921347,2747.2621722846443,3137.586142322097,2517.387640449438,1845.2209737827716,1810.5280898876404,1730.808988764045,2185.6423220973784,3454.868913857678,3104.586142322097,1821.887640449438,1726.7191011235955,1453.4868913857679,1563.2153558052435,1687.8277153558051,1637.7116104868915,1457.1704119850187,1570.1367041198503,1389.9119850187267,1477.619850187266,1746.0374531835207,3323.818352059925,5847.3408239700375,4223.471910112359,2877.7696629213483,2872.679775280899,2198.9101123595506,1850.8932584269662,1666.7734082397003,1963.6797752808989,1817.307116104869,1896.3651685393259,2790.2902621722847,5120.142322097378,2997.432584269663,2294.7172284644193,2480.8239700374534,3174.5131086142324,2982.3483146067415,2378.4850187265915,2897.7846441947568,5630.89138576779,3249.376404494382,2713.5468164794006,3450.64606741573,6710.565543071161,11487.49063670412,6598.747191011236,3522.947565543071,2709.8464419475654,2538.38202247191,2451.679775280899,2294.241573033708,2290.434456928839,2772.4194756554307,6237.70786516854,4444.441947565543,2969.1161048689137,2751.1161048689137,2598.7958801498125,2022.7883895131085,2211.192883895131,3557.1629213483147,6289.524344569289,5715.835205992509,3402.3389513108614,2366.8370786516853,1926.6460674157304,1641.0936329588014,2176.0337078651687,3938.063670411985,4099.198501872659,3353.2640449438204,5848.571161048689,4782.147940074907,3925.734082397004,5007.080524344569,9987.346441947566,11369.662921348314,7571.61797752809,5681.074906367041,3493.312734082397,2359.5411985018727,2009.5411985018727,1773.8913857677903,2174.200374531835,1810.0842696629213,1768.7265917602997,2101.994382022472,1906.687265917603,1557.2865168539327,1633.7284644194756,1560.9756554307116,1991.3595505617977,2187.983146067416,2462.368913857678,2407.129213483146,2842.2977528089887,5261.782771535581,15914.498127340825,22577.659176029963,12283.60861423221,7690.20786516854,6163.949438202248,7199.788389513109,10237.076779026218,6773.694756554307,7681.539325842697,4626.179775280899,3590.501872659176,3671.7453183520597,3029.1760299625466,2260.878277153558,2129.49063670412,2104.7265917602995,3462.069288389513,2831.0486891385767,3444.621722846442,4789.031835205992,3634.5992509363296,2657.0468164794006,2131.102996254682,1672.447565543071,1752.7247191011236,1696.7059925093633,1956.1629213483145,1830.2734082397003,1956.6966292134832,2359.3670411985017,2342.7921348314608,2741.256554307116,3120.13670411985,2157.374531835206,2191.554307116105,2047.5674157303372,1959.2322097378278,1701.0074906367042,2257.2172284644193,1891.123595505618,3386.7827715355807,8890.370786516854,7412.988764044944,3978.5486891385767,2730.5880149812733,2279.432584269663,2796.052434456929,2336.299625468165,2128.6704119850187,1957.3277153558051,2896.196629213483,2401.3239700374534,2142.440074906367,2120.7546816479403,2315.1479400749063,3007.1554307116103,6941.076779026217,12715.10861423221,9754.719101123595,11004.711610486891,5988.073033707865,3784.1535580524346,2861.3558052434455,2096.741573033708,1866.1835205992509,1703.4513108614233,1843.2434456928838,1857.6685393258426,2140.0243445692886,2097.7865168539324,2517.5374531835205,1986.6760299625469,2619.00936329588,3112.705992509363,2447.1610486891386,1928.0449438202247,1824.7752808988764,1798.0112359550562,2209.434456928839,2713.941947565543,4574.279026217228,10307.938202247191,8484.511235955057,4390.63670411985,3363.8913857677903,2956.7734082397005,2486.0337078651687,2027.2752808988764,2309.741573033708,3003.4812734082398,2601.0112359550562,3230.8314606741574,6425.385767790262,9739.479400749064,6330.86329588015,3521.501872659176,2616.436329588015,2265.005617977528,1976.7209737827716,1561.6629213483145,1638.5280898876404,1409.5411985018727,1891.870786516854,1417.3202247191011,1873.3445692883895,2049.1329588014983,2012.2303370786517,2645.0224719101125,2371.5955056179773,1889.6310861423221,2337.0205992509364,2170.698501872659,2054.110486891386,2136.38202247191,2117.8146067415732,1690.2696629213483,1909.7734082397003,2214.749063670412,4076.4625468164795,8752.123595505618,5688.51872659176,3607.3464419475654,2746.5299625468165,2606.6441947565545,2266.578651685393,1696.8258426966293,1715.129213483146,1798.0112359550562,1883.378277153558,1935.5243445692884,3586.765917602996,9195.314606741573,6975.739700374532,4522.470037453183,4017.370786516854,3415.1629213483147,4762.033707865168,3882.0955056179773,6582.20786516854,17419.432584269663,14937.294007490636,8594.102996254682,6793.215355805243,4374.857677902622,3817.2827715355807,4637.125468164794,4018.835205992509,2774.9812734082398,2730.5262172284642,3814.312734082397,7678.323970037453,7337.604868913858,4394.016853932584,3195.7453183520597,3022.7921348314608,4479.790262172284,8747.513108614232,6214.483146067416,5794.889513108615,4119.091760299625,3237.700374531835,3021.376404494382,4884.801498127341,10210.153558052434,12434.569288389514,13620.365168539325,9122.955056179775,5463.277153558052,4072.87265917603,2968.2827715355807,3088.8838951310863,3626.6573033707864,2672.2790262172284,2342.808988764045,2571.378277153558,2429.2265917602995,2026.7041198501872,1760.3951310861423,1814.9550561797753,1464.8520599250937,1613.0205992509364,1950.7883895131085,2707.498127340824,3629.9063670411983,6707.859550561798,10619.078651685393,19295.03183520599,11905.638576779027,8444.730337078652,9734.23595505618,7409.282771535581,8010.177902621723,12666.550561797752,7286.331460674157,4803.048689138577,3409.071161048689,2813.2865168539324,2093.9775280898875,2296.6591760299625,1702.8295880149813,1852.1479400749063,2519.878277153558,6517.097378277153,17445.50374531835,12281.2265917603,7185.102996254682,5436.771535580524,4155.906367041199,4263.8558052434455,6631.112359550561,18458.157303370786,34544.01685393258,20649.647940074905,12757.211610486891,10523.749063670411,6934.041198501873,5615.956928838951,5979.071161048689,4431.861423220974,4753.76404494382,4321.078651685393,3306.044943820225,3045.930711610487,2481.586142322097,2923.2902621722847,3391.5992509363296,3120.456928838951,4499.62734082397,13810.911985018727,29005.529962546818,19720.940074906368,11691.38202247191,7873.561797752809,6267.6741573033705,8532.258426966293,15968.529962546816,20973.421348314605,17796.99625468165,17010.524344569287,14459.344569288389,9668.191011235955,8181.110486891385,7529.681647940075,4997.573033707865,3254.88202247191,2609.001872659176,2310.196629213483,1991.241573033708,2210.631086142322,2791.756554307116,3318.0992509363296,4667.286516853933,3548.6086142322097,2589.2453183520597,2293.5936329588017,2064.0,1991.1273408239701,1824.2640449438202,2404.0318352059926,2702.104868913858,2305.2116104868915,1834.0805243445693,2261.3932584269664,2507.6161048689137,4133.876404494382,5819.4307116104865,4576.887640449439,3872.1666666666665,7047.350187265917,9474.741573033707,9633.685393258427,10906.387640449439,6931.097378277153,7666.853932584269,17091.64606741573,14620.153558052434,14083.973782771536,11086.147940074907,6878.612359550561,5187.352059925093,4348.256554307116,3380.63670411985,3081.543071161049,2937.1947565543073,3068.8239700374534,2494.561797752809,2688.0355805243444,3192.4868913857676,4761.185393258427,8759.013108614232,17291.537453183522,18017.681647940073,10692.451310861423,6997.2734082397,7189.7340823970035,10289.591760299625,9264.943820224718,6126.247191011236,5736.101123595506,4357.0374531835205,3618.005617977528,3492.2696629213483,2756.827715355805,2031.4101123595506,1912.056179775281,1697.4288389513108,1771.2434456928838,1510.689138576779,1776.0505617977528,2768.2846441947568,5961.1591760299625,17073.37827715356,17946.66479400749,11109.795880149813,7830.026217228465,6089.249063670412,6297.786516853933,5206.425093632959,4050.198501872659,3657.9700374531835,3645.9962546816478,3282.7228464419477,4325.998127340824,4514.239700374532,3210.086142322097,3216.5318352059926,6383.393258426966,4304.376404494382,3020.6011235955057,2221.112359550562,2358.7378277153557,2830.187265917603,2884.189138576779,2446.256554307116,2949.5374531835205,3560.689138576779,3256.9438202247193,4853.486891385768,14500.492509363296,13588.956928838952,9002.702247191011,10291.2734082397,9182.28277153558,6732.01872659176,8075.8558052434455,6460.790262172284,4091.752808988764,2809.0205992509364,2496.816479400749,1961.2865168539327,2167.638576779026,2657.1011235955057,2691.0243445692886,2284.6161048689137,2131.1404494382023,1864.7846441947565,1876.125468164794,2120.732209737828,2845.432584269663,1872.0543071161048,1747.5187265917602,1481.3988764044943,1477.1666666666667,1606.073033707865,1843.6479400749063,1752.6086142322097,2011.623595505618,1645.6573033707866,1694.6404494382023,1692.2397003745318,2171.7977528089887,2244.1516853932585,2148.4606741573034,2827.576779026217,4798.576779026217,4318.842696629214,3173.8595505617977,2295.325842696629,1928.5580524344568,1652.9513108614233,1774.6516853932585,1597.1460674157304,1748.1460674157304,1694.4868913857679,1715.0187265917602,2317.2359550561796,2952.4887640449438,5408.883895131086,5804.067415730337,3949.37265917603,4397.091760299625,7667.998127340824,7499.5224719101125,5575.5074906367045,4917.876404494382,6690.352059925093,6294.016853932584,5300.887640449439,5715.683520599251,4534.797752808989,3680.1011235955057,5241.728464419476,5555.134831460674,7336.749063670412,11895.426966292134,7789.419475655431,6111.827715355806,6610.397003745318,5207.73595505618,4303.614232209738,3211.0936329588017,2285.483146067416,2131.889513108614,2313.2827715355807,4687.498127340824,5947.0224719101125,5260.848314606742,4164.949438202248,3008.700374531835,2458.0374531835205,3155.983146067416,2818.121722846442,2825.749063670412,2142.007490636704,2021.310861423221,2450.8239700374534,5490.132958801498,5266.149812734083,3933.955056179775,2919.928838951311,3292.11797752809,4026.6067415730336,4798.606741573034,6106.331460674157,9842.458801498127,6440.750936329588,6434.524344569289,8847.147940074907,10539.172284644195,9461.020599250936,14008.629213483146,9037.204119850187,5789.239700374532,4471.799625468165,3501.6853932584268,2363.7696629213483,1891.2827715355804,1461.6479400749063,1425.189138576779,1301.119850187266,1652.7977528089887,2796.9007490636704,4248.743445692884,3088.621722846442,2877.610486891386,2890.4756554307114,4092.4662921348313,12195.458801498127,19361.661048689137,12069.749063670411,9250.286516853932,8945.44756554307,12460.64606741573,8459.211610486891,5757.90074906367,5755.867041198502,4284.41011235955,3095.4887640449438,2924.775280898876,5598.951310861423,12533.805243445693,12624.365168539325,7774.906367041199,4934.63670411985,3992.7921348314608,4039.6853932584268,3870.5112359550562,3337.5337078651687,5787.440074906367,7939.380149812734,12091.41011235955,11329.110486891386,24432.34831460674,29891.812734082396,19596.563670411986,14842.370786516854,21845.955056179777,18607.40074906367,13254.846441947566,8826.89138576779,6580.211610486891,5209.282771535581,4104.747191011236,2898.001872659176,2616.3670411985017,3485.700374531835,9028.22097378277,14068.213483146068,9734.694756554307,8480.119850187266,18558.222846441946,22231.98127340824,14783.307116104868,10508.228464419475,11339.747191011236,17065.470037453182,20579.644194756554,28617.56179775281,18954.18352059925,11435.181647940075,7579.917602996255,5282.535580524344,3925.7284644194756,3620.121722846442,4287.867041198502,3054.205992509363,2473.1704119850187,2018.2041198501872,2441.00936329588,3057.9887640449438,5066.694756554307,15288.426966292134,17956.114232209737,11151.889513108614,8661.172284644195,7466.353932584269,5561.938202247191,3868.4438202247193,3097.947565543071,3182.687265917603,9070.563670411984,15919.073033707866,10513.681647940075,10191.94756554307,11326.719101123595,8696.451310861423,14765.68352059925,14544.814606741573,9122.239700374532,5688.176029962547,4070.9194756554307,3500.8295880149813,2926.0411985018727,2030.9681647940074,1776.065543071161,1542.378277153558,1512.3408239700375,1506.1498127340824,1601.6629213483145,1872.6498127340824,2228.3314606741574,1734.0262172284645,2268.5842696629215,2036.4176029962546,2025.6535580524344,2212.938202247191,2340.189138576779,2272.5486891385767,2024.132958801498,1666.874531835206,1845.2827715355804,1733.0243445692884,1849.1722846441949,1500.8370786516855,1344.7116104868915,1417.0898876404494,1533.2097378277153,2277.0224719101125,4401.691011235955,4616.5224719101125,5755.138576779026,11644.593632958802,8791.949438202248,6079.565543071161,5743.1591760299625,6254.329588014982,4657.192883895131,3360.698501872659,2952.2546816479403,2490.1423220973784,2788.5468164794006,3558.104868913858,6885.670411985018,13025.700374531834,9340.185393258427,5964.295880149813,4959.7808988764045,7435.086142322098,9243.934456928839,13003.374531835207,14005.799625468166,14749.08426966292,9235.250936329589,6203.348314606742,5412.666666666667,4327.258426966292,3124.2172284644193,2442.683520599251,2357.0131086142324,2630.5280898876404,6547.404494382023,6810.073033707865,7035.121722846442,7471.782771535581,6729.65543071161,4994.067415730337,4428.346441947566,3487.191011235955,2764.0842696629215,2420.4887640449438,2458.3426966292136,2422.683520599251,4010.4063670411983,10875.756554307116,9877.700374531834,7059.668539325843,6817.076779026217,11560.5468164794,25327.65168539326,19354.88202247191,12281.676029962548,8372.258426966293,6295.567415730337,4964.958801498127,5784.533707865168,16432.131086142323,28208.095505617977,22543.84456928839,15314.69850187266,10045.790262172284,7417.065543071161,6906.677902621723,14086.144194756554,15327.359550561798,17482.116104868914,26998.676029962546,19712.42883895131,16451.20224719101,25956.470037453182,20829.36329588015,13299.159176029963,8759.737827715357,6112.953183520599,4654.958801498127,3551.7902621722847,3066.076779026217,3597.395131086142,4433.994382022472,9367.065543071161,19484.393258426968,13960.533707865168,8795.09925093633,6992.453183520599,6029.8707865168535,4608.986891385768,3972.7172284644193,4367.38202247191,5676.404494382023,7490.859550561798,16391.262172284645,27681.052434456928,25040.852059925095,15283.46254681648,10328.383895131086,9988.88202247191,7296.574906367041,4826.2808988764045,3722.63670411985,3480.5037453183522,4052.395131086142,6804.067415730337,5420.728464419476,3918.9850187265915,3024.138576779026,3358.0973782771534,9382.116104868914,12967.606741573034,11107.661048689139,7734.222846441948,5357.511235955056,5269.689138576779,3835.516853932584,3050.928838951311,2637.835205992509,2588.7958801498125,3643.0355805243444,11216.868913857677,11238.749063670411,7245.822097378277,4996.166666666667,4951.558052434457,9205.788389513109,21260.53183520599,20994.74531835206,13376.065543071161,8960.936329588016,6195.51872659176,4315.760299625468,3367.9662921348313,2884.4737827715358,2873.698501872659,5902.13670411985,12156.398876404495,8265.956928838952,6454.046816479401,6054.70786516854,4655.076779026217,3233.196629213483,2865.9662921348313,2713.421348314607,2566.928838951311,2264.308988764045,3597.3558052434455,8683.644194756554,13362.001872659175,9461.337078651686,8106.119850187266,5293.359550561798,3810.923220973783,2966.810861423221,2626.576779026217,2387.516853932584,5158.571161048689,16622.013108614232,23678.063670411986,16516.812734082396,10146.629213483146,6584.260299625468,4736.056179775281,3345.198501872659,2654.5842696629215,2420.85393258427,3220.2715355805244,2885.6760299625466,3273.13670411985,3711.191011235955,7449.902621722847,17837.513108614232,21084.588014981273,17275.567415730337,14764.5,19429.657303370786,13894.018726591761,8448.653558052434,5822.0,4421.13670411985,3664.3333333333335,3216.275280898876,3098.4775280898875,4523.132958801498,4580.670411985018,3620.501872659176,4900.762172284644,11032.1797752809,8447.091760299625,5460.604868913858,5458.466292134832,7641.945692883895,6070.529962546817,7197.39138576779,13264.247191011236,9667.919475655432,6516.162921348315,4477.934456928839,4676.514981273408,12827.569288389514,15250.054307116105,10370.968164794007,7010.058052434457,5267.39138576779,5666.786516853933,7487.58988764045,7906.2340823970035,5404.743445692884,4789.917602996255,3203.9026217228466,2727.5112359550562,2771.9962546816478,2410.994382022472,2198.3295880149813,1964.573033707865,1605.8389513108614,1505.938202247191,1667.6966292134832,2169.5468164794006,1771.9456928838952,1710.0374531835207,1440.069288389513,1939.2734082397003,3891.183520599251,4457.7659176029965,4038.0,5932.436329588015,5219.936329588015,6100.352059925093,11633.750936329589,8672.586142322098,5756.09925093633,4708.951310861423,9803.329588014982,11841.852059925093,7165.496254681648,4746.063670411985,3644.563670411985,4450.541198501873,4605.014981273408,3738.1498127340824,4846.40074906367,13305.434456928839,10741.024344569289,7428.994382022472,6884.12734082397,13914.101123595505,11271.595505617977,7189.728464419476,4760.398876404494,4328.0,3668.0486891385767,3597.5561797752807,2506.7022471910113,2069.750936329588,2721.889513108614,3098.5280898876404,2349.8445692883897,2305.8389513108614,1935.7790262172284,1724.426966292135,1360.310861423221,1399.6011235955057,1357.7284644194756,2204.1573033707864,2388.664794007491,2411.9531835205994,2870.5917602996255,2603.2078651685392,2223.9082397003745,2275.8295880149813,2421.8670411985017,2521.752808988764,1761.4288389513108,1956.430711610487,2646.0355805243444,3560.818352059925,4552.445692883895,5351.9157303370785,4460.082397003745,4840.204119850187,4008.6067415730336,4725.323970037453,3455.456928838951,3694.249063670412,3686.8445692883897,2967.5468164794006,2357.775280898876,2146.767790262172,2187.6853932584268,3461.123595505618,8556.771535580525,8824.503745318352,5780.677902621723,3993.994382022472,2874.9026217228466,2256.998127340824,1782.9906367041199,1798.2059925093633,1855.1273408239701,2329.0411985018727,2019.1741573033707,2466.2228464419477,2471.4775280898875,2390.0955056179773,2074.3501872659176,2122.4438202247193,3472.8838951310863,5876.0,6116.979400749064,6094.440074906367,5347.247191011236,7948.895131086142,18861.01872659176,14497.00936329588,9560.10861423221,7177.132958801498,5762.357677902622,3803.7134831460676,2635.4868913857676,2225.239700374532,2013.132958801498,1841.818352059925,1504.698501872659,1610.073033707865,1872.1554307116105,2630.8314606741574,3386.12734082397,4352.805243445693,2952.4737827715358,2256.983146067416,1715.8389513108614,1584.6722846441949,1335.1573033707866,1972.7659176029963,2238.559925093633,2003.2902621722847,1636.2247191011236,2778.3239700374534,2799.423220973783,2302.267790262172,2137.2453183520597,2406.102996254682,2043.5955056179776,1689.3314606741574,1366.065543071161,1371.9213483146068,1206.1048689138577,1507.9719101123596,1570.818352059925,1597.750936329588,1391.6573033707866,1357.5074906367042,1194.565543071161,1283.2996254681648,1194.496254681648,1509.8370786516855,1273.0224719101125,1510.0355805243446,1812.8820224719102,2137.198501872659,4379.147940074907,6858.593632958801,5875.74531835206,3959.1479400749063,2611.8146067415732,2246.835205992509,1945.3445692883895,1894.0711610486892,1751.305243445693,1684.947565543071,1432.616104868914,1550.1067415730338,1835.7602996254682,3887.483146067416,14489.020599250936,13058.211610486891,8310.018726591761,6241.975655430711,4811.322097378277,3312.187265917603,2280.7865168539324,2347.423220973783,3632.5131086142324,2894.868913857678,2135.250936329588,1858.4831460674156,1530.749063670412,1436.9550561797753,1316.5299625468165,1921.5,3432.6498127340824,3401.0262172284642,2298.492509363296,1996.7902621722847,2199.4082397003745,2746.13670411985,2241.0561797752807,2135.563670411985,1644.565543071161,1614.887640449438,1318.563670411985,1401.438202247191,1681.312734082397,3849.50936329588,3049.767790262172,2244.4157303370785,1709.1647940074906,1814.7827715355804,2330.8501872659176,2135.2621722846443,1617.7322097378278,1555.1404494382023,1193.5711610486892,1175.9531835205992,1220.0,1298.0880149812733,1480.3033707865168,2433.5730337078653,6260.134831460674,7310.275280898876,4911.312734082397,4244.865168539326,5483.70786516854,5808.483146067416,3996.1479400749063,4859.189138576779,3539.913857677903,2791.6011235955057,1987.9213483146068,1706.318352059925,1368.3408239700375,1398.569288389513,1169.6460674157304,1338.8558052434457,1248.5674157303372,1577.7003745318352,1969.6835205992509,2511.198501872659,1965.6535580524344,1734.565543071161,1583.2752808988764,2321.0243445692886,3141.4588014981273,5030.741573033708,18461.413857677904,35833.29775280899,23005.915730337078,13375.97191011236,8363.333333333334,5509.823970037453,3412.3651685393256,2401.36329588015,1686.2265917602997,1596.5168539325844,1422.1629213483145,1543.2752808988764,1652.5973782771537,1789.5449438202247,1623.0823970037454,1652.9044943820224,1892.8483146067415,2483.114232209738,2052.35393258427,1920.5543071161048,1560.6610486891386,1681.1629213483145,1831.123595505618,2066.483146067416,1804.6273408239701,1868.625468164794,1589.2003745318352,1642.496254681648,1652.8352059925094,2681.0187265917602,4719.13670411985,14301.37265917603,29618.013108614232,18994.59925093633,10765.747191011236,7160.7265917603,4607.833333333333,3751.9101123595506,4357.067415730337,4809.1441947565545,4319.797752808989,3092.7771535580523,2192.940074906367,2173.3520599250937,3158.6554307116103,8106.638576779026,26540.082397003745,20045.6404494382,11033.612359550561,7348.307116104869,5234.4307116104865,4174.297752808989,2970.887640449438,2513.747191011236,3356.249063670412,4361.634831460674,2914.007490636704,2478.436329588015,2265.256554307116,2121.2228464419477,2266.734082397004,2380.4606741573034,1873.8576779026216,1616.3614232209738,1417.5711610486892,1418.250936329588,1567.2902621722847,1925.4063670411986,2591.318352059925,3868.8464419475654,3729.614232209738,2748.3408239700375,2095.123595505618,1898.7116104868915,1450.936329588015,1378.8370786516855,1253.632958801498,1368.376404494382,1194.6535580524344,1251.9101123595506,1223.1498127340824,1287.181647940075,1273.5337078651685,1408.4625468164793,1097.2902621722847,1155.1966292134832,1059.0280898876404,1282.8239700374531,1493.5243445692884,1973.4981273408239,1561.2659176029963,1493.7883895131085,1826.0243445692884,2009.752808988764,1507.3295880149813,1364.0786516853932,1369.2172284644196,1571.1704119850187,1673.5393258426966,1549.6835205992509,1191.438202247191,1216.370786516854,1171.0393258426966,1549.6629213483145,1364.073033707865,1285.3389513108614,1193.3483146067415,1461.7228464419475,1878.5880149812733,3465.308988764045,2378.698501872659,1927.7921348314608,1900.6741573033707,2922.050561797753,2027.0805243445693,1632.0262172284645,1322.3277153558051,1327.9082397003745,1407.187265917603,1663.2677902621722,1420.3932584269662,2028.6498127340824,1779.5711610486892,1505.4644194756554,1224.4756554307116,1223.4719101123596,1174.6498127340824,1671.426966292135,5447.2808988764045,6175.4775280898875,3764.945692883895,2998.2902621722847,2238.308988764045,1757.5711610486892,1873.9794007490636,2031.1460674157304,1646.1086142322097,1610.6779026217228,1433.9887640449438,1333.5767790262173,1240.5280898876404,1837.1722846441949,2022.8595505617977,1767.1441947565543,2490.067415730337,2830.449438202247,1821.938202247191,1599.9681647940074,1247.0955056179776,1257.3932584269662,1319.1722846441949,2596.131086142322,12537.159176029963,12710.897003745318,7839.958801498127,5183.220973782772,4379.89138576779,6004.777153558052,3730.0468164794006,2392.5936329588017,2028.258426966292,2907.3370786516853,2298.6704119850187,1714.3445692883895,1288.2715355805244,1257.312734082397,1160.0711610486892,1237.8033707865168,1129.876404494382,1230.7696629213483,1410.938202247191,2018.7134831460673,7187.90074906367,19979.46629213483,15355.88202247191,8105.2191011235955,4709.213483146067,2998.9044943820227,1899.380149812734,1896.9082397003745,2454.0730337078653,2033.192883895131,1690.3689138576779,2159.387640449438,1884.6348314606741,1694.9588014981273,1366.930711610487,1513.312734082397,1642.0262172284645,1641.9138576779026,1973.2940074906367,4380.919475655431,6969.213483146067,6216.919475655431,3948.265917602996,3054.3670411985017,4526.12734082397,4048.9850187265915,3791.8445692883897,3414.4269662921347,2936.325842696629,2275.13670411985,1705.8389513108614,1515.9625468164793,1306.5168539325844,1288.434456928839,1065.0898876404494,1094.687265917603,1054.5880149812733,1143.3970037453184,1045.9101123595506,1224.8445692883895,1050.4981273408239,1115.1404494382023,956.310861423221,1094.2322097378278,1133.7771535580525,1353.191011235955,1227.0131086142321,1257.9250936329588,1255.9419475655432,2027.5468164794008,2135.9737827715358,2689.7153558052432,2738.0898876404494,2479.8913857677903,2151.8295880149813,1843.250936329588,1799.191011235955,2716.4063670411983,3972.63670411985,3588.483146067416,2881.807116104869,2488.2640449438204,1962.6966292134832,1713.6573033707866,1433.934456928839,1373.0374531835207,1238.5430711610486,1577.2958801498128,4240.020599250936,7660.406367041199,5071.676029962547,3389.5037453183522,2161.9438202247193,1903.192883895131,3055.5243445692886,2958.1573033707864,2116.125468164794,2806.164794007491,8286.288389513109,11600.172284644195,10740.917602996255,6087.314606741573,3557.569288389513,2522.86329588015,1856.5280898876404,2538.5730337078653,6532.0,5237.239700374532,2902.1704119850187,1995.2602996254682,1449.3389513108614,1333.2790262172284,1570.2265917602997,3178.1947565543073,3216.578651685393,3083.179775280899,2225.3052434456927,2528.558052434457,7628.494382022472,12597.456928838952,14422.441947565543,8031.956928838951,4320.797752808989,3434.2921348314608,5149.172284644194,15839.563670411984,10722.50936329588,5419.554307116105,4096.009363295881,3533.8501872659176,2056.9194756554307,1715.7659176029963,1329.069288389513,1436.7827715355804,1657.8689138576779,1532.4662921348315,1384.5992509363296,1683.0955056179776,1552.814606741573,2067.4850187265915,4287.374531835206,3341.7846441947568,1855.7865168539327,1498.3726591760299,1159.4456928838952,1278.8314606741574,1616.8408239700375,1434.3913857677903,1128.0299625468165,1375.374531835206,1938.2883895131085,2192.059925093633,1859.1142322097378,2789.3558052434455,2160.563670411985,2112.065543071161,4885.949438202248,4425.0,2754.307116104869,1999.2191011235955,1582.119850187266,3538.189138576779,3627.552434456929,2391.4044943820227,2314.9044943820227,3536.440074906367,2991.436329588015,3578.0411985018727,3423.9588014981273,3282.076779026217,6009.614232209738,11151.807116104868,7273.357677902622,4003.498127340824,2338.6535580524346,1886.4082397003745,1377.878277153558,1318.2434456928838,1162.6348314606741,1249.7921348314608,1355.2940074906367,3240.9513108614233,7287.6292134831465,5266.196629213483,2976.1535580524346,3875.3408239700375,11612.322097378277,9964.902621722846,4883.346441947566,3131.174157303371,2844.586142322097,4178.883895131086,4229.359550561798,3520.623595505618,2426.104868913858,1782.4531835205992,1238.5393258426966,1104.7621722846443,1087.312734082397,1254.4775280898875,1099.8220973782772,1084.0449438202247,1244.3277153558051,2033.1779026217228,1873.189138576779,1713.9288389513108,2133.38202247191,4308.7191011235955,3720.3988764044943,2602.516853932584,1933.1591760299625,5174.48127340824,13575.672284644195,19930.676029962546,12299.99063670412,5433.359550561798,2596.247191011236,1730.689138576779,1260.0318352059926,1765.691011235955,1695.7022471910113,1425.2340823970037,1154.0299625468165,1184.3539325842696,1059.0861423220974,1143.8689138576779,1108.5674157303372,1399.6086142322097,1558.8970037453184,2817.9681647940074,12992.503745318352,22997.449438202246,12836.687265917602,5546.883895131086,2879.7134831460676,1888.7153558052435,1365.9737827715355,1409.9794007490636,1328.9456928838952,1305.5674157303372,1190.7434456928838,1197.7771535580525,1270.4213483146068,1547.2434456928838,1775.563670411985,1755.3220973782772,1461.6385767790262,1535.0674157303372,1641.4494382022472,4055.5936329588017,15116.08426966292,29427.936329588014,22612.812734082396,9798.72097378277,4315.483146067416,2541.672284644195,1912.7958801498128,2042.698501872659,1509.8202247191011,1314.8277153558051,1161.2116104868915,1150.5074906367042,1032.0898876404494,1189.0749063670412,998.4119850187266,1032.1554307116105,1173.3333333333333,1196.4101123595506,1109.4737827715355,1483.181647940075,4131.3558052434455,6615.288389513109,3737.897003745318,1994.4456928838952,1299.2003745318352,1248.0224719101125,1451.2621722846443,1496.5486891385767,1191.1048689138577,1273.073033707865,1122.2640449438202,1245.3951310861423,1107.7865168539327,1296.0093632958801,1464.2022471910113,1611.2265917602997,1354.7696629213483,1402.563670411985,1222.1685393258426,1256.2790262172284,1225.0299625468165,3200.3314606741574,8252.649812734082,7594.923220973783,3380.9775280898875,1884.2059925093633,1256.9906367041199,1129.559925093633,1180.1385767790262,1671.4756554307116,2323.9775280898875,6745.436329588015,9401.176029962548,5610.559925093633,2702.8932584269664,1772.8202247191011,1323.8820224719102,1393.2116104868915,1192.4456928838952,1185.934456928839,1071.3726591760299,1226.3333333333333,1356.7996254681648,1753.2041198501872,1625.9700374531835,1925.8520599250937,4946.713483146067,17556.39513108614,22723.827715355805,12494.417602996255,5807.393258426966,3388.436329588015,1922.2940074906367,1468.6011235955057,1042.9700374531835,1131.6048689138577,968.629213483146,1028.0,994.7116104868913,1319.1348314606741,3211.734082397004,4922.835205992509,3229.2621722846443,1802.4906367041199,1246.4569288389514,1152.7715355805244,999.5093632958801,1074.9176029962546,943.3483146067416,1068.1741573033707,920.1217228464419,1110.8239700374531,1054.6573033707866,1115.1554307116105,1124.8614232209738,1134.5074906367042,1000.9269662921348,1291.8726591760299,1772.4063670411986,6642.505617977528,17836.705992509364,23252.610486891386,12859.838951310861,5788.782771535581,2914.6479400749063,1906.681647940075,1222.0449438202247,1187.3520599250937,1017.7265917602996,1094.6479400749063,906.3071161048689,1003.1966292134831,1059.2565543071162,1102.2022471910113,1008.9737827715355,1082.5430711610486,981.9812734082396,1080.9176029962546,958.0936329588015,1096.7191011235955,1657.2659176029963,2815.604868913858,3232.00936329588,2193.13670411985,1332.7003745318352,1166.5674157303372,979.9288389513108,1083.9662921348315,940.9662921348314,1047.621722846442,957.1310861423221,1030.063670411985,1031.0411985018727,1188.1479400749063,1165.3576779026216,1199.7865168539327,1048.4026217228463,1153.1516853932585,1020.9737827715355,1176.6404494382023,1108.9700374531835,1148.0973782771537,954.8239700374531,1037.5823970037454,1089.5187265917602,1027.9981273408239,989.3801498127341,1123.8501872659176,1203.5973782771537,1883.1498127340824,2346.3464419475654,2907.071161048689,1981.6554307116105,1387.9250936329588,1026.7977528089887,1042.2640449438202,961.1591760299625,1054.2808988764045,888.5468164794007,1032.5992509363296,1033.3520599250937,1300.5262172284645,1264.7209737827716,1179.4644194756554,1018.4569288389513,1086.8558052434457,1020.1329588014981,1097.1142322097378,952.4456928838952,1092.3726591760299,963.9475655430712,1099.7996254681648,1011.623595505618,1055.0580524344568,928.7191011235955,1065.503745318352,1172.8501872659176,1446.8408239700375,1437.0842696629213,1699.063670411985,1425.5,1677.0093632958801,1846.1685393258426,2084.559925093633,1505.6797752808989,1242.0786516853932,1030.3726591760299,1107.8202247191011,1104.878277153558,1266.6348314606741,1177.694756554307,1290.3258426966293,1563.1704119850187,2167.8558052434455,2598.6329588014983,2567.623595505618,1619.181647940075,1255.2659176029963,1086.0318352059926,1119.5,1014.3670411985019,1175.367041198502,1086.8426966292134,1308.4044943820224,1387.9850187265918,2440.498127340824,7488.044943820225,16200.610486891386,23173.445692883895,25550.260299625468,14423.983146067416,6164.513108614232,2728.9194756554307,1884.2827715355804,1431.3932584269662,1518.4906367041199,1692.689138576779,2013.573033707865,1943.7752808988764,1751.0149812734082,1366.621722846442,1410.6441947565543,1358.0224719101125,1422.181647940075,1239.8895131086142,1203.2921348314608,1009.6179775280899,1116.8726591760299,914.0786516853933,1132.6067415730338,978.6404494382023,1086.0205992509364,952.8595505617977,985.1086142322098,857.374531835206,947.7602996254682,932.5243445692884,1041.8483146067415,902.9232209737828,1032.9063670411986,1283.943820224719,1404.2808988764045,1325.565543071161,1469.4719101123596,1386.5580524344568,2817.436329588015,7345.177902621723,11756.348314606741,15623.807116104868,16544.75468164794,9549.314606741573,4121.550561797752,2185.0561797752807,1927.2265917602997,1856.6310861423221
581.3413729128015,503.404452690167,529.2226345083488,464.95547309833023,591.760667903525,430.9944341372913,540.30426716141,525.6604823747681,555.47866419295,525.1706864564007,583.0686456400742,508.7421150278293,616.47866419295,478.0816326530612,594.7458256029685,616.1447124304267,655.7421150278293,615.1743970315399,594.0927643784787,568.9424860853433,608.5009276437847,570.9795918367347,677.6679035250464,601.8385899814472,693.9313543599258,679.0,649.4675324675325,593.517625231911,642.7012987012987,582.317254174397,691.6029684601114,611.0797773654916,708.2226345083488,637.4359925788498,709.2504638218924,610.4248608534323,730.6326530612245,592.6029684601114,711.7736549165121,599.2133580705009,711.1855287569573,642.3265306122449,627.799628942486,717.9573283858998,670.2263450834879,534.7940630797774,651.2578849721707,727.8534322820037,751.7717996289425,631.1688311688312,723.5287569573284,692.8107606679035,717.2263450834879,690.9443413729128,745.7328385899815,599.682745825603,725.8756957328386,653.1948051948052,691.7922077922078,634.634508348794,701.3877551020408,641.9666048237477,688.2578849721707,624.4545454545455,739.2931354359926,657.734693877551,729.2300556586271,670.4619666048237,623.6363636363636,729.8107606679035,682.5380333951763,671.2448979591836,727.5287569573284,644.2022263450834,713.847866419295,679.5769944341373,744.2077922077922,680.2319109461966,692.3283858998145,823.860853432282,773.9183673469388,675.2690166975881,734.0500927643785,717.3487940630798,742.1150278293136,697.6400742115028,781.5064935064935,651.7940630797774,711.2820037105752,713.1410018552875,748.5640074211502,662.5380333951763,780.0111317254174,763.9666048237477,724.747680890538,748.2300556586271,754.4118738404453,726.7884972170687,790.8756957328386,703.4211502782931,792.2745825602968,718.7755102040817,752.3079777365492,706.9536178107606,682.1020408163265,695.3840445269017,812.2059369202226,668.5602968460112,768.074211502783,702.91280148423,646.482374768089,839.4656771799629,834.4415584415584,745.7254174397032,778.6419294990724,738.6474953617811,843.9777365491651,718.1688311688312,801.0445269016698,772.3469387755102,771.7124304267162,778.2690166975881,826.6011131725418,739.9387755102041,797.8051948051948,708.6363636363636,770.3821892393321,724.0612244897959,844.9758812615955,798.3821892393321,819.6604823747681,761.9406307977737,841.8237476808905,739.8385899814472,755.3784786641929,741.4081632653061,819.8237476808905,780.356215213358,821.1038961038961,669.291280148423,774.9517625231911,692.5788497217069,678.3061224489796,823.9165120593692,859.8998144712431,757.2115027829313,778.8330241187384,776.8126159554731,788.556586270872,801.074211502783,788.3450834879407,730.4582560296845,769.556586270872,746.7513914656772,849.1057513914657,803.0482374768089,788.8311688311688,785.077922077922,769.8385899814472,689.1725417439703,833.4489795918367,799.265306122449,767.3543599257885,779.8107606679035,833.5473098330241,775.5936920222634,800.0352504638219,795.8534322820037,849.025974025974,720.7551020408164,869.4359925788498,800.7736549165121,846.0463821892394,774.1781076066791,743.0482374768089,869.4879406307978,890.4601113172541,777.9239332096475,853.2430426716141,760.5046382189239,897.4860853432282,792.1354359925789,802.3803339517625,801.4508348794063,771.3413729128015,757.517625231911,835.430426716141,816.4155844155844,796.3710575139147,823.2319109461966,827.4749536178108,811.9387755102041,845.0204081632653,778.3320964749536,861.6233766233767,768.5435992578849,863.8014842300556,821.1465677179963,829.0667903525047,887.430426716141,806.3135435992579,834.6994434137291,876.7031539888683,825.1539888682746,854.0037105751392,774.5936920222634,736.8256029684601,913.4285714285714,818.7050092764379,836.1781076066791,873.4526901669759,805.265306122449,863.038961038961,796.0408163265306,857.2115027829313,816.6066790352504,864.265306122449,784.0705009276438,822.1205936920222,795.4582560296845,847.7643784786642,843.7050092764379,881.0797773654916,812.7031539888683,877.7161410018552,865.3283858998145,834.6233766233767,789.191094619666,819.1539888682746,870.6883116883117,878.0055658627087,845.8701298701299,870.1113172541744,878.1576994434138,867.404452690167,874.9387755102041,806.1410018552875,784.1892393320965,784.1038961038961,916.0667903525047,868.2541743970315,828.734693877551,792.0185528756957,817.91280148423,827.2486085343228,809.7124304267162,851.5491651205937,755.074211502783,814.5974025974026,838.5380333951763,786.8367346938776,833.3617810760668,770.4378478664192,772.9925788497217,841.3061224489796,798.721706864564,800.2634508348794,810.0834879406308,841.8404452690166,836.2448979591836,834.0463821892394,858.1539888682746,872.9053803339517,767.9053803339517,892.4805194805194,810.2096474953618,845.0760667903525,884.5899814471243,837.5120593692022,814.7328385899815,885.669758812616,950.5788497217069,899.3525046382189,814.4471243042672,946.0760667903525,859.7050092764379,867.8163265306123,868.2374768089054,853.517625231911,846.1335807050093,881.469387755102,780.2207792207793,815.5491651205937,851.643784786642,848.1688311688312,885.2857142857143,860.8144712430427,877.7365491651206,856.8237476808905,782.2263450834879,880.7402597402597,810.2486085343228,840.4359925788498,844.8460111317254,874.922077922078,846.6419294990724,888.9907235621521,799.8051948051948,865.025974025974,819.8144712430427,864.4230055658627,817.7142857142857,788.1465677179963,977.0278293135436,901.2282003710575,894.5844155844156,833.9573283858998,813.0556586270872,866.7495361781076,842.3747680890538,857.7662337662338,887.3580705009276,830.4860853432282,838.3432282003711,896.4341372912802,833.2838589981448,913.1020408163265,816.7532467532468,849.4192949907235,869.8534322820037,900.3525046382189,859.7977736549166,900.760667903525,901.52133580705,892.5751391465677,846.8441558441558,879.4118738404453,893.6233766233767,841.5324675324675,918.9721706864564,916.0185528756957,859.2690166975881,903.2727272727273,815.3896103896104,780.3395176252319,1019.0166975881261,1046.139146567718,928.4916512059369,917.4285714285714,912.1205936920222,949.8367346938776,847.1057513914657,922.2467532467532,842.0241187384045,884.2226345083488,942.0946196660483,824.3599257884972,918.9424860853433,980.0853432282004,922.4489795918367,963.6994434137291,910.330241187384,918.582560296846,903.0296846011132,942.2319109461966,943.0575139146567,930.7569573283859,892.669758812616,902.9183673469388,892.6363636363636,877.0816326530612,882.1762523191095,930.4452690166976,929.5009276437847,933.3413729128015,853.8998144712431,826.5918367346939,963.5083487940631,961.747680890538,923.9536178107606,953.5473098330241,1009.278293135436,1106.0204081632653,1027.8831168831168,958.4619666048237,917.265306122449,916.8200371057513,924.9146567717996,971.1020408163265,915.6048237476809,934.7680890538034,975.6029684601114,983.3821892393321,967.4972170686457,987.922077922078,911.9239332096475,1005.0519480519481,931.2411873840446,984.5287569573284,960.1205936920222,1034.4359925788497,1003.0556586270872,949.7291280148423,932.1447124304267,963.3784786641929,910.7198515769944,961.4675324675325,926.1706864564007,853.799628942486,1063.9907235621522,951.8979591836735,969.2430426716141,1000.8571428571429,945.6382189239332,1027.60853432282,964.9981447124304,976.2430426716141,1039.0705009276437,1019.9944341372913,946.4712430426716,1005.5491651205937,939.8423005565862,949.5231910946196,1004.7810760667903,1070.8237476808906,1037.2764378478664,1075.7866419294992,1006.8701298701299,1028.6938775510205,986.3116883116883,988.4508348794063,1044.9777365491652,995.9666048237477,1003.0111317254174,1067.0871985157698,1039.5454545454545,1048.3599257884973,1024.1836734693877,1058.3692022263451,923.7569573283859,979.8998144712431,1200.4378478664194,1029.3339517625232,1113.5602968460112,1080.6307977736549,1045.4823747680891,1148.5714285714287,1196.4823747680891,1240.6437847866418,1061.413729128015,1060.2282003710575,981.8515769944341,975.634508348794,1031.543599257885,1056.7068645640074,1011.2820037105752,1061.1354359925788,1008.5009276437847,1058.582560296846,1034.8794063079777,1011.3265306122449,989.7922077922078,1082.6382189239332,1008.1669758812616,1065.586270871985,1113.012987012987,1077.6382189239332,1015.760667903525,955.7810760667903,968.4730983302412,1008.0723562152134,944.569573283859,959.4137291280149,1083.012987012987,1093.395176252319,958.7643784786642,1003.5361781076067,1053.1187384044526,1208.4285714285713,1159.2244897959183,1142.430426716141,976.7588126159554,1027.7588126159555,1020.5547309833024,1056.1243042671615,1168.6901669758813,1187.1168831168832,1138.2987012987012,1004.2374768089054,991.9016697588127,1014.3580705009276,1031.3710575139146,1135.0705009276437,1102.3265306122448,1079.4211502782932,1031.52133580705,1059.7328385899814,1071.0185528756958,1249.5714285714287,1221.4063079777366,1270.9053803339518,1109.100185528757,1088.1595547309832,992.4248608534323,984.4397031539888,1120.7903525046381,1062.5955473098331,982.1280148423006,1091.3320964749537,1095.7458256029684,1099.8645640074212,1137.8404452690168,1094.139146567718,1043.851576994434,1098.9554730983302,1144.9128014842302,1254.4378478664194,1065.6549165120593,1113.5528756957328,1114.2189239332097,1173.7810760667903,1164.0575139146567,1136.025974025974,1066.0686456400742,1260.8552875695732,1182.8794063079777,1126.1502782931354,1105.025974025974,1133.6679035250463,1126.2764378478664,1172.8961038961038,1115.0074211502783,1097.1298701298701,1032.9183673469388,1112.3283858998145,1046.987012987013,957.5918367346939,1163.0018552875695,1115.7272727272727,1083.6363636363637,1100.9573283859,1132.5250463821892,1217.1410018552876,1080.2022263450835,1158.6808905380333,1184.6679035250463,1082.5027829313544,1129.2115027829313,1111.2226345083488,990.5398886827459,1151.2727272727273,1075.938775510204,1075.9461966604824,1001.6419294990724,1123.9016697588127,1082.7068645640074,1067.2931354359926,1071.543599257885,1040.526901669759,1000.0185528756957,1102.1447124304268,1064.9851576994433,1091.4230055658627,1092.3358070500929,1152.0593692022264,1025.851576994434,1115.9907235621522,1038.7680890538034,1089.8014842300556,1105.7866419294992,1189.2356215213358,1161.730983302412,1122.0371057513914,1187.5528756957328,1274.1576994434138,1148.5640074211503,1212.1205936920223,1166.0871985157698,1285.6493506493507,1171.0946196660482,1214.7458256029684,1158.7050092764377,1017.60853432282,1101.1502782931354,1210.1966604823747,1163.5027829313544,1186.9610389610389,1045.699443413729,1071.9536178107608,1056.4619666048238,1266.4675324675325,1302.3246753246754,1244.3135435992579,1111.8126159554731,1043.5807050092765,1006.5677179962894,1205.660482374768,1149.2077922077922,1315.8979591836735,1157.7866419294992,1111.2801484230056,1283.2356215213358,1440.834879406308,1284.3970315398888,1154.6456400742115,1039.1076066790351,1093.0222634508348,1046.656771799629,1134.5473098330242,1159.8163265306123,1166.3970315398888,1101.8664192949907,1084.0389610389611,1048.3803339517626,1169.886827458256,1163.3061224489795,1262.5974025974026,1052.430426716141,1163.3116883116884,1023.5250463821892,1121.1799628942485,1118.6363636363637,1369.7847866419295,1055.9962894248608,1044.7940630797773,1006.6400742115028,1144.773654916512,1164.30426716141,1280.077922077922,1042.161410018553,1045.47866419295,937.0371057513914,1088.1799628942485,1274.734693877551,1255.0667903525045,1090.526901669759,1138.4452690166977,1081.8923933209649,1237.7625231910947,1161.064935064935,1157.343228200371,1120.5621521335806,1119.8126159554731,1194.5807050092765,1264.9072356215213,1080.9925788497217,1025.5473098330242,1088.9795918367347,1305.4359925788497,1437.051948051948,1595.239332096475,1250.2578849721706,1212.4897959183672,1110.6530612244899,1107.4230055658627,1075.2615955473098,1119.7643784786642,1089.495361781076,1303.9128014842302,1056.126159554731,1074.2282003710575,963.4749536178108,1017.5269016697588,959.9703153988868,1012.634508348794,1083.948051948052,1246.061224489796,1190.8330241187384,1103.5027829313544,1024.682745825603,1112.4712430426716,1070.682745825603,1148.469387755102,1164.3673469387754,1121.9962894248608,1025.3896103896104,1034.8812615955474,986.0166975881261,1042.987012987013,1007.1762523191095,1123.365491651206,1083.3988868274582,1170.2671614100186,1198.669758812616,1357.287569573284,1077.417439703154,1104.6419294990724,1011.595547309833,1029.8107606679034,979.39146567718,1109.1224489795918,1042.5788497217068,1211.1094619666048,1250.269016697588,1524.6938775510205,1571.0037105751392,1187.9944341372914,1184.7513914656772,1199.1243042671615,1102.7012987012988,1520.7384044526902,1760.0667903525045,1663.3877551020407,1841.6530612244899,1513.8534322820037,1087.0575139146567,1164.2727272727273,1067.660482374768,1179.0797773654917,1182.4879406307978,1505.7198515769944,1853.282003710575,1571.2059369202227,1423.3079777365492,1598.061224489796,1468.9554730983302,1506.5473098330242,1411.2096474953619,1799.2300556586272,2645.2393320964748,3206.849721706865,2456.634508348794,1923.0092764378478,1542.2356215213358,1514.2727272727273,1633.4582560296847,2370.1929499072357,2670.5621521335806,1572.948051948052,1391.5899814471243,1343.126159554731,1343.5417439703153,1347.530612244898,1173.5064935064936,1319.7773654916512,1232.012987012987,1600.9369202226344,1724.7717996289425,1437.834879406308,1146.8126159554731,1239.300556586271,1194.2003710575138,1505.582560296846,1955.139146567718,2442.8256029684603,2644.307977736549,2182.0927643784785,1470.9072356215213,1746.9536178107608,1415.7717996289425,1416.0593692022264,1577.9332096474955,2015.7717996289425,1726.2541743970316,1371.8460111317254,1491.9925788497217,1424.1818181818182,1433.4192949907235,1931.5324675324675,1617.300556586271,1442.7142857142858,1624.4044526901669,1514.8274582560298,1221.2282003710575,1366.2671614100186,1595.5732838589981,2207.8404452690165,1784.6196660482374,1859.3970315398888,1562.0204081632653,1383.6159554730984,1276.0890538033395,1330.8979591836735,1432.9888682745825,1795.730983302412,1939.469387755102,1878.2411873840445,2461.194805194805,3186.2411873840447,3853.2894248608536,3010.2764378478664,2437.1576994434135,1944.0278293135436,1754.2467532467533,1499.8181818181818,1213.4359925788497,1348.5139146567717,1516.7625231910947,1971.0742115027829,2432.951762523191,1742.30426716141,1347.4359925788497,1321.2244897959183,1481.3024118738404,1519.7068645640074,1163.4155844155844,1398.0148423005567,1467.5640074211503,1993.139146567718,2938.43413729128,3548.187384044527,1773.2282003710575,1452.8719851576996,1374.339517625232,1822.669758812616,2342.873840445269,2176.0463821892395,1505.3469387755101,1450.0871985157698,1380.9833024118739,1666.1150278293135,1535.556586270872,1881.2987012987012,2606.526901669759,3528.4972170686456,2202.231910946197,2251.530612244898,2463.703153988868,1711.0445269016698,1386.530612244898,1492.3153988868276,1736.3729128014843,2606.688311688312,3243.6753246753246,2409.9239332096477,1720.4359925788497,1840.9053803339518,2283.43599257885,1575.30426716141,1226.9499072356216,1378.1317254174396,1238.0705009276437,1313.8831168831168,1288.9257884972171,1549.5380333951762,1250.365491651206,1386.5751391465676,1240.7421150278294,1247.821892393321,1157.2300556586272,1281.6382189239332,1332.17439703154,1718.7365491651206,1656.3098330241187,1888.4378478664194,1385.9035250463821,1408.2356215213358,1217.3487940630798,1324.3710575139146,1423.061224489796,1652.8961038961038,1656.9332096474955,1790.9758812615955,1700.712430426716,1713.0871985157698,1514.0871985157698,1644.6790352504638,1851.155844155844,1686.0222634508348,1634.5009276437847,2114.560296846011,1870.8719851576996,1654.8942486085343,1494.5027829313544,1484.9666048237477,1433.2337662337663,1818.5176252319109,2347.0352504638217,2585.430426716141,1766.1076066790351,1387.556586270872,1463.5584415584415,2029.6419294990724,1635.3246753246754,1878.365491651206,2043.035250463822,2010.656771799629,1909.922077922078,1814.1762523191094,1626.582560296846,1736.0853432282004,1351.2931354359926,1445.8961038961038,1409.508348794063,1532.773654916512,1412.048237476809,1512.5231910946197,1385.821892393321,1538.9628942486086,1784.8423005565862,1690.617810760668,1464.909090909091,1576.0630797773656,1505.9406307977736,1632.7161410018552,1837.6660482374768,1922.408163265306,1865.795918367347,1845.7792207792209,1708.051948051948,1994.734693877551,2321.1595547309835,2740.818181818182,2733.987012987013,2299.070500927644,1913.6586270871985,2230.1688311688313,2272.7884972170687,2100.356215213358,2026.9573283859,2047.9666048237477,1878.8589981447124,1905.9109461966605,1807.844155844156,1775.7235621521336,1826.7532467532467,1913.9684601113172,1826.7773654916512,2965.166975881262,3015.3525046382188,2001.2207792207791,1862.1688311688313,2195.1855287569574,1617.9573283859,1896.556586270872,1753.3840445269016,1687.8979591836735,1853.1205936920223,2267.118738404453,2861.6641929499074,3079.5936920222634,1819.970315398887,2085.3951762523193,2889.5510204081634,4126.551020408163,5026.354359925788,3848.3358070500926,2473.252319109462,2029.4879406307978,2334.116883116883,2918.9239332096477,3188.3543599257887,4290.764378478664,4132.08719851577,4068.3469387755104,4818.575139146567,5257.027829313543,4957.628942486085,3340.0575139146567,2688.614100185529,3367.17254174397,2342.8404452690165,1711.9888682745825,1729.8812615955474,2112.5120593692022,2180.278293135436,2117.1799628942485,1895.8107606679034,2145.7922077922076,2251.4007421150277,1827.5027829313544,1980.5658627087198,3076.8237476808904,3126.8682745825604,2518.9165120593693,2248.9053803339516,2509.204081632653,1914.617810760668,1984.9202226345083,2181.977736549165,2639.4100185528755,2788.734693877551,2464.899814471243,1867.8311688311687,1683.265306122449,1521.0037105751392,1947.7513914656772,2662.9925788497217,2992.7068645640074,2456.9220779220777,2203.4860853432283,1917.8107606679034,2656.5621521335806,2963.1576994434135,2409.8367346938776,3163.931354359926,3341.2727272727275,2551.500927643785,3123.064935064935,3038.7458256029686,3052.5732838589984,2362.790352504638,1974.17439703154,2214.1910946196663,2952.656771799629,4004.0630797773656,5153.504638218924,4500.925788497217,4472.267161410018,3642.3376623376626,3561.252319109462,3265.9591836734694,3666.3766233766232,4098.664192949907,3882.6103896103896,4665.580705009276,4879.679035250464,3208.2541743970314,2483.8089053803337,1972.60853432282,2323.873840445269,2555.768089053803,3513.5899814471245,3822.005565862709,3495.5454545454545,3640.387755102041,3950.499072356215,4829.649350649351,5319.634508348794,3670.549165120594,4201.849721706864,4046.2115027829313,3076.8515769944343,3445.248608534323,4169.8886827458255,3732.2671614100186,3545.113172541744,3128.4749536178106,4006.0185528756956,3991.0408163265306,4091.2282003710575,4075.5881261595546,4844.285714285715,3799.025974025974,3214.1410018552874,3190.2115027829313,3914.818181818182,3965.0111317254173,3363.8237476808904,2522.8404452690165,2020.2541743970316,1598.1372912801485,1832.4619666048238,1668.300556586271,1536.9016697588127,1502.7810760667903,1698.495361781076,1446.7161410018552,1511.1725417439702,1513.7866419294992,1508.6066790352504,1457.6437847866418,1576.2022263450835,1692.6660482374768,1861.8033395176253,1804.7161410018552,2665.5343228200372,3540.005565862709,3070.1057513914657,2269.3840445269016,1566.604823747681,1345.2226345083488,1663.4230055658627,1935.8070500927645,2257.3525046382188,1512.6975881261596,1680.9591836734694,1574.717996289425,1709.4619666048238,1868.8033395176253,1880.7569573283859,1312.090909090909,1434.4712430426716,1474.6883116883116,1730.6103896103896,1876.3617810760668,2087.6975881261596,2592.0148423005567,3196.1094619666046,2422.6641929499074,2114.6753246753246,2336.4935064935066,1662.1447124304268,1426.6289424860854,1512.938775510204,1463.1076066790351,1810.0797773654917,2532.786641929499,3178.2189239332097,1888.8367346938776,1988.317254174397,2346.0352504638217,2877.3283858998143,3616.12987012987,2565.090909090909,1785.9554730983302,2502.0575139146567,2086.2894248608536,1710.365491651206,1355.8033395176253,1737.1669758812616,2116.4601113172544,2700.17254174397,1962.964749536178,2335.3413729128015,2441.209647495362,2205.4267161410016,1376.857142857143,1517.6901669758813,1559.0890538033395,2001.6883116883116,2786.736549165121,4705.558441558442,5737.269016697588,5998.1595547309835,3294.5343228200372,1818.9313543599258,1392.417439703154,1431.4025974025974,1271.7161410018552,1511.725417439703,1539.0018552875695,2160.307977736549,2521.090909090909,3088.3636363636365,3622.6048237476807,4342.775510204082,2238.705009276438,1959.8961038961038,1860.3228200371057,2097.213358070501,2196.339517625232,3164.9628942486083,4077.60853432282,3302.5936920222634,2420.847866419295,3246.6901669758813,2426.799628942486,1643.30426716141,1471.8627087198515,1771.5602968460112,2179.1020408163267,3340.6938775510203,2601.7940630797775,1870.7792207792209,1803.5120593692022,2102.6808905380335,2216.8515769944343,2482.016697588126,2059.500927643785,1740.9072356215213,2140.3543599257887,2173.8682745825604,2034.155844155844,3284.9499072356216,3041.666048237477,1949.8330241187384,1860.5027829313544,2849.2282003710575,2970.252319109462,2411.2671614100186,2777.1743970315397,4033.6419294990724,5501.855287569573,3850.569573283859,1999.3153988868276,1617.0630797773656,1296.860853432282,1463.7866419294992,1411.2578849721706,1850.8552875695732,1570.8589981447124,1476.8181818181818,1289.152133580705,1362.3135435992579,1113.4359925788497,1253.0055658627086,1287.3617810760668,1342.4842300556586,1377.0946196660482,1376.5881261595548,1110.3358070500929,1455.78293135436,1468.4230055658627,1356.2597402597403,1135.6808905380333,1271.1669758812616,1132.090909090909,1262.025974025974,1199.6252319109462,1348.417439703154,1112.987012987013,1274.8534322820037,1100.8812615955474,1413.899814471243,1217.9424860853433,1260.4211502782932,1117.035250463822,1229.2356215213358,1144.6159554730984,1236.3562152133582,1225.17439703154,1478.9758812615955,1165.2597402597403,1250.0853432282004,1154.4712430426716,1232.30426716141,1081.0166975881261,1173.5324675324675,1350.1298701298701,1531.6975881261596,1517.6066790352504,1446.6141001855287,1431.204081632653,1788.5139146567717,1868.365491651206,1635.278293135436,1770.4897959183672,2421.0927643784785,1603.8051948051948,1309.0575139146567,1165.3283858998145,1272.161410018553,1261.6029684601112,1186.2207792207791,1101.851576994434,1327.2319109461966,1079.0853432282004,1297.4842300556586,1110.9777365491652,1270.7625231910947,1191.656771799629,1183.3617810760668,1099.3858998144713,1207.8181818181818,1214.269016697588,1576.4118738404452,1838.617810760668,1678.0204081632653,1361.773654916512,1331.7421150278294,1503.8979591836735,1486.3766233766235,1285.9257884972171,1452.7996289424862,1493.7198515769944,1689.8812615955474,1305.3246753246754,1198.8701298701299,1177.5009276437847,1313.5454545454545,1287.7625231910947,1733.6679035250463,2028.4489795918366,1824.8423005565862,1299.0222634508348,1375.4211502782932,1474.1818181818182,1972.4118738404452,1463.3209647495362,1477.3896103896104,1575.604823747681,1942.0204081632653,2102.65120593692,2104.285714285714,1640.126159554731,1508.9294990723563,1353.9795918367347,1686.3283858998145,1358.0185528756958,1281.938775510204,1085.1836734693877,1261.5064935064936,1423.7551020408164,1478.5955473098331,1565.3543599257885,1799.7421150278294,1445.4192949907235,1762.5139146567717,2188.9814471243044,2311.3358070500926,1604.7773654916512,1734.7940630797773,1876.8051948051948,1685.8961038961038,1574.7588126159555,1811.569573283859,1975.9925788497217,2296.9814471243044,1635.191094619666,1950.2189239332097,2328.682745825603,3076.7105751391464,1961.3098330241187,1816.7328385899814,1745.6771799628943,1812.508348794063,2274.461966604824,3715.43599257885,4662.640074211503,3455.6846011131724,2810.8107606679037,3362.805194805195,2078.9703153988867,1696.1447124304268,2055.4415584415583,2935.5027829313544,2434.3636363636365,2775.530612244898,2487.931354359926,2670.940630797774,2543.4192949907238,3522.903525046382,2717.7328385899814,1965.9777365491652,1560.0278293135436,1781.287569573284,2307.1428571428573,2078.7179962894247,1426.2096474953619,1844.5732838589981,2785.0723562152134,3832.2337662337663,2596.816326530612,3181.7773654916514,3268.359925788497,3191.892393320965,4341.525046382189,3398.601113172542,2398.6103896103896,4038.5287569573284,4914.842300556586,2786.5974025974024,2214.569573283859,3419.8756957328387,5125.094619666048,5642.526901669758,4874.543599257885,3763.144712430427,2892.833024118738,3138.9146567718,5055.016697588127,7008.256029684601,4683.502782931354,3374.734693877551,5279.417439703154,8568.506493506493,5705.38961038961,3492.8367346938776,2130.547309833024,1891.508348794063,2112.779220779221,3266.8756957328387,3431.7384044526902,3474.3191094619665,4354.00185528757,6509.2504638218925,4445.60853432282,2702.378478664193,2049.730983302412,1523.3840445269016,1350.148423005566,1673.0630797773656,1642.9758812615955,2072.8682745825604,3218.7384044526902,3440.4025974025976,2113.3933209647494,1791.4397031539888,1840.4489795918366,1809.4285714285713,1466.3988868274582,1816.8849721706865,2443.165120593692,3555.43599257885,2693.4192949907238,2380.736549165121,2373.5844155844156,1784.3339517625232,1511.4285714285713,1746.0185528756958,2466.278293135436,2463.150278293135,1618.2949907235623,1642.5510204081634,1542.21706864564,1879.2411873840445,1443.090909090909,1610.8126159554731,1613.5844155844156,2270.69573283859,2642.526901669759,2350.311688311688,1915.4879406307978,1591.8849721706865,1440.970315398887,1656.4972170686456,1535.1076066790351,1619.1688311688313,1964.6326530612246,1841.6512059369202,1473.469387755102,1533.6753246753246,1343.300556586271,1628.8961038961038,2186.2226345083486,3404.8423005565865,2386.6456400742113,1688.491651205937,1608.6975881261596,1557.2282003710575,1458.2152133580705,1744.4972170686456,1442.7105751391466,1594.5102040816328,1937.465677179963,2878.547309833024,4109.109461966605,4269.122448979592,2003.0426716141,1873.6549165120593,2357.855287569573,2637.595547309833,1671.1447124304268,1536.6660482374768,1498.2411873840445,2260.3896103896104,2100.181818181818,2638.278293135436,3304.552875695733,2231.6363636363635,2037.7161410018552,2354.896103896104,1636.3562152133582,1713.8794063079777,2107.4879406307978,2259.4285714285716,1366.7551020408164,1404.339517625232,1184.5714285714287,1320.1298701298701,1259.4025974025974,1459.6122448979593,1405.699443413729,1909.9795918367347,2836.051948051948,2358.2708719851576,1279.3228200371057,1291.8033395176253,1238.5788497217068,1524.5324675324675,1227.9795918367347,1461.604823747681,1172.0,1468.3228200371057,1334.3803339517626,1275.4749536178108,1252.2411873840445,1352.1502782931354,1364.3840445269016,1932.126159554731,2309.226345083488,1788.7977736549165,1634.708719851577,2639.8144712430426,2590.1317254174396,1549.621521335807,1423.5102040816328,1652.6029684601112,1570.139146567718,1545.604823747681,1236.1057513914657,1554.291280148423,1916.7866419294992,2422.582560296846,2781.291280148423,2044.7272727272727,1435.682745825603,1632.0816326530612,1697.3673469387754,2320.038961038961,1747.152133580705,1799.2448979591836,1758.0983302411873,2324.860853432282,1683.6753246753246,1649.0278293135436,1964.0185528756958,2183.230055658627,1407.4823747680891,1474.5844155844156,1726.9016697588127,2972.2820037105753,3701.263450834879,2163.2411873840447,1774.7977736549165,1952.4675324675325,1471.4211502782932,1534.4842300556586,1549.0760667903526,1722.2207792207791,1516.9684601113172,1570.2541743970316,1524.7272727272727,2317.6753246753246,4103.033395176252,4282.65306122449,1788.5324675324675,1525.725417439703,1337.3191094619667,1392.469387755102,1451.1836734693877,1679.7402597402597,1417.9257884972171,2015.5844155844156,1849.3673469387754,1758.7458256029684,1290.7625231910947,1284.987012987013,1134.126159554731,1307.1948051948052,1244.7773654916512,1536.430426716141,1765.6029684601112,1959.5398886827459,1432.6493506493507,1373.948051948052,1249.5157699443414,1548.6289424860854,1643.6641929499071,1766.7569573283859,1763.9888682745825,2328.3283858998143,2059.9536178107605,1485.465677179963,1389.0463821892392,1623.3747680890538,1908.1892393320966,2093.9795918367345,2000.0927643784787,2391.5361781076067,1908.5027829313544,1771.2022263450835,1425.0760667903526,1675.682745825603,1785.9499072356216,1842.935064935065,1422.1168831168832,1682.2615955473098,1861.9146567717996,2913.896103896104,4606.118738404452,4993.2949907235625,1884.660482374768,1592.3729128014843,1604.077922077922,1459.2560296846011,1137.7588126159555,1397.6975881261596,1249.7792207792209,1356.5899814471243,1511.8886827458257,1519.3228200371057,1224.669758812616,1412.6289424860854,1263.048237476809,1352.851576994434,1253.2319109461966,1539.5454545454545,1427.0630797773656,1619.4897959183672,1935.604823747681,2587.424860853432,1845.2282003710575,1326.4359925788497,1180.7847866419295,1384.6159554730984,1335.8274582560298,1893.6326530612246,1681.6623376623377,1605.821892393321,1228.9777365491652,1583.029684601113,1699.9554730983302,1598.3692022263451,1193.443413729128,1305.7068645640074,1195.2300556586272,1254.7588126159555,1196.9795918367347,1391.8756957328385,1304.0797773654917,1536.0333951762523,1476.2838589981448,1555.1465677179963,1396.1224489795918,1423.4897959183672,1363.9814471243042,1662.6437847866418,2340.317254174397,2071.061224489796,1201.8905380333952,1353.5102040816328,1253.5361781076067,1262.7495361781075,1202.6549165120593,1435.6641929499071,1553.9072356215213,2498.1762523191096,2378.2393320964748,1995.773654916512,1534.2207792207791,1781.5974025974026,1700.491651205937,1668.8775510204082,1815.8534322820037,2627.6549165120596,3110.1910946196663,2368.3358070500926,1746.1317254174396,2201.3766233766232,2457.34879406308,2728.5584415584417,1915.6159554730984,2108.4860853432283,3441.860853432282,4006.7940630797775,1904.8423005565862,1502.1224489795918,1363.8682745825604,1476.5027829313544,1390.1799628942485,1618.491651205937,1338.4063079777366,1460.339517625232,1501.543599257885,2138.187384044527,3212.736549165121,4779.807050092764,3142.2764378478664,2283.103896103896,1970.7680890538034,2451.974025974026,1837.526901669759,2368.7773654916514,2728.2337662337663,1803.3580705009276,1473.6716141001855,1887.721706864564,2286.5324675324673,2675.3840445269016,1761.2764378478664,1832.3710575139146,2312.30426716141,4132.769944341373,6243.241187384045,4330.369202226345,3203.9109461966605,2871.2189239332097,2584.643784786642,2033.1224489795918,1626.3617810760668,2023.0111317254175,2684.666048237477,5129.113172541744,4707.7532467532465,2300.4007421150277,1607.0222634508348,2042.6122448979593,2778.213358070501,4053.5899814471245,2286.3153988868276,2115.194805194805,2574.1094619666046,3844.122448979592,2368.6326530612246,1697.4248608534324,1379.5398886827459,1514.8831168831168,1583.4359925788497,2172.3580705009276,2987.2671614100186,4822.849721706864,4368.168831168831,5367.371057513915,6827.363636363636,3527.903525046382,2433.660482374768,3657.3543599257887,5723.78478664193,5629.858998144712,3102.812615955473,2444.5844155844156,3285.4675324675327,6260.994434137291,7189.942486085343,2892.8886827458255,1661.8701298701299,1739.2764378478664,1821.7198515769944,1841.365491651206,1406.6623376623377,1476.708719851577,1484.9684601113172,1957.2300556586272,1962.2801484230056,2969.2226345083486,3655.5807050092762,4535.61038961039,3373.34879406308,4469.866419294991,6976.25788497217,5495.810760667903,5923.730983302412,4511.773654916512,2890.686456400742,3266.1428571428573,3627.801484230056,2173.8200371057515,1575.7235621521336,1675.3988868274582,2247.2189239332097,2580.387755102041,1973.035250463822,2149.569573283859,1910.7847866419295,2555.3191094619665,4438.730983302412,7186.686456400742,3490.371057513915,2070.7606679035252,1941.6159554730984,1773.148423005566,1824.5899814471243,2603.5807050092762,4534.597402597403,7768.178107606679,6354.725417439703,8139.077922077922,4814.968460111318,3937.1465677179963,5333.860853432282,3796.705009276438,2115.91280148423,1886.2356215213358,1852.5584415584415,2294.7940630797775,3530.3543599257887,6160.166975881261,6487.423005565863,5867.139146567718,5374.801484230055,5644.228200371058,2692.252319109462,2603.7588126159553,2579.60853432282,1958.9907235621522,1602.5120593692022,1586.7922077922078,1596.7458256029684,1885.543599257885,2459.5417439703156,3928.549165120594,3149.003710575139,4748.847866419295,4444.077922077922,5915.415584415585,7317.922077922078,10541.591836734693,18254.417439703153,13509.447124304266,4494.935064935065,2643.0946196660484,2607.4378478664194,4509.248608534323,4567.497217068646,5698.873840445269,9715.938775510203,7409.048237476809,3288.87012987013,1838.0760667903526,1607.860853432282,2155.0927643784785,3053.0779220779223,4913.25974025974,5006.356215213358,6236.792207792208,3428.1762523191096,1873.6196660482374,1600.178107606679,1639.0333951762523,1573.4267161410019,1898.269016697588,2300.6474953617812,3402.0111317254173,6566.1150278293135,5143.781076066791,2210.556586270872,2178.461966604824,2627.946196660482,4547.849721706864,4534.907235621521,7697.556586270872,6323.801484230055,4179.942486085343,2006.8293135435993,1773.0742115027829,1890.7532467532467,2132.2764378478664,2257.0853432282,3829.8589981447126,7411.736549165121,5992.009276437848,2500.0760667903523,1874.6679035250463,1469.7495361781075,1574.0890538033395,1547.5250463821892,1614.1038961038962,1655.4415584415585,2262.9053803339516,1999.7068645640074,2010.2189239332097,2747.994434137291,2929.200371057514,3133.935064935065,6093.018552875696,9119.007421150278,5648.781076066791,7175.424860853433,5793.756957328386,2493.8682745825604,2137.059369202226,1786.760667903525,2137.8423005565865,1518.8534322820037,1573.834879406308,1516.0983302411873,1504.2671614100186,1631.4601113172541,2451.220779220779,4216.226345083488,8511.196660482376,5623.144712430427,3026.5120593692022,1782.2931354359926,1579.9814471243042,1362.282003710575,1347.252319109462,1392.6660482374768,1489.3079777365492,1380.656771799629,1679.9684601113172,2099.538033395176,2891.7551020408164,5430.471243042672,5898.2504638218925,2418.200371057514,2095.495361781076,2009.4118738404452,2035.3376623376623,1556.0760667903526,1705.9146567717996,1591.408163265306,1546.7068645640074,1589.3877551020407,2452.3506493506493,2920.1372912801485,5759.120593692022,3360.614100185529,1761.2838589981448,1397.9257884972171,1483.0055658627086,1374.100185528757,1481.7903525046381,1427.8163265306123,1535.7421150278294,1462.4341372912802,1824.4471243042672,2194.3024118738404,4165.682745825603,4135.371057513915,2435.87012987013,2254.4601113172544,2250.4749536178106,1716.1836734693877,1748.6660482374768,1502.0241187384045,1602.4100185528757,1645.2949907235623,2052.873840445269,2692.469387755102,3992.669758812616,8891.805194805194,15350.25974025974,10524.30612244898,4221.461966604824,2234.226345083488,2159.595547309833,1518.7680890538034,1454.5027829313544,1223.909090909091,1349.5510204081634,1174.3061224489795,1272.3599257884973,1133.4879406307978,1285.2096474953619,1168.0630797773656,1325.9777365491652,1395.1948051948052,1724.5473098330242,1510.1632653061224,1617.2226345083488,1653.2634508348794,1447.2578849721706,1337.6530612244899,1427.269016697588,1223.6641929499071,1491.2541743970316,1864.495361781076,2786.6493506493507,1653.3153988868276,1461.7773654916512,1391.717996289425,1962.417439703154,2096.231910946197,2294.0333951762523,1768.7031539888683,1570.4452690166977,1347.5714285714287,1764.69573283859,1292.469387755102,1587.035250463822,2163.4860853432283,4014.961038961039,3269.8756957328387,1957.9907235621522,1323.0742115027829,1368.9239332096474,1412.5454545454545,1633.4211502782932,1231.847866419295,1295.2578849721706,1205.3061224489795,1506.4823747680891,1957.1855287569574,1887.4452690166977,2113.721706864564,2352.443413729128,1692.7884972170687,1742.8719851576996,1550.4749536178108,1500.2467532467533,1283.3766233766235,1433.0575139146567,1336.0055658627086,1730.8126159554731,1934.4230055658627,1819.0927643784787,1546.8719851576996,2023.0500927643784,2454.2671614100186,2915.0575139146567,2899.0853432282,2675.107606679035,1856.591836734694,1537.60853432282,1398.5157699443414,1554.5528756957328,1570.4100185528757,1610.9591836734694,1425.2671614100186,1600.0500927643784,1884.6641929499071,2659.1595547309835,2998.08719851577,2052.421150278293,2244.9591836734694,2749.4749536178106,2439.2115027829313,2289.8682745825604,1901.100185528757,2472.640074211503,3001.873840445269,3525.849721706865,2997.3729128014843,2164.8719851576993,1766.6864564007421,2207.2189239332097,3327.8144712430426,3293.291280148423,2660.5064935064934,2464.838589981447,1781.064935064935,1970.343228200371,1568.0853432282004,1875.530612244898,2024.621521335807,2654.3450834879404,2336.877551020408,2078.8515769944343,2217.0927643784785,1893.9536178107608,1513.408163265306,1536.0983302411873,1527.5176252319109,1857.6641929499071,1703.5881261595548,1571.0074211502783,1528.4712430426716,1920.7680890538034,1677.6530612244899,2413.6159554730984,3140.3283858998143,2152.1094619666046,1667.7161410018552,2295.025974025974,2803.8237476808904,2381.855287569573,2945.8237476808904,5168.736549165121,4304.332096474954,2688.439703153989,2408.801484230056,2139.935064935065,2032.873840445269,2199.3636363636365,1989.4397031539888,2401.4638218923933,1629.4211502782932,1791.0092764378478,1912.0222634508348,1852.2504638218925,2168.009276437848,3090.178107606679,1994.7792207792209,1762.113172541744,1992.1317254174396,2692.4285714285716,3267.118738404453,5326.452690166976,7450.113172541744,4706.821892393321,2882.504638218924,2446.2393320964748,3128.3673469387754,5898.328385899815,8310.313543599257,4075.198515769944,2479.343228200371,3004.640074211503,4799.13172541744,5363.519480519481,4620.411873840445,2306.5899814471245,1798.378478664193,1838.7662337662337,1470.3079777365492,2119.4935064935066,2159.903525046382,4263.558441558442,3032.213358070501,2008.148423005566,1793.1150278293135,1941.2931354359926,2530.7179962894247,3325.6679035250463,3840.7198515769946,5672.86827458256,7037.1150278293135,9410.024118738404,9673.818181818182,5729.25974025974,7580.881261595548,11773.959183673469,6557.7031539888685,4544.102040816327,5480.667903525046,3625.1539888682746,3864.892393320965,3240.1892393320963,2826.9795918367345,5024.922077922078,8196.254174397032,4710.807050092764,3991.2393320964748,7822.628942486085,10179.35064935065,4351.9795918367345,2652.6679035250463,3087.417439703154,4149.456400742115,9925.42857142857,12077.319109461967,5817.500927643785,5955.864564007421,8489.526901669758,5087.280148423006,3812.499072356215,4171.1113172541745,4373.816326530612,4053.1892393320963,2569.0853432282,2214.773654916512,3684.714285714286,3872.7458256029686,4037.473098330241,2608.5120593692022,2096.031539888683,2491.3024118738404,2260.60853432282,1647.2764378478664,1866.6066790352504,2442.7105751391464,5015.374768089054,4094.5231910946195,2229.1892393320963,1614.4452690166977,1548.0686456400742,1581.1576994434138,2221.1892393320963,3523.404452690167,5639.732838589982,2746.2987012987014,2422.5139146567717,3051.4192949907238,4989.860853432282,10315.250463821892,7655.410018552876,3778.3191094619665,2479.194805194805,1860.9628942486086,2331.730983302412,2644.7717996289425,2148.864564007421,1907.0946196660482,2130.4230055658627,2492.886827458256,3226.699443413729,2067.0834879406307,1762.1187384044526,1682.534322820037,1792.916512059369,2070.1094619666046,1859.30426716141,1654.5807050092765,1739.6716141001855,1775.5324675324675,1685.8200371057515,1519.8144712430426,1748.7643784786642,1574.9313543599258,1534.9257884972171,1509.3098330241187,2526.9165120593693,3038.569573283859,4401.855287569573,2406.8682745825604,1702.6771799628943,1450.3469387755101,1721.8664192949907,1436.7662337662337,1583.7903525046381,1731.5176252319109,3305.9499072356216,3649.0352504638217,2218.560296846011,1951.9666048237477,3240.5324675324673,8065.807050092764,5984.26159554731,2561.9369202226344,1895.378478664193,1592.282003710575,1591.7699443413728,1484.9369202226344,1446.491651205937,1465.8534322820037,1728.339517625232,2455.8571428571427,2238.3320964749537,1570.2671614100186,1536.1280148423004,1554.191094619666,1706.2430426716141,1514.6103896103896,2303.3970315398888,2055.220779220779,2852.339517625232,5365.272727272727,7268.987012987013,3268.231910946197,2157.5992578849723,1732.8942486085343,1646.4192949907235,1452.4823747680891,2003.5788497217068,2282.9369202226344,3562.8237476808904,3413.6029684601112,2097.6048237476807,1595.3413729128015,1451.029684601113,1236.935064935065,1326.4990723562153,1186.1205936920223,1326.5231910946197,1426.7291280148422,1930.3580705009276,1327.0575139146567,1233.3933209647496,1069.5584415584415,1152.951762523191,1074.7625231910947,1184.5584415584415,1114.491651205937,1346.3636363636363,1316.1168831168832,2096.9795918367345,2933.7588126159553,7932.447124304267,10414.237476808905,5471.8719851577,3155.161410018553,2044.9758812615955,1415.721706864564,1417.5788497217068,1542.0723562152134,1551.6493506493507,1211.7792207792209,1316.5658627087198,1147.6011131725418,1293.0630797773656,1694.155844155844,2768.9499072356216,2242.5361781076067,1631.6141001855287,1409.5640074211503,1510.6641929499071,1272.3098330241187,1334.6901669758813,1263.8831168831168,1437.7903525046381,1312.291280148423,1525.0241187384045,1345.1576994434138,1553.2115027829313,1779.0500927643784,2113.5732838589984,2240.9795918367345,2501.4322820037105,1660.4768089053803,1558.5287569573284,1314.2356215213358,1376.083487940631,1353.9851576994433,1845.1873840445269,2291.107606679035,1841.0890538033395,1412.2894248608534,1444.1372912801485,1435.0797773654917,1449.0575139146567,1184.2857142857142,1173.582560296846,1345.7810760667903,1431.2949907235623,1331.4397031539888,1820.142857142857,1552.012987012987,1635.2931354359926,1820.2115027829313,1684.3543599257885,1533.4100185528757,1641.8775510204082,1547.1873840445269,1857.048237476809,1652.152133580705,2293.291280148423,1769.3265306122448,1478.6679035250463,1344.82560296846,1827.339517625232,1200.3413729128015,1397.60853432282,1259.7717996289425,1452.3339517625232,1527.7495361781075,1638.721706864564,1541.591836734694,1606.3710575139146,1315.9554730983302,1396.0371057513914,1479.5139146567717,1555.400742115028,1263.8849721706865,1393.8051948051948,1673.0204081632653,1804.1966604823747,2191.5417439703156,1930.1985157699444,1692.6883116883116,1581.1706864564007,1344.964749536178,1448.148423005566,1365.6307977736549,1513.2411873840445,1305.9035250463821,1425.382189239332,1431.3858998144713,1448.951762523191,1269.634508348794,1402.860853432282,1282.4675324675325,1800.5621521335806,1292.1020408163265,1441.0983302411873,1614.899814471243,2120.764378478664,1568.0,1680.4879406307978,1921.9053803339518,3428.935064935065,3111.0204081632655,4598.743970315399,3003.7625231910947,2270.961038961039,1764.9257884972171,1581.343228200371,1418.5102040816328,1506.5547309833023,1234.5769944341373,1349.6808905380333,1232.3469387755101,1424.9424860853433,1453.161410018553,2112.3061224489797,2957.4025974025976,2790.139146567718,3189.7755102040815,2547.3469387755104,1863.5899814471243,1825.7050092764377,1748.3487940630798,2217.6530612244896,3521.5250463821894,3141.938775510204,1843.077922077922,1743.8942486085343,1460.443413729128,1577.0853432282004,1705.1094619666048,1649.155844155844,1466.3747680890538,1583.395176252319,1398.1205936920223,1481.5324675324675,1760.0463821892392,3385.8571428571427,5968.08719851577,4299.1614100185525,2918.847866419295,2917.30426716141,2225.6530612244896,1865.6901669758813,1683.8831168831168,1991.8682745825604,1839.3877551020407,1917.2801484230056,2832.5287569573284,5211.224489795918,3038.517625231911,2318.640074211503,2524.4638218923933,3230.743970315399,3031.977736549165,2407.6938775510203,2948.0834879406307,5735.91280148423,3302.0408163265306,2750.5139146567717,3503.9925788497217,6807.269016697588,11614.543599257884,6658.165120593692,3555.7105751391464,2736.5027829313544,2568.6623376623374,2479.961038961039,2328.2152133580703,2316.003710575139,2810.743970315399,6330.628942486085,4509.320964749536,3001.7012987012986,2788.313543599258,2634.495361781076,2047.3877551020407,2232.8200371057515,3615.307977736549,6419.339517625232,5833.636363636364,3454.9925788497217,2393.265306122449,1943.7012987012988,1657.0705009276437,2199.7105751391464,4015.7235621521336,4171.12987012987,3404.7625231910947,5950.0222634508345,4873.792207792208,3991.940630797774,5099.244897959184,10151.844155844155,11507.957328385899,7684.153988868275,5782.951762523191,3533.9554730983305,2383.3061224489797,2024.2374768089053,1791.5751391465676,2197.552875695733,1828.1688311688313,1783.5936920222634,2123.91280148423,1922.1706864564007,1566.6920222634508,1644.1280148423004,1572.469387755102,2014.8886827458257,2216.8311688311687,2498.4638218923933,2444.178107606679,2875.3061224489797,5311.243042671614,15954.384044526902,22598.48237476809,12323.660482374768,7748.0853432282,6217.855287569573,7235.0686456400745,10276.949907235621,6843.7959183673465,7798.734693877551,4691.677179962894,3641.482374768089,3736.7922077922076,3075.6252319109462,2285.9202226345083,2148.9703153988867,2128.5417439703156,3516.5992578849723,2876.515769944341,3503.7291280148424,4894.43413729128,3708.8144712430426,2697.938775510204,2151.517625231911,1684.7662337662337,1765.8589981447124,1704.0074211502783,1971.7161410018552,1843.599257884972,1975.0,2397.8719851576993,2373.3153988868276,2783.6048237476807,3160.994434137291,2178.630797773655,2213.2894248608536,2068.9554730983305,1976.0723562152134,1712.9406307977736,2270.6066790352506,1902.838589981447,3398.209647495362,8909.48423005566,7429.602968460112,3997.139146567718,2743.4712430426716,2291.0630797773656,2832.2189239332097,2360.925788497217,2150.4100185528755,1980.9925788497217,2951.116883116883,2434.031539888683,2165.65120593692,2146.165120593692,2337.7068645640074,3036.048237476809,6976.061224489796,12764.508348794063,9821.576994434137,11080.795918367347,6039.014842300557,3817.0946196660484,2886.243042671614,2111.5398886827456,1877.9610389610389,1713.6363636363637,1852.8942486085343,1874.582560296846,2156.773654916512,2117.7272727272725,2538.194805194805,2008.9424860853433,2653.617810760668,3170.6363636363635,2474.311688311688,1949.064935064935,1837.6400742115027,1811.2894248608534,2227.204081632653,2745.3450834879404,4619.452690166976,10337.582560296845,8514.74211502783,4408.729128014842,3383.4749536178106,2980.7717996289425,2501.343228200371,2040.7050092764377,2336.7922077922076,3054.504638218924,2634.6938775510203,3277.4879406307978,6532.712430426716,9829.116883116883,6386.630797773655,3549.56400742115,2631.3673469387754,2292.3803339517626,1998.712430426716,1568.6382189239332,1646.987012987013,1416.2189239332097,1897.7384044526902,1426.5769944341373,1893.3580705009276,2077.43413729128,2034.2764378478664,2690.5547309833023,2406.103896103896,1910.4192949907235,2370.4489795918366,2202.7847866419297,2079.404452690167,2164.1372912801485,2145.9721706864566,1709.4341372912802,1929.1818181818182,2239.320964749536,4118.337662337663,8837.235621521335,5748.378478664193,3649.9220779220777,2774.6493506493507,2639.330241187384,2289.6103896103896,1711.165120593692,1728.2022263450835,1819.2708719851578,1898.8923933209649,1954.430426716141,3616.285714285714,9278.935064935065,7061.918367346939,4583.094619666048,4066.6270871985157,3473.5714285714284,4857.426716141002,3953.9276437847866,6683.621521335807,17711.0426716141,15257.406307977737,8770.460111317254,6936.606679035251,4452.625231910946,3882.209647495362,4738.051948051948,4101.764378478664,2819.4378478664194,2770.5769944341373,3876.456400742115,7858.701298701299,7511.079777365491,4476.348794063079,3244.931354359926,3067.178107606679,4566.280148423006,8957.69387755102,6350.834879406308,5927.369202226345,4204.645640074212,3295.2987012987014,3072.8534322820037,4988.34508348794,10462.179962894248,12740.560296846012,13958.805194805194,9313.60296846011,5575.08719851577,4144.588126159555,3017.805194805195,3143.8033395176253,3700.2894248608536,2713.4582560296844,2378.7124304267163,2611.0853432282,2466.6623376623374,2045.948051948052,1776.9424860853433,1829.7625231910947,1477.9554730983302,1625.6808905380333,1970.100185528757,2749.812615955473,3693.2448979591836,6843.719851576994,10846.385899814471,19700.922077922078,12148.673469387755,8615.547309833024,9964.7439703154,7562.322820037106,8101.7959183673465,12758.918367346938,7357.410018552876,4851.057513914657,3445.5899814471245,2844.307977736549,2115.6846011131724,2312.833024118738,1717.239332096475,1865.5324675324675,2546.7625231910947,6562.376623376624,17530.21706864564,12387.443413729128,7258.894248608534,5504.831168831169,4204.382189239333,4314.992578849722,6728.0204081632655,18600.00927643785,34712.94805194805,20828.890538033396,12894.34693877551,10683.615955473098,7039.404452690167,5710.469387755102,6099.04452690167,4515.322820037106,4856.2504638218925,4406.376623376624,3369.630797773655,3098.012987012987,2516.547309833024,2972.5231910946195,3464.8719851576993,3179.7847866419297,4572.397031539888,13954.712430426716,29155.118738404453,19909.61781076067,11824.961038961039,7973.599257884972,6349.289424860854,8661.7439703154,16215.890538033394,21229.400742115027,18032.83487940631,17211.159554730984,14649.118738404453,9819.296846011131,8335.897959183674,7695.486085343228,5101.404452690167,3310.43599257885,2646.4100185528755,2338.9536178107605,2012.8014842300556,2243.9554730983305,2849.311688311688,3379.3970315398888,4769.974025974026,3621.3153988868276,2639.051948051948,2330.0927643784785,2097.3617810760666,2013.4749536178108,1847.1502782931354,2438.5250463821894,2746.9888682745827,2338.3246753246754,1851.3079777365492,2279.9814471243044,2549.30426716141,4218.762523191094,5928.298701298701,4664.69944341373,3937.4860853432283,7178.4786641929495,9655.324675324675,9763.380333951762,11028.330241187385,7014.397031539888,7759.9758812615955,17171.801484230054,14740.291280148424,14326.818181818182,11297.525046382189,6992.792207792208,5279.927643784787,4436.556586270872,3443.30426716141,3138.2448979591836,2992.818181818182,3122.0853432282,2539.909090909091,2726.9146567718,3248.6975881261596,4848.454545454545,8923.983302411874,17442.630797773654,18161.120593692023,10792.701298701299,7070.551020408163,7279.538033395176,10451.443413729128,9418.842300556586,6225.1280148423,5845.289424860854,4438.118738404452,3681.935064935065,3559.333951762523,2798.3246753246754,2061.9721706864566,1934.5120593692022,1714.2300556586272,1789.139146567718,1524.47866419295,1793.9573283859,2812.5510204081634,6049.018552875696,17203.33766233766,18104.851576994435,11252.753246753247,7945.109461966605,6191.962894248609,6423.539888682746,5312.881261595548,4129.276437847867,3727.948051948052,3713.139146567718,3341.3525046382188,4411.569573283859,4602.454545454545,3256.961038961039,3265.578849721707,6477.814471243043,4367.183673469388,3059.65120593692,2247.6159554730984,2387.3506493506493,2883.3543599257887,2937.499072356215,2491.5231910946195,3001.0445269016695,3628.6901669758813,3303.7847866419297,4911.3877551020405,14572.072356215212,13670.51948051948,9087.86827458256,10445.12987012987,9346.51576994434,6856.6122448979595,8204.977736549165,6559.435992578849,4148.578849721707,2844.274582560297,2531.421150278293,1984.8849721706865,2197.1205936920223,2706.961038961039,2741.994434137291,2320.9925788497217,2164.0371057513917,1892.2560296846011,1895.5732838589981,2154.9443413729127,2892.285714285714,1893.873840445269,1765.5881261595548,1493.1298701298701,1490.8831168831168,1623.048237476809,1869.9239332096474,1775.0575139146567,2042.7328385899814,1665.586270871985,1713.7495361781075,1718.4638218923933,2206.0760667903523,2285.5102040816328,2188.365491651206,2872.320964749536,4894.513914656772,4416.30055658627,3228.213358070501,2332.8571428571427,1955.0723562152134,1673.142857142857,1794.3840445269016,1609.3636363636363,1767.0946196660482,1719.4768089053803,1732.0241187384045,2360.6901669758813,3005.252319109462,5518.454545454545,5916.576994434137,4015.3413729128015,4454.252319109462,7710.141001855288,7561.493506493506,5640.6122448979595,4989.30241187384,6830.057513914657,6418.949907235621,5405.272727272727,5834.016697588127,4629.139146567718,3746.5584415584417,5363.499072356215,5678.096474953618,7432.886827458256,12020.855287569573,7874.322820037106,6196.755102040816,6748.135435992579,5304.953617810761,4384.769944341373,3269.0797773654917,2319.660482374768,2155.5621521335806,2351.0797773654917,4788.083487940631,6094.454545454545,5369.122448979592,4250.936920222634,3060.257884972171,2498.948051948052,3216.5547309833023,2872.2838589981448,2873.3580705009276,2171.5324675324673,2048.2022263450835,2493.87012987013,5617.762523191094,5401.367346938776,4018.166975881262,2974.6029684601112,3353.91280148423,4116.814471243043,4890.601113172542,6167.105751391466,9891.120593692021,6489.935064935065,6523.029684601113,9005.643784786642,10719.873840445269,9579.163265306122,14120.922077922078,9111.467532467532,5839.415584415585,4522.34693877551,3543.7884972170687,2390.378478664193,1908.1317254174396,1471.2152133580705,1433.0185528756958,1309.100185528757,1665.7977736549165,2851.038961038961,4348.417439703154,3153.113172541744,2919.3617810760666,2942.6159554730984,4152.371057513915,12276.244897959185,19452.77922077922,12185.378478664194,9372.441558441558,9049.953617810761,12525.532467532468,8509.48423005566,5810.413729128015,5845.270871985158,4349.662337662337,3140.226345083488,2966.743970315399,5706.9795918367345,12664.39332096475,12752.072356215212,7852.747680890538,4991.78478664193,4042.235621521336,4112.423005565863,3936.4545454545455,3405.213358070501,5887.9573283859,8049.701298701299,12181.994434137292,11437.56586270872,24572.78849721707,30142.430426716142,19834.91280148423,15015.270871985158,21981.975881261595,18763.762523191093,13410.892393320964,8944.51576994434,6676.276437847867,5301.5677179962895,4184.877551020408,2947.2597402597403,2661.2838589981448,3545.560296846011,9117.185528756958,14218.77922077922,9861.48423005566,8583.502782931355,18623.680890538035,22337.04452690167,14886.385899814471,10619.892393320964,11416.202226345084,17177.495361781075,20765.30055658627,28792.43970315399,19128.252319109462,11544.042671614101,7655.849721706864,5339.6586270871985,3974.482374768089,3676.6066790352506,4374.103896103896,3114.43599257885,2514.178107606679,2048.061224489796,2473.1706864564007,3111.022263450835,5134.920222634509,15368.64935064935,18063.13358070501,11243.851576994433,8754.788497217069,7582.0686456400745,5649.367346938776,3924.9332096474955,3145.7179962894247,3221.408163265306,9112.053803339517,15994.525046382189,10586.458256029684,10277.619666048238,11447.187384044528,8785.512059369203,14839.51576994434,14623.079777365492,9187.146567717997,5732.983302411873,4104.009276437848,3538.779220779221,2963.4285714285716,2056.022263450835,1793.857142857143,1554.2430426716141,1523.8627087198515,1524.795918367347,1617.269016697588,1903.2894248608534,2255.038961038961,1756.1354359925788,2305.7717996289425,2068.7198515769946,2055.5417439703156,2253.096474953618,2382.4638218923933,2312.52133580705,2054.339517625232,1686.7662337662337,1870.6382189239332,1757.8033395176253,1871.1094619666048,1516.491651205937,1357.6196660482374,1426.456400742115,1543.21706864564,2314.248608534323,4507.630797773655,4718.621521335807,5838.927643784787,11746.378478664194,8883.788497217069,6152.363636363636,5824.34693877551,6378.135435992579,4746.632653061224,3422.0241187384045,2998.1057513914657,2530.5324675324673,2842.0834879406307,3626.504638218924,6970.489795918367,13128.82745825603,9420.241187384045,6019.628942486085,5008.708719851577,7541.029684601113,9376.452690166976,13155.439703153988,14127.499072356215,14881.165120593692,9321.968460111317,6265.536178107606,5482.456400742115,4399.712430426716,3169.9628942486083,2470.7198515769946,2387.1280148423007,2670.1280148423007,6644.959183673469,6920.228200371058,7158.324675324675,7618.9313543599255,6867.936920222634,5097.454545454545,4517.059369202227,3557.2152133580703,2813.408163265306,2461.6029684601112,2499.307977736549,2460.08719851577,4058.6975881261596,10985.241187384045,10004.612244897959,7165.237476808906,6932.1280148423,11670.402597402597,25452.00927643785,19538.82560296846,12396.749536178108,8467.124304267161,6365.450834879406,5025.777365491651,5863.100185528757,16541.907235621522,28383.56586270872,22785.43970315399,15512.070500927644,10175.005565862708,7502.359925788497,6990.460111317254,14207.34879406308,15454.313543599257,17607.801484230054,27134.47309833024,19865.881261595547,16580.152133580705,26107.189239332096,20986.938775510203,13395.025974025973,8829.760667903525,6166.849721706864,4696.571428571428,3582.4378478664194,3074.5584415584417,3609.2727272727275,4479.875695732839,9432.65120593692,19553.51391465677,14054.51762523191,8856.105751391466,7066.146567717997,6104.599257884972,4662.445269016697,3994.3191094619665,4381.2949907235625,5742.317254174397,7584.8385899814475,16471.35435992579,27808.755102040817,25186.97031539889,15389.621521335806,10397.764378478665,10119.371057513914,7390.211502782931,4882.185528756957,3770.9016697588127,3537.0556586270873,4123.595547309833,6955.556586270872,5541.808905380334,3990.703153988868,3071.003710575139,3394.8237476808904,9441.363636363636,13075.13172541744,11261.844155844155,7843.2504638218925,5435.751391465677,5364.243042671614,3902.2504638218925,3093.133580705009,2673.3358070500926,2616.4656771799628,3678.08719851577,11226.209647495361,11285.293135435993,7283.551020408163,5017.035250463822,4997.124304267161,9323.200371057514,21385.673469387755,21144.86641929499,13488.786641929499,9050.417439703155,6251.918367346939,4353.9795918367345,3402.103896103896,2931.4230055658627,2916.5417439703156,5953.745825602969,12262.556586270872,8355.662337662337,6538.337662337663,6153.146567717997,4724.528756957328,3277.7755102040815,2902.601113172542,2755.8089053803337,2591.43599257885,2287.8033395176253,3638.2894248608536,8753.250463821892,13481.65677179963,9571.558441558442,8224.719851576994,5364.597402597403,3861.5139146567717,3001.8070500927643,2661.421150278293,2414.2597402597403,5195.469387755102,16715.254174397032,23839.68831168831,16656.61038961039,10235.031539888683,6632.313543599258,4762.756957328386,3363.1688311688313,2671.8719851576993,2438.0797773654917,3262.838589981447,2931.3970315398888,3331.703153988868,3782.0834879406307,7544.107606679036,17906.246753246753,21226.881261595547,17459.2133580705,14900.87012987013,19683.367346938776,14086.228200371057,8566.26159554731,5899.972170686457,4491.604823747681,3725.935064935065,3277.628942486085,3151.0556586270873,4625.202226345084,4690.589981447124,3695.1632653061224,4950.717996289425,11097.276437847866,8510.580705009277,5510.276437847867,5540.014842300557,7811.810760667903,6189.209647495361,7282.1558441558445,13349.063079777365,9757.252319109462,6577.029684601113,4521.326530612245,4712.589981447124,12932.992578849722,15427.204081632653,10519.337662337663,7103.374768089054,5342.089053803339,5740.970315398887,7599.046382189239,8055.849721706864,5514.4322820037105,4877.8293135436,3264.1020408163267,2770.5361781076067,2827.0408163265306,2451.801484230056,2234.7940630797775,1994.3933209647496,1629.126159554731,1523.873840445269,1691.0463821892392,2205.8886827458255,1800.8107606679034,1731.1020408163265,1455.9461966604824,1967.9424860853433,3979.1428571428573,4567.055658627087,4134.181818181818,6088.064935064935,5349.892393320964,6187.473098330242,11740.899814471242,8760.944341372913,5825.248608534323,4755.1706864564,9851.866419294991,11922.057513914657,7210.526901669758,4775.142857142857,3680.8256029684603,4527.25974025974,4700.376623376624,3806.5120593692022,4890.144712430427,13380.792207792209,10826.894248608534,7496.2504638218925,6939.207792207792,13956.09090909091,11331.105751391466,7232.716141001855,4791.56586270872,4375.471243042672,3708.8033395176253,3630.8237476808904,2530.3376623376626,2088.3098330241187,2766.708719851577,3159.6493506493507,2387.666048237477,2343.30426716141,1966.3358070500929,1744.8831168831168,1376.3265306122448,1412.0074211502783,1372.3191094619667,2241.7458256029686,2442.5992578849723,2453.235621521336,2937.1966604823747,2653.1799628942485,2253.4916512059367,2294.9981447124305,2455.8033395176253,2555.08719851577,1784.4267161410019,1982.2949907235623,2698.307977736549,3637.6382189239334,4662.847866419295,5475.046382189239,4563.083487940631,4959.6586270871985,4097.667903525046,4840.335807050093,3529.294990723562,3776.886827458256,3771.385899814471,3032.5343228200372,2400.408163265306,2179.252319109462,2232.0204081632655,3526.1113172541745,8755.756957328385,9045.005565862708,5921.641929499072,4085.8719851576993,2928.666048237477,2295.1057513914657,1806.3061224489795,1820.9276437847866,1861.6159554730984,2321.333951762523,2021.4063079777366,2491.1243042671613,2514.9536178107605,2422.549165120594,2107.8534322820037,2155.257884972171,3556.209647495362,6040.743970315399,6285.946196660482,6252.406307977736,5467.380333951763,8047.556586270872,19027.6159554731,14669.588126159555,9692.285714285714,7286.836734693878,5860.152133580705,3870.4007421150277,2676.6363636363635,2256.8534322820037,2047.4619666048238,1868.3840445269016,1525.7569573283859,1628.5231910946197,1902.534322820037,2685.2189239332097,3455.8589981447126,4457.371057513915,3015.6103896103896,2293.5454545454545,1744.4341372912802,1604.9332096474955,1351.7105751391466,2005.100185528757,2285.9647495361783,2032.8701298701299,1657.7439703153989,2835.660482374768,2868.6326530612246,2345.0927643784785,2179.200371057514,2453.5899814471245,2079.330241187384,1714.3766233766235,1383.6920222634508,1385.6122448979593,1221.6734693877552,1529.3228200371057,1595.9833024118739,1622.582560296846,1406.9536178107608,1369.7513914656772,1206.1038961038962,1293.3209647495362,1202.155844155844,1527.7291280148422,1286.7662337662337,1527.2133580705008,1837.0723562152134,2171.4601113172544,4475.118738404452,7024.311688311688,6019.846011131725,4048.799628942486,2662.688311688312,2287.4007421150277,1980.1410018552876,1921.8200371057515,1785.7847866419295,1709.599257884972,1450.265306122449,1570.4285714285713,1860.17439703154,3937.0278293135434,14658.146567717997,13249.037105751391,8439.077922077922,6354.324675324675,4903.076066790352,3365.9165120593693,2316.743970315399,2387.5454545454545,3716.2411873840447,2952.6029684601112,2171.5714285714284,1886.4508348794063,1550.3710575139146,1453.6233766233765,1331.3766233766235,1949.7384044526902,3511.5510204081634,3476.187384044527,2341.9239332096477,2029.3061224489795,2238.8886827458255,2801.844155844156,2285.330241187384,2174.756957328386,1668.5120593692022,1635.6159554730984,1333.8107606679034,1413.1410018552876,1703.0630797773656,3930.1929499072357,3115.43599257885,2285.4155844155844,1735.534322820037,1839.9369202226344,2381.8589981447126,2174.1539888682746,1643.2059369202227,1570.0148423005567,1208.025974025974,1185.5547309833023,1224.9925788497217,1307.077922077922,1497.8200371057515,2475.7773654916514,6392.411873840445,7489.450834879406,5011.118738404452,4332.959183673469,5599.790352504639,5936.274582560297,4073.2448979591836,4962.3877551020405,3613.6326530612246,2843.538033395176,2024.3079777365492,1729.808905380334,1382.9907235621522,1406.495361781076,1178.847866419295,1351.4972170686456,1257.5139146567717,1595.178107606679,1996.938775510204,2559.799628942486,2002.6679035250463,1755.9628942486086,1604.30426716141,2356.530612244898,3205.7884972170687,5116.983302411873,18580.96103896104,36029.41743970315,23199.081632653062,13507.91280148423,8442.762523191095,5556.213358070501,3450.226345083488,2426.9647495361783,1703.7625231910947,1611.5027829313544,1433.2634508348794,1561.9109461966605,1676.17439703154,1815.6641929499071,1644.886827458256,1671.5788497217068,1926.1447124304268,2532.2504638218925,2087.990723562152,1940.2578849721706,1583.4415584415585,1701.0037105751392,1859.1595547309832,2102.7773654916514,1834.9499072356216,1895.1688311688313,1609.9777365491652,1664.7402597402597,1674.3562152133582,2722.8571428571427,4818.909090909091,14420.992578849722,29813.16512059369,19156.755102040817,10872.929499072356,7233.367346938776,4656.235621521336,3806.6196660482374,4461.450834879406,4928.21521335807,4437.627087198516,3167.743970315399,2237.3896103896104,2212.499072356215,3215.326530612245,8184.877551020408,26696.415584415583,20219.335807050094,11140.771799628943,7424.808905380334,5304.224489795918,4236.26159554731,3029.714285714286,2562.482374768089,3434.2615955473098,4477.818181818182,2984.012987012987,2527.9369202226344,2313.0074211502783,2159.940630797774,2311.3246753246754,2427.6326530612246,1904.6159554730984,1635.1335807050093,1437.9777365491652,1437.5677179962895,1585.4063079777366,1953.0037105751392,2648.2411873840447,3960.538033395176,3826.968460111317,2807.408163265306,2132.790352504638,1923.6808905380333,1466.3988868274582,1391.6883116883116,1267.30426716141,1380.8552875695732,1205.3988868274582,1259.0723562152134,1232.1706864564007,1297.4508348794063,1287.1818181818182,1417.8033395176253,1105.2152133580705,1162.4230055658627,1066.5547309833023,1290.834879406308,1512.9016697588127,2008.3265306122448,1583.1762523191094,1514.1057513914657,1853.9109461966605,2043.269016697588,1527.9239332096474,1380.9146567717996,1384.0166975881261,1593.9202226345083,1696.2857142857142,1565.1929499072355,1201.1966604823747,1223.2541743970316,1181.0797773654917,1567.3376623376623,1379.9035250463821,1296.2133580705008,1202.7569573283859,1478.5936920222634,1908.4452690166977,3546.118738404453,2431.356215213358,1958.9424860853433,1934.7625231910947,2982.0779220779223,2067.0333951762523,1656.4359925788497,1335.300556586271,1339.0946196660482,1425.699443413729,1685.60853432282,1438.3710575139146,2064.3580705009276,1809.0408163265306,1524.7996289424862,1235.6549165120593,1229.5380333951762,1182.3580705009276,1684.526901669759,5542.634508348794,6307.356215213358,3832.1410018552874,3049.742115027829,2276.0779220779223,1781.834879406308,1905.6771799628943,2063.5324675324673,1675.6586270871985,1629.9610389610389,1454.2115027829313,1348.5009276437847,1251.0092764378478,1863.3450834879407,2062.269016697588,1792.430426716141,2545.307977736549,2893.08719851577,1853.7439703153989,1618.6734693877552,1261.9721706864564,1267.604823747681,1331.747680890538,2620.3283858998143,12701.204081632653,12917.614100185529,7991.231910946197,5280.805194805195,4470.025974025974,6148.666048237476,3819.9851576994433,2440.0927643784785,2066.3061224489797,2972.821892393321,2342.5231910946195,1739.970315398887,1301.8961038961038,1267.7569573283859,1169.5714285714287,1250.7755102040817,1139.7384044526902,1240.5027829313544,1425.5732838589981,2045.8144712430426,7303.076066790352,20238.254174397032,15585.589981447125,8225.077922077922,4772.964749536178,3036.4712430426716,1922.922077922078,1921.4471243042672,2505.935064935065,2067.6233766233768,1719.4452690166977,2202.6938775510203,1914.591836734694,1719.951762523191,1382.4712430426716,1530.0853432282004,1668.5417439703153,1664.6103896103896,2008.9962894248608,4491.65306122449,7162.684601113173,6399.7031539888685,4052.0408163265306,3116.333951762523,4629.198515769945,4145.26159554731,3889.495361781076,3495.0426716141,3002.7588126159553,2318.39146567718,1733.5287569573284,1536.6586270871985,1322.2300556586272,1300.4118738404452,1073.730983302412,1100.2560296846011,1062.0463821892392,1153.061224489796,1051.5751391465676,1234.152133580705,1057.7365491651206,1122.2077922077922,961.0,1098.4489795918366,1144.0333951762523,1367.2022263450835,1239.909090909091,1273.6864564007421,1269.8905380333952,2067.3525046382188,2177.881261595547,2740.990723562152,2801.100185528757,2536.9591836734694,2194.4860853432283,1871.155844155844,1828.9962894248608,2770.833024118738,4068.1484230055657,3682.081632653061,2950.152133580705,2540.166975881262,1998.974025974026,1733.3543599257885,1449.491651205937,1383.408163265306,1253.8423005565862,1595.9332096474955,4315.647495361781,7836.630797773655,5194.508348794063,3457.5343228200372,2199.9146567718,1927.0018552875695,3119.7124304267163,3025.269016697588,2159.1372912801485,2854.996289424861,8502.881261595547,11922.452690166976,11048.790352504639,6248.12987012987,3640.6233766233768,2566.417439703154,1889.4248608534324,2588.246753246753,6707.734693877551,5377.500927643785,2970.6493506493507,2030.821892393321,1471.5732838589981,1348.0816326530612,1593.8014842300556,3248.7235621521336,3297.8979591836733,3157.6233766233768,2276.3098330241187,2580.3246753246754,7822.7532467532465,12890.254174397032,14718.252319109462,8201.17625231911,4403.543599257885,3495.0204081632655,5205.489795918367,16018.545454545454,10876.421150278293,5499.094619666048,4166.450834879406,3606.2189239332097,2096.296846011132,1743.7866419294992,1351.3617810760668,1454.9666048237477,1685.7680890538034,1555.7643784786642,1404.3562152133582,1712.851576994434,1574.2189239332097,2097.9276437847866,4401.810760667903,3430.821892393321,1889.5658627087198,1515.2597402597403,1168.7235621521336,1289.4415584415585,1644.3450834879407,1454.8775510204082,1138.6382189239332,1391.1539888682746,1975.8293135435993,2233.5992578849723,1893.282003710575,2850.7773654916514,2203.204081632653,2143.5027829313544,4982.25788497217,4526.374768089054,2811.1243042671613,2034.1873840445269,1607.4879406307978,3615.3098330241187,3725.977736549165,2444.226345083488,2358.864564007421,3616.708719851577,3060.8534322820037,3661.866419294991,3512.6270871985157,3357.257884972171,6144.456400742115,11463.541743970316,7478.077922077922,4101.846011131725,2389.313543599258,1912.0816326530612,1396.3413729128015,1328.5899814471243,1170.7402597402597,1258.2077922077922,1366.061224489796,3289.100185528757,7488.621521335807,5403.486085343228,3043.443413729128,3949.660482374768,11900.91094619666,10226.205936920223,5002.576994434137,3195.968460111317,2907.371057513915,4282.016697588127,4347.820037105751,3608.7755102040815,2478.569573283859,1815.39146567718,1258.278293135436,1114.1317254174396,1098.8942486085343,1266.8144712430426,1114.152133580705,1095.1410018552876,1257.1948051948052,2070.6846011131724,1915.4211502782932,1743.2115027829313,2173.5584415584417,4413.9758812615955,3822.547309833024,2658.0853432282,1970.2059369202227,5276.094619666048,13880.803339517624,20279.756957328387,12525.749536178108,5528.805194805195,2638.1243042671613,1749.3543599257885,1273.7198515769944,1793.8014842300556,1735.5417439703153,1450.2003710575138,1169.8181818181818,1195.6846011131724,1069.9072356215213,1153.1317254174396,1116.760667903525,1416.656771799629,1581.621521335807,2861.150278293135,13207.968460111317,23454.113172541744,13119.152133580705,5656.072356215213,2923.7884972170687,1911.3562152133582,1377.6270871985157,1422.0408163265306,1342.2022263450835,1317.142857142857,1201.9406307977736,1208.1873840445269,1285.1873840445269,1569.7365491651206,1807.413729128015,1783.4248608534324,1481.1892393320966,1552.7068645640074,1661.3339517625232,4122.491651205937,15382.61038961039,29730.48051948052,22844.771799628943,9908.074211502782,4365.450834879406,2569.2820037105753,1934.526901669759,2072.721706864564,1530.0018552875695,1326.3840445269016,1171.2189239332097,1162.0927643784787,1042.3580705009276,1198.7884972170687,1005.6011131725418,1039.456400742115,1182.2374768089053,1206.165120593692,1117.2430426716141,1493.4211502782932,4203.903525046382,6755.723562152133,3826.009276437848,2024.5769944341373,1313.012987012987,1255.1576994434138,1470.3487940630798,1516.8460111317254,1206.69573283859,1284.2003710575138,1133.1669758812616,1255.0055658627086,1120.339517625232,1309.443413729128,1488.899814471243,1635.1150278293135,1375.9109461966605,1419.604823747681,1236.8423005565862,1268.3729128014843,1237.6363636363637,3244.0834879406307,8400.91651205937,7759.6586270871985,3449.9666048237477,1910.048237476809,1270.7643784786642,1137.2615955473098,1190.0111317254175,1692.8664192949907,2366.705009276438,6904.743970315399,9652.474953617811,5753.272727272727,2764.200371057514,1803.7551020408164,1339.1354359925788,1406.3729128014843,1202.3098330241187,1188.3543599257885,1078.808905380334,1236.4601113172541,1372.5788497217068,1781.3098330241187,1652.5602968460112,1946.1094619666048,4983.959183673469,17611.237476808907,22833.448979591838,12607.055658627087,5890.662337662337,3448.705009276438,1948.1836734693877,1484.8274582560298,1051.2727272727273,1137.1335807050093,973.4137291280149,1033.2411873840445,1001.60853432282,1333.717996289425,3268.9795918367345,5031.038961038961,3304.530612244898,1831.5807050092765,1260.6753246753246,1160.0278293135436,1003.4638218923933,1079.8775510204082,947.2597402597403,1072.6011131725418,924.1614100185528,1113.4359925788497,1062.5250463821892,1124.6159554730984,1131.4675324675325,1140.1335807050093,1007.4638218923933,1303.9202226345083,1790.3617810760668,6680.534322820037,17906.283858998144,23371.567717996288,12974.593692022263,5865.372912801484,2954.9220779220777,1925.7272727272727,1234.6883116883116,1193.1094619666048,1024.0742115027829,1099.400742115028,909.2857142857143,1008.3153988868274,1063.1576994434138,1104.7977736549165,1012.0445269016698,1084.3710575139146,984.760667903525,1084.9239332096474,961.8293135435993,1104.3803339517626,1679.491651205937,2872.8942486085343,3317.4897959183672,2238.2393320964748,1353.4267161410019,1176.1410018552876,985.5974025974026,1087.5139146567717,946.0667903525047,1053.0797773654917,962.2931354359926,1034.491651205937,1037.9851576994433,1198.4248608534324,1176.9944341372914,1210.5751391465676,1058.2987012987012,1161.300556586271,1029.0853432282004,1184.3543599257885,1114.6252319109462,1155.5176252319109,962.0686456400742,1044.851576994434,1095.0816326530612,1035.0723562152134,995.9925788497217,1130.682745825603,1215.1669758812616,1904.60853432282,2394.183673469388,2965.2838589981448,2023.4452690166977,1405.2133580705008,1033.8423005565862,1046.8237476808906,965.6363636363636,1056.3729128014843,892.291280148423,1036.9907235621522,1040.2152133580705,1312.5027829313544,1275.9944341372914,1190.660482374768,1024.2467532467533,1091.909090909091,1027.2467532467533,1103.52133580705,957.4545454545455,1096.8311688311687,968.8571428571429,1103.4267161410019,1017.8033395176252,1060.8423005565862,932.2115027829313,1075.599257884972,1180.3710575139146,1460.9461966604824,1458.291280148423,1724.669758812616,1450.5899814471243,1699.8423005565862,1879.9814471243042,2123.4230055658627,1534.0742115027829,1252.7699443413728,1038.4842300556586,1112.0723562152134,1110.7699443413728,1273.617810760668,1184.0964749536179,1301.5751391465676,1586.0241187384045,2209.443413729128,2651.0779220779223,2617.961038961039,1646.7866419294992,1269.4638218923933,1094.0760667903526,1127.9833024118739,1025.2764378478664,1185.0389610389611,1097.6864564007421,1320.7773654916512,1402.7532467532467,2470.768089053803,7538.512059369202,16296.512059369203,23271.248608534323,25680.916512059368,14547.730983302412,6237.970315398887,2767.3246753246754,1905.6938775510205,1445.165120593692,1538.7884972170687,1720.2541743970316,2051.8794063079777,1981.2486085343228,1779.1113172541743,1387.7866419294992,1425.3469387755101,1373.5473098330242,1438.0185528756958,1247.2337662337663,1212.282003710575,1015.3450834879407,1123.4025974025974,920.8497217068646,1140.4322820037105,984.9424860853433,1092.469387755102,958.1038961038961,989.1948051948052,860.8070500927644,949.582560296846,935.3191094619666,1045.5250463821892,906.6103896103896,1038.400742115028,1292.795918367347,1419.2374768089053,1341.909090909091,1486.278293135436,1401.339517625232,2838.6233766233768,7382.7532467532465,11820.473098330242,15702.185528756958,16652.91280148423,9636.762523191095,4165.69758812616,2215.6975881261596,1957.1280148423004,1893.2987012987012
580.1688555347092,502.39962476547845,529.7673545966229,465.41651031894935,592.0093808630394,430.2926829268293,540.9812382739212,523.5215759849906,556.2363977485928,525.3864915572233,581.2532833020638,508.96060037523455,616.5234521575985,476.42401500938087,594.8611632270168,614.6697936210131,654.0056285178237,614.5272045028142,593.4502814258911,569.375234521576,608.0956848030019,567.5759849906192,678.234521575985,599.3677298311445,695.9193245778612,679.1482176360225,650.1669793621013,591.4915572232645,641.9193245778612,581.5741088180113,691.9868667917449,611.2213883677298,707.6585365853658,636.6472795497185,711.0525328330207,610.6998123827392,729.9662288930582,590.8911819887429,710.3227016885553,597.7091932457786,712.0994371482176,641.4577861163227,626.5384615384615,716.5515947467167,669.8555347091932,533.6679174484052,649.1782363977486,726.439024390244,750.8086303939963,629.7129455909944,722.7992495309569,691.1013133208255,714.3320825515948,690.0619136960601,744.2776735459662,598.5722326454033,723.266416510319,652.6791744840525,689.7035647279549,632.5872420262664,699.718574108818,641.5759849906192,687.2851782363978,623.8348968105066,738.4484052532833,654.8968105065666,729.3414634146342,670.4333958724203,622.624765478424,729.6660412757974,680.422138836773,668.7842401500939,727.6041275797373,643.093808630394,714.2570356472795,677.733583489681,741.8348968105066,678.1782363977486,692.2307692307693,822.4146341463414,771.219512195122,674.2645403377111,732.4108818011257,717.3377110694183,741.5365853658536,695.6829268292682,779.8048780487804,651.5984990619137,708.9943714821763,712.2908067542214,748.0712945590994,661.9962476547843,779.1500938086303,761.2720450281425,726.5178236397749,747.1500938086303,752.953095684803,724.968105065666,790.3076923076923,701.5891181988743,791.9024390243902,717.0769230769231,750.4915572232645,706.0806754221388,680.4183864915573,693.4971857410882,810.204502814259,669.4615384615385,767.4446529080675,700.202626641651,646.5741088180113,838.6041275797373,832.7485928705441,744.5909943714822,775.3151969981238,736.4971857410882,842.2757973733584,716.9287054409006,800.5422138836773,770.6622889305817,770.5403377110695,776.0225140712946,825.6979362101314,737.9718574108819,797.8536585365854,706.454033771107,768.7692307692307,723.1238273921201,844.0093808630394,797.5290806754222,817.6041275797373,759.6735459662289,841.6435272045028,737.5328330206379,753.9699812382739,739.7148217636022,818.9043151969981,777.562851782364,822.3658536585366,669.0300187617261,773.9418386491557,690.9287054409006,676.3639774859287,823.2570356472795,859.5065666041276,756.2776735459662,778.7673545966229,773.7448405253283,786.7354596622889,801.0919324577861,787.1219512195122,728.750469043152,767.671669793621,746.3977485928706,848.2213883677298,802.5347091932458,786.9362101313321,783.4990619136961,768.1538461538462,689.7448405253283,832.6679174484052,798.2851782363978,766.1594746716698,780.0956848030019,833.7073170731708,772.4727954971858,799.0450281425891,796.7148217636022,848.1651031894934,719.6810506566604,868.1932457786116,799.1969981238274,844.4784240150094,772.4484052532833,741.8649155722327,869.5178236397749,888.2082551594747,776.3020637898686,852.795497185741,758.390243902439,896.3264540337711,791.0844277673546,801.1369606003752,801.3714821763602,770.9756097560976,757.1106941838649,833.3264540337711,814.7166979362102,794.8574108818011,821.5121951219512,825.3001876172608,810.7992495309569,844.4934333958724,776.6810506566604,860.4915572232645,768.6510318949344,863.1575984990619,818.234521575985,827.9606003752345,885.8011257035647,805.4709193245778,834.6791744840525,874.4953095684803,823.5253283302064,852.1932457786116,774.2288930581614,735.6791744840525,914.624765478424,818.4033771106942,835.1913696060037,875.0806754221388,804.7016885553471,860.9380863039399,795.422138836773,858.4502814258911,814.1482176360225,863.5590994371482,783.4240150093808,821.0375234521576,794.6303939962477,845.3489681050656,841.6172607879924,878.8180112570357,812.7879924953096,875.983114446529,863.8424015009381,832.5028142589118,786.40712945591,819.2739212007505,869.2176360225141,876.7166979362102,844.422138836773,869.4896810506567,877.7673545966229,865.7148217636022,872.906191369606,805.2851782363978,783.5759849906192,783.6360225140713,914.3039399624765,867.3151969981238,827.3395872420263,790.5759849906192,817.0243902439024,825.281425891182,808.9981238273921,850.1275797373359,755.6829268292682,813.2626641651032,836.5422138836773,785.5046904315197,830.7166979362102,771.0544090056285,772.2908067542214,839.4784240150094,796.2833020637898,799.016885553471,807.5797373358349,842.0825515947467,836.6435272045028,833.4409005628518,855.9174484052533,871.8086303939963,766.5909943714822,891.9362101313321,808.6454033771107,842.7842401500939,882.8630393996248,835.9005628517824,814.2157598499061,882.7992495309569,949.4896810506567,898.953095684803,814.2926829268292,945.7148217636022,857.7898686679174,866.6397748592871,867.2570356472795,852.2514071294559,845.8030018761726,881.40712945591,779.3996247654784,814.0581613508443,851.8480300187617,848.0787992495309,882.9005628517824,859.3639774859287,878.0619136960601,857.0769230769231,782.3095684803002,880.8367729831144,808.6829268292682,836.8574108818011,844.375234521576,874.7354596622889,846.9474671669793,887.5328330206379,800.7260787992495,864.2326454033771,816.2720450281425,862.9699812382739,815.2176360225141,787.6941838649155,975.1688555347092,897.9230769230769,893.5647279549719,833.1763602251407,811.4258911819887,863.9380863039399,839.4896810506567,855.3039399624765,886.7073170731708,828.4990619136961,835.5290806754222,893.3377110694183,831.9493433395872,912.4784240150094,815.4840525328331,848.5365853658536,868.9343339587242,899.9812382739212,857.1200750469043,898.3208255159475,900.1425891181989,892.204502814259,845.3339587242026,879.0225140712946,893.3846153846154,839.4953095684803,917.343339587242,916.5478424015009,856.626641651032,900.9981238273921,813.5741088180113,778.7560975609756,1016.5009380863039,1043.6791744840525,926.3076923076923,916.8461538461538,909.750469043152,949.2983114446529,845.6060037523453,920.8180112570357,841.6360225140713,881.7110694183865,940.3470919324578,821.9193245778612,918.0806754221388,975.6885553470919,920.844277673546,962.0581613508443,908.3227016885553,916.0018761726079,900.4165103189493,941.3076923076923,940.5666041275797,929.2682926829268,890.7054409005628,900.6135084427767,890.8855534709194,874.624765478424,881.7617260787993,929.750469043152,929.2983114446529,932.4840525328331,854.1932457786116,825.1951219512196,960.8818011257035,959.4521575984991,922.4352720450281,951.8161350844277,1007.40712945591,1101.8968105065667,1025.6529080675423,957.4784240150094,914.0750469043152,915.8424015009381,921.2007504690431,968.6810506566604,913.422138836773,933.7373358348968,972.4183864915573,980.8930581613508,965.5703564727955,984.9493433395872,910.9943714821763,1000.750469043152,930.8649155722327,982.9418386491557,958.5797373358349,1032.4240150093808,1002.5253283302064,947.3189493433396,931.1275797373359,961.2607879924954,908.3789868667917,958.8198874296435,922.5365853658536,851.9549718574109,1060.6923076923076,948.3302063789869,967.0112570356473,998.4521575984991,941.7054409005628,1026.3771106941838,961.7148217636022,974.405253283302,1037.7016885553471,1018.439024390244,944.6979362101314,1003.1613508442776,936.1350844277673,946.4202626641651,999.8667917448405,1065.6041275797372,1031.1144465290806,1070.9924953095685,1003.8536585365854,1024.4033771106942,982.8649155722327,984.5909943714822,1039.6754221388367,992.5009380863039,1000.6866791744841,1061.8030018761726,1033.5684803001877,1041.6228893058162,1018.0300187617261,1053.733583489681,919.4315196998124,974.5534709193246,1194.4971857410883,1024.891181988743,1109.0900562851782,1075.4015009380862,1037.4727954971856,1138.81425891182,1184.8236397748592,1233.172607879925,1055.7711069418388,1055.2270168855534,980.046904315197,972.8142589118199,1027.0,1052.5984990619138,1004.1313320825516,1057.5178236397749,1004.2326454033771,1056.6228893058162,1033.1294559099438,1008.5422138836773,988.8649155722327,1080.607879924953,1004.6491557223264,1062.3771106941838,1109.1763602251408,1074.0994371482177,1013.4015009380863,954.9455909943715,964.249530956848,1006.2833020637898,939.4127579737336,955.9324577861163,1081.9793621013134,1090.7110694183864,954.439024390244,1002.8086303939963,1049.202626641651,1202.0093808630395,1153.2307692307693,1139.4615384615386,974.0750469043152,1025.1332082551594,1017.0994371482176,1052.1031894934333,1165.4634146341464,1185.281425891182,1136.6641651031896,1002.1613508442776,989.4915572232645,1010.7617260787993,1029.0225140712946,1132.1632270168855,1095.7748592870544,1076.81425891182,1029.439024390244,1057.0562851782363,1067.078799249531,1244.294559099437,1218.8986866791745,1265.6510318949342,1107.3395872420263,1085.078799249531,991.3996247654784,981.9756097560976,1118.5966228893058,1061.4784240150093,981.454033771107,1089.5722326454033,1094.986866791745,1096.8461538461538,1132.8836772983113,1092.9849906191369,1043.7448405253283,1093.9718574108817,1139.375234521576,1250.7879924953095,1057.2213883677298,1110.409005628518,1111.688555347092,1173.3789868667918,1162.5422138836773,1132.1651031894935,1063.2795497185741,1257.2926829268292,1180.594746716698,1122.735459662289,1102.172607879925,1132.219512195122,1125.8030018761726,1176.6772983114447,1115.3001876172607,1096.046904315197,1030.7729831144466,1110.2926829268292,1045.1632270168855,956.3470919324578,1161.4803001876173,1112.5046904315197,1079.641651031895,1096.9343339587242,1127.3264540337711,1209.9606003752344,1076.6266416510318,1155.71669793621,1178.7692307692307,1078.560975609756,1126.3264540337711,1109.1500938086303,989.2720450281425,1149.8667917448406,1075.7898686679175,1075.455909943715,999.1913696060037,1121.671669793621,1079.3846153846155,1065.1819887429644,1068.6266416510318,1037.2570356472795,998.3602251407129,1100.3339587242026,1060.467166979362,1088.7429643527205,1090.3470919324577,1151.4127579737335,1024.658536585366,1113.7692307692307,1037.9887429643527,1087.437148217636,1104.7579737335834,1187.5121951219512,1163.4784240150093,1120.8818011257035,1185.18574108818,1272.8799249530957,1148.0018761726078,1209.5872420262665,1163.5666041275797,1286.9455909943715,1173.1294559099438,1215.4427767354596,1158.2870544090056,1015.4240150093808,1100.5816135084428,1210.6322701688555,1161.0581613508443,1184.9324577861164,1043.1594746716698,1071.030018761726,1051.9474671669793,1259.891181988743,1299.28330206379,1240.9324577861164,1110.6960600375235,1042.0506566604129,1005.1838649155723,1200.5290806754222,1141.7110694183864,1303.9493433395871,1152.3245778611633,1104.5666041275797,1275.9681050656661,1426.9249530956847,1272.0600375234521,1149.2757973733583,1033.5797373358348,1088.3020637898687,1041.763602251407,1126.6266416510318,1147.8499061913697,1156.7242026266417,1090.859287054409,1076.2795497185741,1041.6135084427767,1164.1838649155723,1154.0712945590994,1255.125703564728,1044.3395872420263,1154.9493433395871,1017.7448405253283,1116.1031894934333,1115.437148217636,1367.7204502814259,1052.9474671669793,1042.3658536585365,1003.9305816135085,1135.6060037523453,1154.499061913696,1273.6060037523453,1038.6960600375235,1041.030018761726,934.0300187617261,1081.1538461538462,1261.3076923076924,1243.1632270168855,1082.3846153846155,1127.0187617260788,1069.4108818011257,1219.9043151969981,1148.4878048780488,1150.437148217636,1115.9343339587242,1115.1801125703564,1187.9343339587242,1257.0581613508443,1077.9005628517823,1022.3227016885553,1083.547842401501,1297.8011257035648,1428.7242026266417,1582.4765478424015,1242.953095684803,1204.7729831144466,1104.249530956848,1101.71669793621,1068.7748592870544,1112.906191369606,1083.030018761726,1293.2889305816136,1052.0544090056285,1070.6622889305816,961.2157598499061,1014.5365853658536,955.7166979362102,1009.6510318949344,1078.500938086304,1237.936210131332,1183.9943714821763,1098.923076923077,1019.1519699812383,1109.0581613508443,1067.1013133208255,1142.3189493433397,1157.0112570356473,1117.8180112570356,1022.2401500938087,1033.7223264540337,984.1313320825516,1039.7617260787993,1001.6679174484052,1117.1500938086303,1075.0562851782363,1165.4202626641652,1188.9756097560976,1347.4409005628518,1073.1613508442776,1101.1613508442776,1007.827392120075,1025.5196998123827,975.2682926829268,1108.2926829268292,1041.7317073170732,1207.8799249530957,1249.7410881801127,1531.7879924953095,1581.080675422139,1187.7317073170732,1184.3020637898687,1194.108818011257,1102.5253283302063,1528.5853658536585,1772.3489681050658,1673.7298311444654,1859.4915572232646,1517.889305816135,1085.1181988742965,1161.1482176360225,1063.2739212007505,1176.2551594746717,1178.4258911819888,1506.4577861163227,1860.4465290806754,1568.2382739212007,1404.4652908067542,1575.0075046904315,1449.34521575985,1489.532833020638,1401.3939962476547,1801.0093808630395,2662.328330206379,3236.984990619137,2469.939962476548,1912.9155722326454,1527.953095684803,1505.908067542214,1629.6660412757974,2388.986866791745,2701.311444652908,1570.746716697936,1384.2420262664166,1335.4652908067542,1343.6435272045028,1349.2607879924954,1168.560975609756,1315.078799249531,1230.5647279549719,1604.2626641651032,1736.5984990619138,1440.746716697936,1144.0544090056285,1237.5572232645404,1193.0975609756097,1511.750469043152,1975.8180112570356,2476.187617260788,2682.2757973733583,2199.125703564728,1476.3095684803002,1752.2701688555346,1418.0506566604129,1420.155722326454,1590.4277673545967,2033.030018761726,1738.6848030018762,1373.4596622889305,1492.6022514071294,1423.0956848030019,1435.455909943715,1941.2007504690432,1621.3076923076924,1446.6604127579737,1627.9849906191369,1514.4803001876173,1215.4409005628518,1368.9549718574108,1601.3508442776736,2225.155722326454,1793.4727954971856,1868.2889305816136,1570.1651031894935,1385.7786116322702,1274.3639774859287,1324.452157598499,1430.110694183865,1805.2476547842402,1957.4803001876173,1892.639774859287,2488.5534709193244,3215.470919324578,3905.3189493433397,3040.3039399624768,2454.874296435272,1949.8067542213885,1755.5891181988743,1498.2701688555346,1210.155722326454,1347.0318949343339,1519.5290806754222,1986.6097560975609,2461.6904315197,1746.9474671669793,1346.0994371482177,1316.1463414634147,1479.6041275797372,1515.9249530956847,1156.187617260788,1394.544090056285,1466.6810506566603,2001.0075046904315,2971.641651031895,3598.656660412758,1784.5497185741087,1454.4803001876173,1373.8067542213885,1828.7148217636022,2364.701688555347,2194.8048780487807,1509.5515947467168,1445.125703564728,1372.9793621013134,1662.7560975609756,1534.923076923077,1883.2101313320825,2627.874296435272,3571.08818011257,2220.2570356472797,2268.311444652908,2490.534709193246,1710.1613508442776,1382.8555347091933,1493.388367729831,1743.016885553471,2629.62851782364,3290.4146341463415,2434.0975609756097,1723.2082551594747,1843.923076923077,2301.078799249531,1575.908067542214,1224.253283302064,1373.3189493433397,1233.3696060037523,1310.7148217636022,1286.5422138836773,1549.6097560975609,1248.733583489681,1372.2983114446529,1229.3639774859287,1238.705440900563,1152.281425891182,1278.0975609756097,1336.2082551594747,1726.8405253283302,1665.8517823639775,1906.5497185741087,1388.3564727954972,1403.9043151969981,1211.6153846153845,1321.1013133208255,1427.2420262664166,1661.3996247654784,1664.8874296435272,1793.9718574108817,1703.5272045028144,1700.688555347092,1502.110694183865,1653.266416510319,1863.705440900563,1694.3621013133209,1633.9812382739212,2114.0712945590994,1847.8949343339586,1632.168855534709,1482.4502814258913,1477.611632270169,1421.8986866791745,1808.0356472795497,2342.1031894934335,2555.4165103189493,1744.343339587242,1376.34521575985,1442.1763602251408,1991.189493433396,1615.93808630394,1877.9399624765479,2055.7879924953095,2021.8480300187616,1928.7373358348968,1821.9624765478425,1628.4971857410883,1733.2589118198873,1339.6960600375235,1431.8086303939963,1400.8705440900562,1518.6060037523453,1394.718574108818,1492.0825515947467,1360.8161350844277,1516.1838649155723,1765.5028142589117,1679.1632270168855,1450.1369606003752,1551.53095684803,1484.9943714821763,1614.4803001876173,1822.514071294559,1913.6303939962477,1874.1913696060037,1843.1050656660414,1696.5178236397749,1988.750469043152,2318.264540337711,2725.769230769231,2702.5684803001877,2278.6303939962477,1903.797373358349,2228.919324577861,2269.170731707317,2096.3395872420265,2017.844277673546,2026.6454033771106,1842.7729831144466,1885.7861163227017,1796.2476547842402,1770.908067542214,1824.4709193245778,1903.4784240150093,1808.6998123827393,2942.607879924953,2986.842401500938,1977.5234521575985,1844.5028142589117,2168.906191369606,1591.172607879925,1860.281425891182,1722.5966228893058,1673.7898686679175,1844.3939962476547,2251.5572232645404,2815.266416510319,3049.2945590994373,1800.532833020638,2073.720450281426,2874.093808630394,4092.859287054409,4994.782363977486,3793.1013133208257,2434.4915572232644,1989.2889305816136,2301.9362101313322,2872.3076923076924,3124.7279549718573,4235.151969981238,4062.2870544090056,4002.722326454034,4779.812382739212,5213.6191369606,4909.196998123827,3287.823639774859,2674.812382739212,3395.9906191369605,2342.243902439024,1684.6172607879926,1699.547842401501,2072.3470919324577,2137.1726078799247,2092.324577861163,1893.266416510319,2153.0243902439024,2260.797373358349,1814.9399624765479,1952.983114446529,3025.0562851782365,3060.6529080675423,2491.281425891182,2234.4502814258913,2505.906191369606,1900.0844277673546,1953.7954971857412,2141.5647279549717,2601.078799249531,2735.420262664165,2427.6772983114447,1841.7542213883678,1661.0562851782363,1504.6172607879926,1924.1238273921201,2633.168855534709,2970.9924953095683,2443.02626641651,2172.6641651031896,1882.5984990619138,2613.1651031894935,2916.230769230769,2362.673545966229,3104.02626641651,3286.7392120075046,2509.6923076923076,3074.9024390243903,2993.8630393996245,3009.864915572233,2321.6641651031896,1948.639774859287,2189.075046904315,2910.5046904315195,3930.512195121951,5073.153846153846,4410.341463414634,4405.786116322702,3605.8517823639777,3563.562851782364,3267.545966228893,3641.2757973733583,4048.3545966228894,3820.2270168855534,4598.983114446529,4839.315196998124,3177.1031894934335,2438.153846153846,1924.735459662289,2270.953095684803,2500.9756097560976,3459.953095684803,3771.8067542213885,3448.230769230769,3573.485928705441,3879.46904315197,4759.435272045028,5222.590994371482,3618.1951219512193,4205.97373358349,4039.893058161351,3020.157598499062,3388.204502814259,4115.658536585366,3677.7467166979363,3493.125703564728,3084.3958724202625,3937.7617260787993,3892.270168855535,3990.6923076923076,3981.842401500938,4720.5234521575985,3701.236397748593,3153.324577861163,3152.5253283302063,3898.6341463414633,3952.7542213883676,3353.153846153846,2485.986866791745,1979.5084427767354,1567.2120075046905,1794.7842401500939,1637.2589118198873,1517.923076923077,1482.8405253283302,1678.311444652908,1422.9756097560976,1487.7861163227017,1492.9756097560976,1491.9606003752344,1442.3320825515948,1567.8517823639775,1691.485928705441,1856.0975609756097,1796.7260787992495,2673.934333958724,3565.7898686679173,3094.4465290806756,2279.6378986866794,1559.3545966228894,1337.8461538461538,1660.3696060037523,1944.514071294559,2260.22138836773,1503.7223264540337,1668.0225140712946,1559.4915572232646,1689.718574108818,1847.0506566604129,1868.921200750469,1301.6266416510318,1422.6228893058162,1466.9606003752344,1724.0112570356473,1876.986866791745,2073.3208255159475,2545.217636022514,3152.1801125703564,2412.872420262664,2112.9831144465293,2336.452157598499,1651.2739212007505,1409.8255159474672,1492.5196998123827,1442.9024390243903,1788.3771106941838,2497.3020637898685,3150.9474671669795,1878.3039399624765,1973.46904315197,2333.8818011257035,2890.9474671669795,3641.1669793621013,2569.889305816135,1761.7861163227017,2450.9005628517825,2040.7373358348968,1692.2120075046905,1346.7204502814259,1731.8367729831145,2119.718574108818,2709.2720450281427,1964.4652908067542,2337.187617260788,2423.3621013133206,2181.202626641651,1360.7410881801127,1506.1744840525328,1547.328330206379,1994.7073170731708,2793.418386491557,4732.108818011257,5781.855534709193,6047.091932457786,3295.729831144465,1808.7523452157598,1384.577861163227,1421.6491557223264,1263.0112570356473,1492.686679174484,1522.53095684803,2143.243902439024,2508.0712945590994,3085.078799249531,3630.46904315197,4358.8067542213885,2225.6941838649154,1928.923076923077,1834.1707317073171,2078.8367729831143,2189.223264540338,3170.452157598499,4111.538461538462,3318.7898686679173,2419.3001876172607,3259.4577861163225,2436.1369606003755,1628.5834896810507,1455.1425891181989,1760.9305816135084,2178.842401500938,3341.161350844278,2589.454033771107,1854.9549718574108,1796.6022514071294,2100.846153846154,2226.986866791745,2489.5253283302063,2060.4784240150093,1725.8555347091933,2112.2251407129456,2162.4577861163225,2039.4765478424015,3320.7598499061914,3069.529080675422,1951.0731707317073,1856.9099437148218,2860.183864915572,2996.181988742964,2419.8630393996245,2792.842401500938,4066.420262664165,5563.86679174484,3867.187617260788,1971.7748592870544,1596.485928705441,1280.6472795497186,1446.013133208255,1391.0994371482177,1822.3320825515948,1551.5103189493434,1462.9568480300188,1281.8048780487804,1355.7898686679175,1103.0975609756097,1244.7767354596622,1279.343339587242,1328.3227016885553,1356.9287054409006,1361.3020637898687,1100.686679174484,1440.8686679174484,1449.8386491557224,1345.7448405253283,1123.1125703564728,1261.2063789868669,1120.8348968105065,1244.5984990619138,1180.0018761726078,1336.8330206378987,1099.7898686679175,1265.686679174484,1091.641651031895,1403.0,1201.5347091932458,1250.0412757973734,1105.4446529080676,1216.6848030018762,1131.033771106942,1222.3827392120074,1206.2776735459663,1456.861163227017,1151.0,1241.093808630394,1146.5534709193246,1220.1744840525328,1067.9681050656661,1158.405253283302,1329.4896810506566,1503.3527204502814,1488.6322701688555,1428.1425891181989,1418.859287054409,1784.8649155722326,1870.6529080675423,1628.375234521576,1757.0731707317073,2393.0694183864916,1585.5121951219512,1296.6003752345216,1152.878048780488,1253.1838649155723,1248.2439024390244,1176.921200750469,1092.030018761726,1316.4277673545967,1069.1125703564728,1283.0600375234521,1097.7917448405253,1258.5215759849907,1173.9737335834898,1168.6848030018762,1086.5553470919324,1193.296435272045,1198.5928705440901,1557.093808630394,1805.9568480300188,1653.3827392120074,1334.2101313320825,1305.0075046904315,1475.3789868667918,1465.0712945590994,1267.4915572232646,1435.4784240150093,1477.7091932457786,1686.0863039399624,1296.735459662289,1187.2401500938086,1163.6266416510318,1294.4953095684803,1266.8067542213885,1706.311444652908,1982.375234521576,1783.3039399624765,1279.6153846153845,1363.6810506566603,1468.0225140712946,1973.189493433396,1454.3846153846155,1454.4165103189493,1535.1932457786115,1884.8874296435272,2030.1932457786115,2040.9681050656661,1604.2382739212007,1485.5459662288931,1331.4427767354596,1653.8986866791745,1338.6135084427767,1269.750469043152,1074.232645403377,1248.6210131332082,1409.9174484052533,1468.8255159474672,1567.5403377110695,1802.8330206378987,1428.7279549718573,1734.7560975609756,2144.529080675422,2275.97373358349,1583.0581613508443,1708.8649155722326,1845.0112570356473,1667.4953095684803,1548.1763602251408,1779.7392120075046,1951.7992495309568,2279.2757973733583,1633.0431519699812,1944.607879924953,2333.204502814259,3084.1369606003755,1953.4427767354596,1808.0018761726078,1735.906191369606,1789.2626641651032,2227.4352720450283,3632.831144465291,4565.671669793621,3379.360225140713,2743.4465290806756,3293.018761726079,2042.9493433395871,1672.1275797373357,2024.919324577861,2884.626641651032,2388.878048780488,2728.7148217636022,2443.720450281426,2619.818011257036,2527.095684803002,3538.0825515947467,2705.1988742964354,1933.8198874296436,1542.4615384615386,1773.4784240150093,2298.12382739212,2056.28330206379,1405.9155722326454,1814.6003752345216,2719.4915572232644,3741.3489681050655,2520.0393996247653,3107.844277673546,3202.4165103189493,3168.135084427767,4309.651031894934,3365.71669793621,2390.763602251407,4072.776735459662,4960.09756097561,2788.356472795497,2187.155722326454,3373.1669793621013,5042.613508442777,5621.393996247655,4858.200750469043,3714.2101313320827,2861.8067542213885,3140.439024390244,5105.515947467167,7092.962476547842,4721.333958724203,3382.4559099437147,5335.28330206379,8649.330206378987,5699.200750469043,3430.765478424015,2091.579737335835,1874.7279549718573,2108.7879924953095,3256.7448405253285,3383.7448405253285,3436.686679174484,4359.878048780488,6546.024390243902,4430.74296435272,2661.9624765478425,2005.4146341463415,1501.906191369606,1331.5928705440901,1640.3564727954972,1616.1669793621013,2044.590994371482,3168.015009380863,3378.4765478424015,2059.823639774859,1747.7317073170732,1800.6303939962477,1773.0712945590994,1449.2795497185741,1794.3621013133209,2414.4634146341464,3546.5853658536585,2681.4352720450283,2359.8517823639777,2352.2532833020637,1765.0018761726078,1492.5347091932458,1719.016885553471,2414.1013133208257,2409.626641651032,1581.2045028142588,1618.9174484052533,1513.9549718574108,1849.7992495309568,1417.063789868668,1581.4784240150093,1584.3677298311445,2231.028142589118,2583.844277673546,2330.0,1893.9887429643527,1562.7204502814259,1411.2926829268292,1624.4108818011257,1508.5121951219512,1611.7016885553471,1969.1819887429644,1844.93808630394,1465.3151969981238,1527.7898686679175,1329.889305816135,1607.1613508442776,2149.360225140713,3340.3527204502816,2348.0112570356473,1654.3151969981238,1570.5384615384614,1532.767354596623,1428.4165103189493,1705.9849906191369,1422.1163227016887,1576.1519699812384,1911.3227016885553,2821.62851782364,4024.1500938086306,4196.386491557223,1966.9718574108817,1837.983114446529,2300.8067542213885,2582.7054409005627,1647.7954971857412,1516.3358348968104,1473.733583489681,2211.6454033771106,2052.818011257036,2571.467166979362,3213.181988742964,2181.733583489681,1990.5253283302063,2302.3076923076924,1611.8818011257035,1689.4896810506566,2068.2851782363978,2221.6510318949345,1345.1294559099438,1384.6697936210132,1170.9718574108817,1307.6472795497186,1243.5816135084428,1445.9099437148218,1389.9718574108817,1884.3996247654784,2795.202626641651,2332.1050656660414,1269.1125703564728,1278.9737335834898,1223.9512195121952,1511.9943714821763,1212.889305816135,1441.4878048780488,1152.8649155722326,1449.168855534709,1311.7823639774858,1259.1988742964352,1236.6848030018762,1337.2870544090056,1349.3189493433397,1905.28330206379,2266.0431519699814,1764.1744840525328,1604.7560975609756,2580.9136960600376,2538.168855534709,1529.8180112570356,1403.5834896810507,1625.5234521575985,1545.1425891181989,1523.4765478424015,1224.5234521575985,1543.5253283302063,1910.746716697936,2413.2382739212007,2742.264540337711,2018.1763602251408,1411.8461538461538,1599.108818011257,1662.7711069418388,2284.6472795497184,1722.219512195122,1777.1932457786115,1727.5347091932458,2277.675422138837,1661.6360225140713,1640.0544090056285,1948.8292682926829,2169.243902439024,1397.076923076923,1458.7410881801127,1698.219512195122,2903.4446529080674,3618.1463414634145,2135.923076923077,1736.9455909943715,1911.7485928705441,1454.827392120075,1520.9887429643527,1539.8067542213885,1705.0675422138836,1499.5572232645404,1556.2251407129456,1495.8330206378987,2263.8011257035646,3978.5178236397746,4153.904315196998,1739.5365853658536,1499.6172607879926,1319.3245778611633,1384.6491557223264,1448.5178236397749,1679.763602251407,1415.2288930581612,2008.6510318949342,1844.3527204502814,1747.6979362101313,1277.5178236397749,1276.4934333958724,1124.5046904315197,1297.8949343339586,1227.7898686679175,1509.8030018761726,1719.639774859287,1908.168855534709,1416.219512195122,1363.3227016885553,1231.0412757973734,1513.9643527204503,1608.4165103189493,1731.1913696060037,1726.4165103189493,2277.106941838649,2015.9418386491557,1472.2908067542214,1376.8968105065667,1608.0150093808631,1875.7279549718573,2073.1313320825516,1978.125703564728,2345.264540337711,1875.1463414634147,1749.5497185741087,1409.06191369606,1647.2101313320825,1742.5834896810507,1818.046904315197,1395.4465290806754,1659.733583489681,1838.923076923077,2866.748592870544,4504.694183864915,4876.200750469043,1856.2138836772983,1580.3658536585365,1598.688555347092,1451.8574108818011,1128.3245778611633,1385.5384615384614,1234.3771106941838,1339.4108818011257,1487.219512195122,1499.3245778611633,1212.8649155722326,1396.0975609756097,1245.6604127579737,1337.0712945590994,1233.5722326454033,1517.6135084427767,1401.8405253283302,1592.1763602251408,1884.2288930581612,2523.4465290806756,1810.5121951219512,1317.7073170731708,1173.3808630393996,1376.5515947467168,1319.983114446529,1866.9437148217637,1639.5215759849907,1573.3358348968104,1208.5928705440901,1551.2270168855534,1653.030018761726,1568.1500938086303,1181.624765478424,1292.294559099437,1178.7842401500939,1241.7767354596622,1183.8180112570356,1376.4502814258913,1279.7954971857412,1506.1669793621013,1455.532833020638,1529.5666041275797,1366.1050656660414,1401.311444652908,1347.313320825516,1636.2589118198873,2293.7598499061914,2041.6172607879926,1187.1294559099438,1333.3170731707316,1232.7392120075046,1250.8930581613508,1190.8930581613508,1417.7542213883678,1520.1669793621013,2423.8555347091933,2304.001876172608,1955.767354596623,1494.9549718574108,1737.81425891182,1655.9981238273922,1634.4634146341464,1761.624765478424,2531.311444652908,2980.4427767354596,2292.031894934334,1701.8649155722326,2142.410881801126,2407.6960600375232,2698.1669793621013,1879.6979362101313,2054.110694183865,3340.001876172608,3896.6322701688555,1855.735459662289,1477.733583489681,1340.4765478424015,1452.2476547842402,1375.8480300187616,1604.780487804878,1323.4165103189493,1440.8949343339586,1475.8874296435272,2088.519699812383,3129.722326454034,4664.444652908068,3045.639774859287,2221.8499061913694,1928.780487804878,2415.6022514071296,1796.4165103189493,2312.5253283302063,2663.6041275797375,1776.7016885553471,1454.0506566604129,1868.6510318949342,2277.7804878048782,2662.9943714821766,1732.93808630394,1801.3245778611633,2274.5028142589117,4057.56660412758,6136.975609756098,4228.403377110694,3137.6153846153848,2792.140712945591,2484.4502814258913,1976.5515947467168,1589.4484052532832,1986.1181988742965,2630.1163227016887,5024.200750469043,4617.536585365854,2244.4296435272045,1574.1763602251408,2002.4333958724203,2716.9305816135084,3966.332082551595,2237.2532833020637,2069.954971857411,2493.9362101313322,3727.5984990619136,2296.756097560976,1667.9512195121952,1357.3864915572233,1496.746716697936,1563.2776735459663,2145.906191369606,2951.512195121951,4745.996247654784,4263.013133208256,5214.236397748593,6654.347091932458,3435.4446529080674,2367.9005628517825,3536.9155722326454,5562.405253283302,5546.984990619137,3063.718574108818,2407.3808630393996,3215.8048780487807,6163.727954971858,7096.225140712945,2845.7917448405256,1627.2682926829268,1705.532833020638,1777.4784240150093,1804.2401500938086,1384.1951219512196,1455.5984990619138,1467.138836772983,1934.4015009380862,1928.3733583489682,2905.9080675422138,3569.1669793621013,4431.780487804878,3292.8968105065665,4369.819887429643,6833.086303939963,5439.645403377111,5925.870544090057,4497.754221388368,2834.6941838649154,3156.4765478424015,3502.0093808630395,2122.02626641651,1540.5403377110695,1638.874296435272,2182.3039399624768,2497.472795497186,1913.6735459662289,2085.59287054409,1868.1200750469043,2499.607879924953,4327.846153846154,7027.101313320825,3402.28330206379,2018.485928705441,1885.4634146341464,1735.4315196998123,1786.8198874296436,2537.9924953095683,4397.864915572232,7552.864915572232,6157.215759849906,7929.744840525328,4703.198874296435,3863.2101313320827,5221.022514071295,3703.418386491557,2058.3958724202625,1840.6679174484052,1799.1350844277674,2230.424015009381,3418.731707317073,5969.106941838649,6319.53095684803,5723.024390243902,5202.857410881801,5492.401500938086,2626.2551594746715,2522.515947467167,2484.823639774859,1903.532833020638,1567.3358348968104,1555.8480300187616,1555.484052532833,1830.358348968105,2370.5384615384614,3770.818011257036,3042.9493433395874,4614.210131332083,4307.063789868668,5718.941838649156,7102.731707317073,10305.857410881801,17928.429643527204,13213.527204502814,4363.874296435272,2578.1969981238276,2546.161350844278,4405.018761726079,4459.772983114446,5536.448405253283,9452.078799249532,7186.908067542214,3197.5722326454033,1798.4821763602251,1573.6529080675423,2102.2288930581612,2952.951219512195,4737.737335834897,4818.7692307692305,6001.684803001876,3312.1726078799247,1830.9399624765479,1565.2889305816136,1605.0694183864916,1534.2926829268292,1855.878048780488,2244.078799249531,3315.8705440900562,6403.195121951219,5016.028142589118,2154.5384615384614,2121.181988742964,2534.4165103189493,4363.422138836773,4340.615384615385,7365.7223264540335,6042.626641651032,4024.028142589118,1952.3208255159475,1731.658536585366,1829.7879924953095,2071.53095684803,2197.784240150094,3717.7673545966227,7209.249530956848,5842.444652908068,2429.87617260788,1829.3939962476547,1436.7823639774858,1537.3208255159475,1515.9155722326454,1584.2439024390244,1607.266416510319,2186.3489681050655,1937.9174484052533,1945.688555347092,2639.7579737335836,2827.12382739212,3043.465290806754,5919.82363977486,8877.264540337712,5495.904315196998,6986.684803001876,5654.22138836773,2427.0056285178234,2077.8198874296436,1745.532833020638,2118.5722326454033,1497.4915572232646,1546.6378986866791,1482.5534709193246,1477.9643527204503,1598.9774859287054,2388.8030018761724,4077.020637898687,8256.424015009381,5449.105065666041,2919.7448405253285,1737.2007504690432,1550.686679174484,1339.4258911819888,1329.0318949343339,1369.4183864915572,1463.6228893058162,1350.9606003752344,1646.0356472795497,2037.5234521575985,2815.7898686679173,5283.748592870544,5764.810506566604,2372.1500938086306,2059.6585365853657,1952.1069418386492,1983.7879924953095,1524.7917448405253,1665.4746716697937,1554.0150093808631,1515.500938086304,1549.7373358348968,2396.966228893058,2834.2532833020637,5589.662288930582,3271.2138836772983,1733.4352720450281,1375.8405253283302,1460.9718574108817,1353.9681050656661,1456.2401500938086,1403.5121951219512,1511.4652908067542,1436.311444652908,1781.6153846153845,2120.9887429643527,4006.317073170732,3992.018761726079,2339.7110694183866,2157.581613508443,2168.0,1664.0262664165102,1704.9399624765479,1466.452157598499,1564.671669793621,1595.718574108818,1987.7617260787993,2595.281425891182,3860.6510318949345,8576.686679174483,14844.547842401502,10178.365853658537,4082.6791744840525,2164.317073170732,2109.484052532833,1482.7936210131331,1426.7392120075046,1204.921200750469,1334.405253283302,1158.2889305816136,1255.3320825515948,1114.5084427767354,1262.590994371482,1151.439024390244,1302.3470919324577,1362.232645403377,1677.1200750469043,1465.3358348968104,1571.5253283302063,1609.8649155722326,1420.9943714821763,1315.6285178236399,1404.34521575985,1207.3339587242026,1461.4652908067542,1798.4540337711069,2678.2757973733583,1609.2045028142588,1435.155722326454,1361.8855534709194,1898.780487804878,2026.5459662288931,2213.8686679174484,1713.7936210131331,1536.3377110694184,1319.6060037523453,1741.859287054409,1264.9455909943715,1551.3151969981238,2085.4296435272045,3828.818011257036,3129.65478424015,1902.1632270168855,1293.624765478424,1346.455909943715,1378.656660412758,1587.8536585365853,1208.1969981238274,1279.0112570356473,1187.121951219512,1471.2401500938086,1887.030018761726,1836.1707317073171,2032.9418386491557,2276.135084427767,1656.8348968105065,1708.9606003752344,1515.705440900563,1477.3020637898687,1265.6153846153845,1412.9155722326454,1309.8949343339586,1687.3001876172607,1873.046904315197,1774.46904315197,1509.3189493433397,1961.080675422139,2357.343339587242,2823.9493433395874,2772.9962476547844,2578.923076923077,1807.9043151969981,1514.388367729831,1375.9268292682927,1526.8292682926829,1532.4315196998123,1577.767354596623,1400.5347091932458,1566.0544090056285,1826.9118198874296,2557.0093808630395,2877.1782363977486,1990.3564727954972,2172.2082551594744,2667.378986866792,2393.6303939962477,2238.7523452157598,1848.4409005628518,2388.298311444653,2871.1726078799247,3370.4296435272045,2866.577861163227,2094.4784240150093,1716.8048780487804,2132.2607879924954,3162.2101313320827,3153.797373358349,2552.529080675422,2379.200750469043,1743.4896810506566,1939.2120075046905,1531.093808630394,1825.6960600375235,1958.9906191369605,2556.906191369606,2257.317073170732,2034.544090056285,2174.7542213883676,1854.0093808630395,1481.46904315197,1506.733583489681,1490.8198874296436,1808.4183864915572,1649.8799249530957,1536.8386491557224,1496.1594746716698,1868.232645403377,1627.5084427767354,2316.3039399624768,2995.249530956848,2080.358348968105,1619.8630393996248,2229.1388367729833,2687.410881801126,2293.326454033771,2815.015009380863,4899.675422138836,4091.2476547842402,2578.1782363977486,2307.5384615384614,2067.1782363977486,1967.767354596623,2149.65478424015,1916.6697936210132,2311.682926829268,1592.544090056285,1765.9043151969981,1890.3696060037523,1816.9399624765479,2087.838649155722,2951.8048780487807,1928.06191369606,1714.1313320825516,1925.7110694183864,2586.0863039399624,3123.3358348968104,5057.671669793621,7100.864915572232,4534.8067542213885,2777.923076923077,2373.251407129456,3009.1181988742965,5625.422138836773,7886.345215759849,3903.420262664165,2384.22138836773,2874.682926829268,4541.255159474672,5072.8348968105065,4393.964352720451,2227.1031894934335,1747.733583489681,1794.780487804878,1439.671669793621,2080.951219512195,2075.7579737335836,4053.1294559099438,2899.0863039399624,1948.8818011257035,1741.219512195122,1884.0318949343339,2430.2607879924954,3181.187617260788,3656.812382739212,5403.677298311444,6671.500938086304,8889.996247654784,9174.879924953095,5487.378986866792,7268.831144465291,11192.090056285178,6261.279549718574,4329.936210131332,5195.673545966229,3463.43339587242,3671.733583489681,3103.5984990619136,2708.183864915572,4763.759849906191,7739.228893058162,4487.763602251407,3802.756097560976,7415.318949343339,9690.409005628519,4173.40712945591,2562.317073170732,2995.87617260788,3968.1163227016887,9433.242026266416,11536.022514071294,5583.887429643527,5722.243902439024,8168.1651031894935,4870.093808630394,3643.5534709193244,3959.3189493433397,4161.630393996247,3858.0431519699814,2480.7748592870544,2137.2326454033773,3528.5684803001877,3697.4446529080674,3851.217636022514,2506.4502814258913,2031.2626641651032,2390.155722326454,2191.662288930582,1609.3489681050658,1827.8217636022514,2345.0,4765.170731707317,3907.0712945590994,2161.7429643527203,1575.5103189493434,1519.8405253283302,1542.4634146341464,2149.9493433395874,3355.264540337711,5385.654784240151,2638.356472795497,2342.2607879924954,2946.2457786116324,4848.463414634146,10128.127579737336,7489.454033771107,3669.7523452157598,2422.3227016885553,1807.4502814258913,2249.1500938086306,2541.6904315197,2083.135084427767,1846.6604127579737,2067.0994371482175,2408.3020637898685,3101.4352720450283,2011.2307692307693,1730.1932457786115,1648.0506566604129,1749.6829268292684,2000.889305816135,1818.844277673546,1633.65478424015,1717.0731707317073,1722.8255159474672,1645.3358348968104,1486.4540337711069,1706.6998123827393,1538.5403377110695,1503.3189493433397,1473.2176360225142,2452.266416510319,2904.7429643527203,4201.836772983114,2331.2195121951218,1664.9643527204503,1425.5666041275797,1680.532833020638,1403.6829268292684,1552.2420262664166,1682.861163227017,3163.816135084428,3494.799249530957,2158.311444652908,1902.5215759849907,3177.4127579737337,7923.979362101313,5893.09756097561,2520.234521575985,1866.030018761726,1556.5722326454033,1567.1369606003752,1466.5834896810507,1421.5666041275797,1431.06191369606,1686.392120075047,2363.4765478424015,2177.0075046904317,1538.5121951219512,1510.2157598499061,1515.1969981238274,1663.5065666041276,1478.4577861163227,2236.8142589118197,1984.81425891182,2750.1951219512193,5123.210131332083,6978.367729831144,3154.8480300187616,2100.472795497186,1690.3996247654784,1614.5853658536585,1419.4953095684803,1937.0206378986866,2191.5684803001877,3398.2457786116324,3247.0825515947467,2031.1463414634147,1559.3302063789868,1429.1031894934333,1214.1332082551594,1306.718574108818,1167.1819887429644,1303.3527204502814,1387.4484052532832,1867.8930581613508,1295.8986866791745,1215.6041275797372,1054.641651031895,1141.2739212007505,1059.8667917448406,1169.0056285178237,1100.3639774859287,1324.7936210131331,1290.0375234521575,2053.5984990619136,2812.6848030018764,7550.437148217636,9938.709193245779,5238.682926829269,3028.729831144465,1989.4934333958724,1383.6153846153845,1391.8480300187616,1504.013133208255,1517.9681050656661,1192.7016885553471,1299.639774859287,1131.2382739212007,1271.091932457786,1654.6604127579737,2665.939962476548,2168.065666041276,1596.2682926829268,1381.5722326454033,1477.9756097560976,1248.388367729831,1317.202626641651,1242.5834896810507,1417.7560975609756,1288.8724202626643,1499.7598499061914,1321.9906191369605,1519.2401500938086,1731.1819887429644,2053.060037523452,2156.7054409005627,2439.776735459662,1616.8930581613508,1523.4446529080676,1294.3564727954972,1356.3470919324577,1328.8348968105065,1799.266416510319,2211.493433395872,1795.590994371482,1382.0581613508443,1421.3039399624765,1403.577861163227,1420.5065666041276,1166.189493433396,1154.0487804878048,1325.859287054409,1408.8855534709194,1305.560975609756,1770.9812382739212,1513.5590994371482,1599.3939962476547,1765.9287054409006,1647.8799249530957,1495.921200750469,1602.1482176360225,1504.8292682926829,1807.7148217636022,1607.1031894934333,2214.0712945590994,1717.6960600375235,1450.34521575985,1322.4033771106942,1810.6829268292684,1185.733583489681,1383.1144465290806,1246.2720450281427,1430.375234521576,1490.2176360225142,1606.750469043152,1515.686679174484,1581.4577861163227,1297.253283302064,1379.9587242026266,1447.6510318949342,1528.2288930581612,1243.0544090056285,1371.831144465291,1640.3696060037523,1760.0694183864916,2113.53095684803,1878.7410881801127,1645.641651031895,1553.6228893058162,1325.3696060037523,1428.8649155722326,1348.0844277673546,1489.2307692307693,1291.5084427767354,1407.7729831144466,1410.4934333958724,1433.1294559099438,1253.9437148217637,1386.0487804878048,1264.6135084427767,1788.5028142589117,1279.2420262664166,1420.1031894934333,1571.8517823639775,2051.135084427767,1529.7936210131331,1644.6266416510318,1859.1500938086303,3288.065666041276,2981.018761726079,4400.454033771107,2896.0900562851784,2204.2945590994373,1719.983114446529,1552.8198874296436,1395.7298311444654,1487.6266416510318,1217.9512195121952,1334.6097560975609,1210.296435272045,1404.0525328330207,1428.8630393996248,2048.080675422139,2826.343339587242,2684.5872420262663,3049.08818011257,2458.6941838649154,1811.891181988743,1787.1031894934333,1698.8424015009382,2144.0525328330205,3362.176360225141,3046.641651031895,1792.4315196998123,1703.9606003752344,1435.5196998123827,1545.0506566604129,1659.812382739212,1619.187617260788,1438.844277673546,1554.1163227016887,1374.2476547842402,1458.5984990619138,1713.7823639774858,3234.5178236397746,5659.482176360225,4107.166979362101,2804.8217636022514,2805.095684803002,2149.906191369606,1823.9305816135084,1642.108818011257,1927.9343339587242,1785.2251407129456,1862.953095684803,2717.765478424015,4978.063789868668,2931.8330206378987,2248.313320825516,2416.5103189493434,3091.3470919324577,2908.377110694184,2325.0863039399624,2817.470919324578,5470.600375234521,3165.1125703564726,2653.0975609756097,3351.756097560976,6496.470919324578,11162.40712945591,6441.630393996247,3445.686679174484,2656.919324577861,2479.02626641651,2399.001876172608,2241.075046904315,2245.5403377110692,2698.7748592870544,6046.056285178236,4339.204502814259,2897.9418386491557,2678.2607879924954,2536.8217636022514,1986.500938086304,2165.5534709193244,3449.142589118199,6098.435272045028,5540.148217636022,3316.465290806754,2307.8367729831143,1889.953095684803,1613.1988742964352,2128.5553470919326,3817.2889305816134,3985.7148217636022,3252.77861163227,5670.915572232645,4643.076923076923,3814.6022514071296,4841.774859287055,9652.855534709193,11058.637898686678,7344.8536585365855,5524.727954971858,3408.729831144465,2308.643527204503,1975.0956848030019,1743.9287054409006,2129.0093808630395,1773.5422138836773,1735.1181988742965,2060.0037523452156,1874.6622889305816,1535.3095684803002,1611.234521575985,1534.7373358348968,1955.658536585366,2137.8198874296436,2405.2870544090056,2351.2063789868666,2768.2757973733583,5095.120075046904,15420.50469043152,21990.660412757974,11977.06191369606,7481.225140712945,5999.519699812383,6999.431519699812,10017.386491557223,6589.943714821764,7473.155722326454,4502.928705440901,3497.356472795497,3561.671669793621,2953.636022514071,2208.891181988743,2090.500938086304,2055.3189493433397,3368.3395872420265,2760.1482176360223,3344.8217636022514,4630.187617260788,3528.8818011257035,2595.28330206379,2091.9493433395874,1641.121951219512,1726.5590994371482,1662.7298311444654,1922.3658536585365,1793.249530956848,1918.8686679174484,2297.701688555347,2294.0900562851784,2667.59287054409,3042.157598499062,2109.7898686679173,2143.3658536585367,2003.1163227016887,1925.281425891182,1667.4258911819888,2225.878048780488,1854.9437148217637,3305.6322701688555,8674.20262664165,7251.684803001876,3893.1313320825516,2677.200750469043,2229.784240150094,2731.4090056285177,2277.874296435272,2084.998123827392,1915.311444652908,2820.5497185741087,2346.0994371482175,2094.8874296435274,2079.157598499062,2269.2420262664164,2931.986866791745,6739.399624765479,12400.67166979362,9503.801125703565,10740.662288930582,5855.574108818011,3704.5722326454033,2804.65478424015,2059.6998123827393,1835.7073170731708,1674.9943714821763,1812.5984990619138,1821.3696060037523,2099.7129455909944,2049.313320825516,2478.2326454033773,1947.2889305816136,2550.5872420262663,3023.9136960600376,2393.5553470919326,1891.3789868667918,1794.1613508442776,1769.3527204502814,2167.1594746716696,2641.060037523452,4448.307692307692,10032.690431519699,8308.506566604128,4286.210131332083,3288.7523452157598,2891.673545966229,2439.7448405253285,1989.831144465291,2258.686679174484,2922.2457786116324,2542.3076923076924,3134.675422138837,6222.996247654784,9478.091932457786,6195.981238273921,3445.5515947467165,2563.9080675422138,2223.5028142589117,1942.125703564728,1537.0262664165102,1618.6041275797372,1390.7016885553471,1874.8517823639775,1396.8536585365853,1838.3264540337711,2007.1838649155723,1971.155722326454,2576.290806754221,2318.3470919324577,1848.187617260788,2280.317073170732,2122.71669793621,2013.7617260787993,2087.1388367729833,2075.9756097560976,1661.4146341463415,1874.4296435272045,2167.067542213884,3965.8818011257035,8513.928705440901,5562.2307692307695,3518.343339587242,2688.3939962476547,2540.8630393996245,2216.765478424015,1666.2889305816136,1688.4071294559099,1763.500938086304,1851.7823639774858,1898.8292682926829,3487.9493433395874,8937.878048780487,6814.94746716698,4407.827392120075,3930.2926829268295,3316.3470919324577,4617.7410881801125,3765.3696060037523,6347.9005628517825,16841.052532833022,14484.082551594747,8324.34521575985,6588.943714821764,4246.594746716698,3698.3808630393996,4486.5891181988745,3908.56660412758,2698.4596622889308,2650.8405253283304,3686.6660412757974,7398.677298311444,7100.048780487805,4263.55722326454,3101.3508442776733,2939.5046904315195,4323.827392120075,8450.360225140714,6015.112570356473,5610.7410881801125,3998.249530956848,3150.729831144465,2930.3977485928704,4718.166979362101,9824.461538461539,12004.988742964353,13157.33583489681,8852.26641651032,5290.138836772983,3955.110694183865,2886.485928705441,3001.904315196998,3523.6660412757974,2608.545966228893,2284.831144465291,2501.5234521575985,2365.332082551595,1982.121951219512,1723.5590994371482,1778.467166979362,1437.0694183864916,1583.2457786116322,1907.3545966228894,2634.534709193246,3513.110694183865,6485.739212007505,10213.249530956848,18653.06191369606,11527.54971857411,8155.071294559099,9404.84052532833,7171.262664165103,7744.735459662289,12353.819887429643,7103.22138836773,4690.035647279549,3324.7073170731705,2752.718574108818,2053.797373358349,2267.3677298311445,1671.076923076923,1815.9737335834898,2453.7748592870544,6301.891181988743,16958.43527204503,11971.771106941838,6984.538461538462,5289.013133208256,4043.343339587242,4125.968105065666,6397.500938086304,17808.63039399625,33688.25703564728,20125.924953095684,12379.763602251407,10210.13320825516,6723.180112570357,5443.45966228893,5777.43339587242,4300.166979362101,4596.6904315197,4187.634146341464,3206.979362101313,2966.609756097561,2410.9155722326454,2825.547842401501,3276.001876172608,3030.264540337711,4341.977485928705,13306.125703564729,28224.10694183865,19168.080675422138,11346.437148217636,7641.101313320825,6080.347091932458,8232.662288930582,15436.711069418387,20359.544090056286,17284.25891181989,16510.031894934335,14070.296435272045,9384.838649155723,7913.799249530957,7284.574108818011,4851.4296435272045,3164.0075046904317,2542.6191369606004,2258.6191369606004,1945.1988742964352,2155.958724202627,2698.6454033771106,3203.176360225141,4510.763602251407,3447.6060037523453,2523.2476547842402,2241.0975609756097,2014.797373358349,1951.5553470919324,1784.7711069418388,2346.4896810506566,2633.343339587242,2258.2757973733583,1792.7692307692307,2223.722326454034,2437.420262664165,4006.2270168855534,5632.213883677298,4451.696060037523,3749.874296435272,6788.084427767355,9183.756097560976,9322.579737335835,10624.707317073171,6748.913696060037,7415.208255159475,16581.536585365855,14222.459662288931,13616.392120075046,10750.960600375234,6676.478424015009,5025.975609756098,4222.988742964353,3282.8480300187616,2997.161350844278,2853.3846153846152,2991.0300187617263,2433.0075046904317,2613.703564727955,3098.7523452157598,4604.780487804878,8459.20262664165,16728.030018761725,17558.268292682926,10399.401500938086,6794.223264540337,6974.634146341464,9972.086303939963,8993.547842401502,5939.510318949343,5563.669793621013,4225.928705440901,3508.0356472795497,3391.8067542213885,2688.3189493433397,1985.4071294559099,1876.5459662288931,1665.5084427767354,1740.6754221388367,1480.2570356472795,1738.6998123827393,2690.7861163227017,5745.996247654784,16531.624765478424,17458.90056285178,10785.60225140713,7602.354596622889,5904.671669793621,6109.290806754221,5055.324577861164,3928.8836772983113,3541.77861163227,3538.8273921200753,3180.7392120075046,4182.838649155722,4380.44277673546,3126.756097560976,3120.3076923076924,6203.454033771107,4193.780487804878,2950.2870544090056,2169.9906191369605,2305.114446529081,2752.8367729831143,2810.5178236397746,2381.5722326454033,2867.842401500938,3457.093808630394,3165.722326454034,4689.015009380863,14039.776735459662,13243.834896810507,8748.499061913695,9971.968105065665,8903.362101313322,6526.596622889306,7830.255159474672,6289.688555347092,3989.290806754221,2742.574108818011,2438.547842401501,1916.5684803001877,2114.8030018761724,2582.6472795497184,2625.534709193246,2233.6022514071296,2086.829268292683,1822.8649155722326,1837.844277673546,2067.0919324577862,2785.1913696060037,1829.0206378986866,1714.9437148217637,1455.5253283302063,1455.3095684803002,1571.8292682926829,1806.9812382739212,1716.0656660412758,1971.6660412757974,1614.0393996247656,1667.2251407129456,1658.1819887429644,2124.545966228893,2190.2551594746715,2094.5422138836775,2744.8480300187616,4644.101313320825,4182.737335834897,3085.3996247654786,2243.823639774859,1889.5534709193246,1620.8836772983113,1744.8799249530957,1564.9118198874296,1715.4258911819888,1659.81425891182,1680.966228893058,2252.4484052532835,2871.4577861163225,5225.272045028142,5644.731707317073,3837.5253283302063,4283.9193245778615,7450.641651031895,7322.831144465291,5428.656660412758,4774.332082551595,6474.2776735459665,6090.33583489681,5139.427767354597,5522.891181988743,4407.360225140713,3575.324577861163,5062.885553470919,5385.313320825516,7088.82363977486,11588.994371482177,7582.103189493433,5929.909943714822,6398.412757973733,5051.634146341464,4171.943714821764,3129.5834896810507,2231.2288930581612,2084.439024390244,2251.4577861163225,4512.587242026267,5758.529080675422,5091.5422138836775,4041.7260787992495,2927.2120075046905,2393.6041275797375,3065.373358348968,2739.6153846153848,2765.2757973733583,2086.9005628517825,1977.5647279549719,2377.080675422139,5298.538461538462,5108.131332082552,3819.6472795497184,2836.639774859287,3190.951219512195,3901.0525328330205,4649.356472795497,5914.039399624766,9609.454033771108,6281.020637898687,6230.87617260788,8550.18574108818,10223.076923076924,9151.939962476548,13633.240150093809,8811.332082551595,5646.114446529081,4352.090056285178,3421.797373358349,2316.0243902439024,1858.0712945590994,1438.6360225140713,1402.4615384615386,1279.2589118198873,1620.5872420262665,2704.8011257035646,4124.784240150094,3001.3621013133206,2808.121951219512,2804.864915572233,3949.217636022514,11741.234521575985,18818.189493433394,11716.891181988743,8959.39774859287,8647.598499061914,12125.198874296435,8254.260787992494,5618.551594746717,5586.120075046904,4177.378986866792,3016.08818011257,2838.534709193246,5399.868667917448,12128.96435272045,12300.378986866792,7573.934333958724,4806.86679174484,3890.22138836773,3923.298311444653,3755.4577861163225,3236.1013133208257,5583.5234521575985,7674.829268292683,11756.621013133208,10956.523452157599,23593.57598499062,29071.024390243903,19041.206378986866,14359.637898686678,21148.568480300186,18087.90994371482,12856.166979362102,8559.759849906191,6375.1181988742965,5045.058161350844,3982.6116322701687,2811.62851782364,2543.1181988742965,3367.067542213884,8708.77861163227,13675.403377110693,9465.767354596623,8212.95497185741,17948.39962476548,21664.446529080677,14392.273921200751,10208.439024390244,10973.581613508442,16585.020637898688,19907.21013133208,27819.76360225141,18465.163227016885,11121.06191369606,7371.030018761726,5141.962476547842,3825.0075046904317,3509.7936210131334,4169.506566604127,2969.6191369606004,2415.6604127579735,1968.8667917448406,2387.8198874296436,2959.889305816135,4885.013133208256,14772.838649155723,17489.080675422138,10855.956848030019,8401.181988742965,7237.242026266416,5411.647279549718,3759.859287054409,3016.187617260788,3087.2420262664164,8750.917448405253,15510.855534709193,10249.249530956848,9892.13320825516,11024.348968105065,8451.519699812383,14311.253283302063,14192.08818011257,8898.086303939963,5554.784240150094,3976.2926829268295,3410.5572232645404,2857.484052532833,1987.8799249530957,1743.2082551594747,1516.4765478424015,1486.3039399624765,1476.827392120075,1570.4540337711069,1826.341463414634,2190.939962476548,1692.7410881801127,2214.842401500938,1982.140712945591,1974.7148217636022,2155.5178236397746,2281.720450281426,2214.669793621013,1984.656660412758,1630.6341463414635,1809.266416510319,1700.6360225140713,1814.6791744840525,1474.4915572232646,1323.5459662288931,1395.6829268292684,1509.076923076923,2210.2251407129456,4253.348968105066,4464.02626641651,5552.264540337711,11317.0,8583.243902439024,5919.819887429643,5559.831144465291,6062.058161350844,4529.833020637899,3269.8405253283304,2874.1857410881803,2423.187617260788,2709.2757973733583,3447.121951219512,6651.731707317073,12672.833020637898,9124.84990619137,5824.409005628518,4824.225140712945,7198.022514071295,8934.988742964353,12612.553470919325,13570.767354596623,14377.848030018762,9007.508442776736,6047.318949343339,5265.602251407129,4211.808630393996,3047.7898686679173,2385.904315196998,2304.5553470919326,2557.515947467167,6326.827392120075,6618.290806754221,6806.210131332083,7236.8630393996245,6515.266416510319,4841.116322701689,4292.05253283302,3385.2757973733583,2691.033771106942,2348.266416510319,2400.015009380863,2352.7054409005627,3878.709193245779,10523.679174484052,9620.277673545967,6858.470919324578,6611.545966228893,11146.703564727955,24597.36210131332,18857.22326454034,11957.615384615385,8145.191369606004,6131.694183864915,4826.9005628517825,5588.219512195122,15817.545966228892,27406.00938086304,21894.285178236398,14876.043151969981,9761.542213883677,7199.975609756098,6681.634146341464,13628.249530956848,14915.403377110693,16911.69793621013,26258.54033771107,19187.536585365855,15926.690431519699,25194.791744840524,20313.418386491558,12925.474671669794,8483.731707317073,5921.637898686679,4504.161350844278,3427.4821763602254,2886.439024390244,3375.8818011257035,4205.932457786116,8979.703564727955,18891.647279549717,13598.926829268292,8553.437148217636,6786.926829268293,5845.022514071295,4452.750469043152,3728.735459662289,4030.8611632270167,5343.564727954972,7153.763602251407,15790.090056285178,26853.562851782364,24407.508442776736,14891.51407129456,10041.163227016885,9696.517823639775,7085.971857410882,4697.009380863039,3613.8273921200753,3379.981238273921,3910.028142589118,6569.461538461538,5253.43339587242,3806.170731707317,2941.3039399624768,3258.013133208255,9068.35272045028,12625.727954971857,10796.298311444652,7539.923076923077,5211.424015009381,5120.699812382739,3734.0225140712946,2973.7673545966227,2570.3545966228894,2524.356472795497,3529.425891181989,10892.103189493433,10995.412757973734,7088.737335834897,4875.941838649156,4808.529080675422,8851.966228893058,20534.37148217636,20420.737335834896,12988.726078799249,8703.986866791745,6020.679174484053,4197.602251407129,3281.0863039399624,2798.594746716698,2787.8348968105065,5688.298311444653,11828.448405253283,8067.594746716698,6280.604127579737,5883.17636022514,4536.692307692308,3152.984990619137,2794.0994371482175,2645.3996247654786,2511.3883677298313,2210.2270168855534,3490.153846153846,8379.377110694184,13021.568480300188,9208.727954971857,7884.15009380863,5151.7410881801125,3712.7429643527203,2892.6303939962477,2563.5103189493434,2326.386491557223,4980.692307692308,16083.356472795496,23052.62851782364,16114.350844277673,9902.585365853658,6427.138836772983,4627.403377110694,3270.5403377110692,2602.343339587242,2359.8499061913694,3134.844277673546,2807.2589118198875,3185.7467166979363,3590.97373358349,7170.529080675422,17291.255159474673,20475.46904315197,16846.549718574108,14300.384615384615,18881.270168855535,13533.046904315197,8225.540337711069,5665.28330206379,4301.889305816135,3564.6116322701687,3134.028142589118,3010.682926829268,4369.22138836773,4440.1838649155725,3511.5403377110692,4733.502814258912,10728.414634146342,8256.981238273922,5331.941838649156,5284.810506566604,7389.088180112571,5892.799249530957,6953.007504690431,12925.461538461539,9442.326454033771,6360.939962476547,4375.063789868668,4540.018761726079,12393.926829268292,14876.101313320825,10098.427767354597,6826.120075046904,5110.491557223265,5461.8161350844275,7198.210131332083,7660.082551594746,5237.962476547842,4650.290806754221,3111.1181988742965,2656.2382739212007,2696.5872420262663,2347.9624765478425,2140.7129455909944,1922.0562851782363,1577.2307692307693,1480.908067542214,1626.2457786116322,2116.343339587242,1729.6153846153845,1679.3302063789868,1411.187617260788,1883.9624765478425,3754.9437148217635,4311.339587242026,3892.939962476548,5725.803001876173,5047.228893058162,5878.073170731707,11303.986866791745,8460.510318949344,5608.654784240151,4581.005628517823,9495.630393996247,11572.073170731708,7004.517823639775,4636.228893058162,3557.7804878048782,4316.606003752345,4468.660412757974,3644.262664165103,4674.022514071295,12933.176360225141,10494.028142589119,7247.035647279549,6674.031894934334,13529.523452157599,11011.15947467167,7024.1181988742965,4643.75234521576,4208.489681050657,3547.296435272045,3446.979362101313,2411.562851782364,1998.93808630394,2627.425891181989,3010.080675422139,2287.5853658536585,2242.8968105065665,1888.797373358349,1686.705440900563,1335.0863039399624,1377.2983114446529,1331.8761726078799,2142.7129455909944,2324.3414634146343,2340.6923076923076,2788.966228893058,2531.1632270168857,2130.8011257035646,2167.7729831144466,2323.0075046904317,2444.7617260787993,1710.5572232645404,1897.9043151969981,2558.9924953095683,3441.4596622889308,4383.66416510319,5171.499061913696,4304.367729831144,4681.371482176361,3867.02626641651,4574.645403377111,3352.454033771107,3578.0562851782365,3567.34521575985,2883.2382739212007,2300.155722326454,2096.562851782364,2128.472795497186,3338.2270168855534,8239.472795497186,8552.377110694184,5607.377110694184,3880.4502814258913,2794.1932457786115,2201.5515947467165,1738.983114446529,1756.859287054409,1758.6772983114447,2171.784240150094,1906.7823639774858,2360.121951219512,2385.3151969981236,2321.243902439024,2013.2757973733583,2060.919324577861,3341.939962476548,5661.562851782364,5904.225140712945,5885.756097560976,5160.714821763602,7613.030018761726,18271.170731707316,14117.024390243903,9294.532833020638,6959.654784240151,5597.007504690431,3704.0375234521575,2576.0731707317073,2169.046904315197,1964.2420262664166,1804.3789868667918,1473.5647279549719,1581.6003752345216,1820.8799249530957,2560.418386491557,3262.589118198874,4221.313320825516,2864.187617260788,2200.484052532833,1675.1613508442776,1553.2926829268292,1311.2288930581612,1920.844277673546,2180.4896810506566,1965.4108818011257,1596.1988742964352,2683.971857410882,2723.823639774859,2240.823639774859,2082.0112570356473,2338.9155722326454,1993.3245778611633,1658.9718574108817,1339.9493433395871,1348.0694183864916,1181.3733583489682,1476.9118198874296,1531.515947467167,1565.6022514071294,1366.8968105065667,1334.8836772983113,1174.7429643527205,1262.3227016885553,1170.8818011257035,1482.2063789868669,1248.1369606003752,1479.767354596623,1765.3227016885553,2078.527204502814,4212.350844277674,6629.87617260788,5681.617260787993,3846.2082551594744,2536.686679174484,2193.326454033771,1899.6285178236399,1857.6735459662289,1709.3339587242026,1652.5928705440901,1404.1500938086303,1518.9474671669793,1792.8836772983113,3744.326454033771,13999.679174484052,12733.968105065665,8085.373358348968,6070.771106941838,4685.864915572232,3232.6660412757974,2222.439024390244,2276.2720450281427,3514.6491557223267,2820.187617260788,2082.574108818011,1815.1238273921201,1497.9043151969981,1414.033771106942,1287.091932457786,1867.0863039399624,3320.1669793621013,3312.0506566604126,2242.8686679174484,1946.7786116322702,2138.168855534709,2671.326454033771,2178.0431519699814,2080.2757973733583,1605.5365853658536,1589.1763602251408,1292.4277673545967,1376.859287054409,1634.547842401501,3724.859287054409,2971.249530956848,2193.622889305816,1673.3320825515948,1770.874296435272,2265.4821763602254,2084.1932457786115,1580.9681050656661,1526.5534709193246,1174.0225140712946,1160.4953095684803,1203.9643527204503,1280.1144465290806,1444.514071294559,2355.386491557223,5986.463414634146,7055.245778611632,4733.600375234521,4100.208255159475,5256.2026266416515,5601.782363977486,3842.9155722326454,4670.763602251407,3413.6641651031896,2706.0225140712946,1934.9512195121952,1669.7129455909944,1343.294559099437,1379.1819887429644,1146.703564727955,1318.2063789868669,1222.4577861163227,1538.9174484052533,1915.8255159474672,2441.9887429643527,1918.4258911819888,1695.923076923077,1544.8348968105065,2252.343339587242,3035.0225140712946,4838.440900562852,17691.348968105067,34876.45778611632,22405.22326454034,13031.076923076924,8147.050656660413,5369.318949343339,3329.9005628517825,2351.506566604128,1652.7223264540337,1566.5215759849907,1394.2870544090056,1514.4746716697937,1614.3996247654784,1750.4033771106942,1588.9568480300188,1621.8255159474672,1838.3958724202628,2420.5572232645404,1996.3527204502814,1879.9981238273922,1535.405253283302,1649.4652908067542,1785.0450281425892,2015.343339587242,1761.0018761726078,1827.8348968105065,1555.671669793621,1612.9343339587242,1613.3545966228894,2591.358348968105,4559.499061913696,13721.68105065666,28836.42589118199,18532.527204502814,10511.073170731708,6986.84990619137,4497.819887429643,3641.923076923077,4212.046904315197,4639.673545966229,4179.373358348968,3006.1332082551594,2132.493433395872,2114.8517823639777,3046.8874296435274,7764.6904315197,25750.77673545966,19574.24765478424,10769.302063789868,7153.075046904315,5098.121951219512,4060.6003752345214,2888.878048780488,2448.4033771106942,3230.971857410882,4230.020637898687,2825.34521575985,2408.816135084428,2201.6322701688555,2065.77861163227,2201.0525328330205,2317.829268292683,1829.8348968105065,1582.3395872420263,1389.189493433396,1388.4108818011257,1532.7711069418388,1876.266416510319,2507.378986866792,3742.420262664165,3612.0168855534707,2678.6641651031896,2045.013133208255,1848.6435272045028,1421.8649155722326,1357.2926829268292,1231.8367729831145,1349.8836772983113,1177.8405253283302,1235.2870544090056,1204.405253283302,1268.8968105065667,1253.202626641651,1388.6041275797372,1082.9399624765479,1140.5234521575985,1044.6529080675423,1266.5590994371482,1457.3977485928706,1930.3095684803002,1526.8649155722326,1465.1482176360225,1779.343339587242,1963.080675422139,1481.4652908067542,1342.5759849906192,1339.8630393996248,1531.8536585365853,1639.1013133208255,1524.7748592870544,1174.5684803001877,1200.1050656660414,1151.172607879925,1518.8330206378987,1342.2439024390244,1267.9493433395871,1175.0281425891183,1438.0956848030019,1820.594746716698,3364.472795497186,2318.358348968105,1885.966228893058,1845.5984990619138,2838.4765478424015,1981.590994371482,1604.4577861163227,1298.2138836772983,1304.9305816135084,1378.9793621013134,1631.688555347092,1394.891181988743,1981.6979362101313,1738.0450281425892,1480.0225140712946,1204.7936210131331,1207.0956848030019,1157.5966228893058,1632.812382739212,5231.859287054409,6003.651031894934,3667.825515947467,2918.2757973733583,2185.060037523452,1722.3076923076924,1825.4953095684803,1978.7129455909944,1609.5703564727955,1575.810506566604,1407.4465290806754,1313.3189493433397,1215.3864915572233,1792.2570356472795,1971.0506566604129,1726.9943714821763,2406.512195121951,2752.731707317073,1780.4108818011257,1573.9493433395871,1227.624765478424,1237.5065666041276,1293.6097560975609,2504.5703564727955,12083.791744840526,12356.28330206379,7620.311444652908,5042.502814258912,4231.529080675422,5807.5422138836775,3629.3696060037523,2335.641651031895,1969.234521575985,2823.893058161351,2241.7542213883676,1683.4352720450281,1265.9136960600376,1238.0600375234521,1142.249530956848,1216.5572232645404,1110.7767354596622,1208.18574108818,1380.8348968105065,1963.34521575985,6880.8067542213885,19319.341463414636,14963.476547842401,7907.508442776735,4594.054409005628,2929.392120075047,1861.1163227016887,1851.9043151969981,2376.673545966229,1984.5534709193246,1648.2607879924954,2106.0075046904317,1839.5290806754222,1658.8292682926829,1338.5590994371482,1483.733583489681,1602.076923076923,1607.1669793621013,1910.6285178236399,4223.093808630394,6709.727954971858,6023.756097560976,3840.281425891182,2959.1163227016887,4362.887429643527,3924.748592870544,3671.8818011257035,3310.795497185741,2848.127579737336,2218.6848030018764,1669.4333958724203,1486.688555347092,1279.3677298311445,1269.2007504690432,1049.1313320825516,1077.827392120075,1037.9981238273922,1127.6435272045028,1029.969981238274,1209.1350844277674,1032.93808630394,1102.4146341463415,944.172607879925,1077.7485928705441,1112.2589118198873,1332.4033771106942,1203.7223264540337,1237.28330206379,1231.1200750469043,1974.2251407129456,2078.4315196998123,2606.6472795497184,2650.7898686679173,2413.8536585365855,2099.2063789868666,1800.763602251407,1750.6360225140713,2615.924953095685,3844.8517823639777,3482.8968105065665,2796.7448405253285,2420.189493433396,1913.577861163227,1679.906191369606,1407.7110694183864,1350.4183864915572,1218.1275797373357,1544.8705440900562,4062.392120075047,7417.6191369606,4923.131332082552,3306.249530956848,2110.6510318949345,1858.936210131332,2953.718574108818,2880.06191369606,2064.2570356472797,2706.020637898687,7957.467166979362,11153.89493433396,10378.532833020638,5904.870544090057,3457.9474671669795,2458.4577861163225,1810.5703564727955,2447.3208255159475,6289.8348968105065,5078.864915572232,2821.2101313320827,1947.9681050656661,1418.6435272045028,1307.2157598499061,1523.7410881801127,3072.3545966228894,3110.046904315197,2990.5647279549717,2161.8611632270167,2444.189493433396,7308.2307692307695,12102.273921200751,13980.589118198874,7813.043151969981,4194.746716697936,3336.3846153846152,4928.654784240151,15344.091932457786,10464.031894934335,5292.2120075046905,3966.609756097561,3438.5403377110692,2010.686679174484,1677.264540337711,1303.5028142589117,1405.6060037523453,1610.0525328330207,1503.9793621013134,1351.392120075047,1642.5853658536585,1525.9849906191369,2001.0562851782363,4134.572232645403,3254.838649155722,1809.0318949343339,1471.921200750469,1141.202626641651,1255.8649155722326,1577.1744840525328,1412.919324577861,1109.4615384615386,1348.797373358349,1877.705440900563,2137.0581613508443,1805.3958724202628,2707.519699812383,2108.6529080675423,2050.425891181989,4704.129455909943,4305.225140712945,2680.9624765478425,1962.6923076923076,1547.6810506566603,3410.934333958724,3508.4315196998123,2330.4953095684805,2239.046904315197,3418.375234521576,2897.2288930581612,3459.720450281426,3312.4559099437147,3167.9024390243903,5742.454033771107,10743.853658536585,7043.497185741088,3889.688555347092,2276.7242026266417,1840.168855534709,1351.1313320825516,1297.827392120075,1146.4427767354596,1231.2870544090056,1329.0,3119.2101313320827,7031.996247654784,5116.960600375234,2894.4090056285177,3721.8330206378987,11153.378986866792,9656.073170731708,4748.979362101313,3039.2120075046905,2754.968105065666,4034.607879924953,4093.2270168855534,3411.095684803002,2354.4033771106942,1744.9774859287054,1216.8724202626643,1088.7410881801127,1066.8930581613508,1231.1313320825516,1077.8180112570356,1065.1369606003752,1214.4165103189493,1978.0600375234521,1825.1913696060037,1672.8217636022514,2056.108818011257,4158.090056285178,3606.46904315197,2531.763602251407,1878.499061913696,4942.93808630394,13031.260787992494,19284.79737335835,11986.842401500939,5308.208255159475,2536.6491557223267,1700.6041275797372,1234.5741088180112,1706.8461538461538,1637.4108818011257,1394.7711069418388,1131.5703564727955,1165.4277673545967,1045.4596622889305,1130.3039399624765,1088.6904315196998,1372.5046904315197,1523.9568480300188,2716.889305816135,12438.260787992494,22285.187617260788,12496.377110694184,5406.545966228893,2814.748592870544,1853.4296435272045,1340.81425891182,1383.9887429643527,1304.3714821763601,1285.936210131332,1175.1294559099438,1183.6285178236399,1246.189493433396,1514.908067542214,1728.5046904315197,1719.718574108818,1430.6754221388367,1506.7692307692307,1604.735459662289,3892.2138836772983,14491.178236397749,28506.242026266416,22069.39774859287,9589.232645403377,4229.718574108818,2492.6322701688555,1860.1707317073171,1982.033771106942,1476.6904315196998,1295.6097560975609,1145.6041275797372,1137.6679174484052,1021.671669793621,1175.6003752345216,984.2889305816135,1020.3771106941839,1157.343339587242,1183.392120075047,1095.093808630394,1451.6097560975609,3971.3076923076924,6399.1275797373355,3648.279549718574,1962.9155722326454,1282.0412757973734,1228.499061913696,1420.1838649155723,1470.6622889305816,1172.6135084427767,1254.0281425891183,1105.2157598499061,1224.2701688555346,1092.0187617260788,1271.4896810506566,1423.2908067542214,1569.2926829268292,1326.0225140712946,1374.8836772983113,1200.1651031894935,1237.9793621013134,1201.514071294559,3080.7898686679173,7943.8161350844275,7381.71669793621,3305.857410881801,1849.7898686679175,1239.9099437148218,1114.5103189493434,1164.9399624765479,1638.765478424015,2245.2270168855534,6470.803001876173,9072.183864915572,5457.891181988743,2640.1388367729833,1741.5290806754222,1297.953095684803,1369.4333958724203,1172.3320825515948,1170.46904315197,1058.889305816135,1208.6979362101313,1329.7129455909944,1714.232645403377,1589.3621013133209,1878.467166979362,4758.090056285178,16958.30206378987,22106.79549718574,12223.615384615385,5680.799249530957,3317.923076923077,1885.172607879925,1447.5347091932458,1028.3621013133209,1119.3789868667918,957.1163227016885,1016.4465290806754,983.8424015009381,1287.7129455909944,3096.669793621013,4762.105065666041,3149.465290806754,1771.9512195121952,1229.763602251407,1139.750469043152,988.6547842401501,1063.236397748593,933.3677298311445,1056.4615384615386,908.9005628517824,1095.9549718574108,1042.686679174484,1100.5816135084428,1110.1669793621013,1119.9455909943715,985.7767354596623,1273.0412757973734,1723.2682926829268,6403.0806754221385,17237.279549718573,22620.613508442777,12577.422138836773,5665.990619136961,2857.2851782363978,1876.7954971857412,1201.577861163227,1173.1951219512196,1005.9136960600375,1083.18574108818,891.7842401500939,992.5365853658536,1048.1951219512196,1090.0863039399624,996.0956848030019,1069.6191369606004,969.733583489681,1070.0375234521575,946.5666041275797,1081.9643527204503,1608.1500938086303,2718.7804878048782,3130.045028142589,2142.9080675422138,1310.5797373358348,1153.8048780487804,966.5534709193246,1072.8011257035648,932.1144465290806,1040.5722326454033,948.8386491557224,1018.8405253283302,1017.3227016885553,1170.767354596623,1145.1500938086303,1180.9118198874296,1034.9305816135084,1141.4821763602251,1006.6510318949344,1161.0731707317073,1091.3395872420263,1131.6960600375235,939.9756097560976,1026.2382739212007,1077.5984990619138,1017.9943714821763,978.7392120075046,1107.4803001876173,1179.7598499061914,1828.6622889305816,2274.6153846153848,2815.9756097560976,1933.1651031894935,1368.0375234521575,1011.829268292683,1031.2889305816136,952.0187617260788,1044.6904315196998,879.5497185741089,1020.2476547842401,1018.0787992495309,1282.8536585365853,1243.7317073170732,1164.7692307692307,1006.6341463414634,1076.168855534709,1009.6078799249531,1086.4183864915572,940.0412757973734,1081.4071294559099,953.4821763602251,1088.0975609756097,1003.3696060037523,1046.6679174484052,916.3170731707318,1055.232645403377,1156.8874296435272,1423.4465290806754,1401.810506566604,1661.3508442776736,1396.844277673546,1639.2926829268292,1799.7317073170732,2031.5459662288931,1479.5234521575985,1223.46904315197,1017.5422138836773,1093.8198874296436,1087.6735459662289,1247.6322701688555,1155.9305816135084,1271.5759849906192,1524.2401500938086,2105.4615384615386,2503.202626641651,2492.643527204503,1582.6641651031896,1234.4615384615386,1070.2514071294559,1105.6003752345216,997.7617260787993,1157.0844277673546,1070.1163227016887,1288.3320825515948,1355.5084427767354,2363.784240150094,7215.786116322702,15683.36397748593,22403.76923076923,24824.808630393996,14076.544090056284,6037.030018761726,2676.2739212007505,1853.1951219512196,1405.71669793621,1487.8180112570356,1649.1932457786115,1962.9981238273922,1893.921200750469,1718.5816135084428,1339.7298311444654,1383.6772983114447,1330.4315196998123,1397.9943714821763,1219.8424015009382,1188.2045028142588,996.3058161350845,1103.7410881801127,902.1088180112571,1122.0450281425892,965.4615384615385,1074.5365853658536,944.765478424015,976.8761726078799,850.8893058161351,938.0375234521576,922.4671669793621,1033.5872420262665,893.5234521575985,1020.5215759849906,1266.1538461538462,1383.7242026266417,1296.969981238274,1443.5515947467168,1360.5872420262665,2733.62851782364,7118.538461538462,11405.639774859286,15141.915572232645,16115.547842401502,9358.979362101314,4052.0037523452156,2145.215759849906,1884.500938086304,1808.5347091932458
580.8791821561339,503.21375464684013,529.5594795539033,464.8921933085502,592.089219330855,431.0092936802974,542.0817843866171,525.6078066914498,557.2472118959108,526.0706319702603,584.2397769516729,508.1542750929368,616.9200743494424,477.7732342007435,596.5204460966543,614.5724907063197,654.2620817843866,614.4832713754647,592.3531598513011,568.639405204461,607.5910780669145,568.5167286245353,677.4014869888476,601.0706319702603,695.8085501858736,679.2360594795539,649.8494423791822,592.1226765799256,644.0446096654275,581.9758364312268,692.1449814126394,610.1895910780669,708.5204460966543,637.2342007434944,710.0092936802974,609.9981412639405,731.0092936802974,591.6970260223048,712.6040892193308,599.3903345724907,710.5241635687732,642.2918215613383,626.4275092936803,718.4646840148699,670.0260223048327,535.4795539033457,649.1951672862454,727.3475836431227,750.4851301115242,629.8420074349442,721.2955390334572,692.8289962825279,714.9405204460967,690.0594795539033,745.9646840148699,599.1040892193308,724.3624535315985,653.7713754646841,690.1208178438661,634.8289962825279,699.7174721189591,640.1691449814126,687.5297397769517,624.8289962825279,738.539033457249,656.1710037174721,728.1431226765799,671.3754646840149,621.3475836431227,728.9275092936803,681.0278810408922,670.4237918215614,727.364312267658,644.1505576208178,715.2881040892194,678.492565055762,741.9163568773234,681.089219330855,694.7379182156134,823.4646840148699,772.4553903345725,674.8234200743494,733.7304832713754,717.4386617100372,742.0910780669145,695.9888475836432,782.2026022304833,652.3921933085502,709.4553903345725,711.5762081784386,747.1431226765799,661.368029739777,778.7379182156134,761.9646840148699,724.5631970260223,748.9516728624535,751.6561338289963,727.0055762081785,791.0,702.9163568773234,791.5762081784386,717.7862453531599,751.0055762081785,704.8401486988847,680.8494423791822,694.4182156133829,810.2267657992566,668.9014869888476,768.3104089219331,701.6951672862454,646.5594795539033,839.0353159851301,834.6654275092936,745.6078066914498,777.2546468401487,736.9553903345725,845.042750929368,718.1654275092936,800.0631970260223,771.7918215613383,770.7434944237918,778.4869888475837,824.7490706319703,739.3141263940521,795.8847583643122,707.7211895910781,769.4423791821562,723.1970260223048,844.6468401486989,798.5762081784386,818.3345724907064,764.1970260223048,842.1115241635688,739.1672862453531,754.1003717472119,742.1301115241636,819.4423791821562,780.2304832713754,823.1301115241636,668.5315985130112,775.446096654275,692.3773234200744,677.4702602230483,824.096654275093,861.1171003717473,757.2137546468401,779.2304832713754,777.6189591078067,786.2472118959108,800.4386617100372,787.817843866171,730.368029739777,769.0780669144981,747.631970260223,849.5910780669145,803.2973977695167,789.7955390334572,783.5241635687732,769.4349442379182,689.3122676579926,833.1263940520446,798.8364312267659,767.5278810408922,779.8382899628252,834.2323420074349,774.2342007434944,800.4869888475837,797.089219330855,848.1152416356878,718.5910780669145,868.1933085501859,799.8921933085502,846.7490706319703,774.9052044609665,742.539033457249,869.903345724907,890.3308550185874,777.2936802973977,854.539033457249,761.446096654275,897.182156133829,792.2230483271376,802.0817843866171,802.7657992565056,771.453531598513,757.7676579925651,836.2806691449814,816.2081784386617,795.9386617100372,823.5185873605948,826.9479553903345,811.1115241635688,844.8661710037175,777.6208178438661,860.3438661710037,768.7676579925651,863.6988847583643,820.7379182156134,829.2881040892194,886.6579925650558,806.6617100371748,835.7583643122676,876.2862453531599,825.5092936802974,852.4089219330855,774.6022304832713,735.4126394052045,912.9907063197026,819.3847583643122,835.6282527881041,875.8661710037175,805.6951672862454,861.7695167286246,796.0204460966543,857.1691449814126,816.1970260223048,864.1877323420074,783.8048327137546,820.8513011152417,795.8104089219331,846.0483271375465,841.360594795539,880.2323420074349,812.864312267658,875.7397769516729,864.3382899628252,834.3940520446097,787.6171003717473,818.449814126394,870.6561338289963,879.1133828996283,845.3420074349442,870.5483271375465,877.8977695167287,866.6431226765799,875.3884758364312,804.3327137546469,782.9219330855019,783.5650557620818,917.2676579925651,868.3122676579926,827.2137546468401,792.135687732342,818.5353159851301,827.1914498141264,810.1133828996283,849.9851301115242,754.9646840148699,813.7416356877324,839.9776951672862,785.3159851301115,831.6970260223048,771.9200743494424,772.3940520446097,840.8587360594795,796.4795539033457,797.7249070631971,809.8513011152417,841.5650557620818,836.5985130111524,834.9052044609665,857.957249070632,873.5836431226766,766.7193308550186,891.9721189591078,810.1115241635688,844.0780669144981,886.6282527881041,837.1189591078067,816.0334572490706,884.3977695167287,948.9702602230483,899.9981412639405,815.4944237918215,946.9386617100372,860.1412639405205,866.5706319702603,868.4442379182157,853.3457249070632,846.5241635687732,882.9739776951673,779.914498141264,815.5780669144981,852.1877323420074,847.7137546468401,884.2379182156134,860.2490706319703,878.1524163568773,857.6672862453531,781.860594795539,881.7174721189591,810.9479553903345,839.0334572490706,844.3717472118959,875.4516728624535,848.1189591078067,888.946096654275,800.6635687732341,865.1542750929368,820.0,864.8401486988847,816.6858736059479,788.2992565055762,976.8438661710037,899.7750929368029,895.7118959107806,834.1338289962825,812.6635687732341,865.6784386617101,842.3345724907064,857.0650557620818,888.6003717472119,830.2713754646841,836.3773234200744,894.5520446096655,834.5204460966543,913.864312267658,817.4089219330855,849.0947955390335,869.2193308550186,900.4665427509294,859.1951672862454,901.4776951672862,902.1078066914498,893.8568773234201,848.0334572490706,880.7434944237918,894.903345724907,839.368029739777,916.5241635687732,917.446096654275,859.0408921933085,901.0520446096655,814.914498141264,780.9739776951673,1017.5947955390335,1044.8884758364313,928.0594795539033,918.096654275093,912.7676579925651,951.8420074349442,849.7639405204461,921.2174721189591,842.4684014869888,886.3810408921933,943.6784386617101,824.7546468401487,920.7081784386617,978.3345724907064,924.4776951672862,965.5167286245353,913.2639405204461,917.6022304832713,901.9368029739777,942.6840148698885,944.9888475836432,930.6914498141264,892.2750929368029,903.7992565055762,892.0780669144981,875.2713754646841,882.6189591078067,930.3289962825279,928.6189591078067,934.7955390334572,855.9981412639405,825.9405204460967,962.5947955390335,960.8513011152417,925.5947955390335,954.9795539033457,1010.3847583643122,1108.600371747212,1029.100371747212,959.5185873605948,915.3457249070632,916.4684014869888,922.1375464684015,968.7843866171004,916.2118959107806,933.6951672862454,975.3531598513011,983.7732342007434,968.1022304832713,988.4739776951673,914.2769516728624,1004.6672862453531,932.3345724907064,985.8866171003717,960.8959107806692,1035.685873605948,1005.0185873605948,949.9014869888476,932.592936802974,964.4553903345725,912.042750929368,960.1115241635688,926.3810408921933,853.631970260223,1062.1245353159852,950.7286245353159,967.1747211895911,999.5836431226766,944.9479553903345,1028.368029739777,966.1282527881041,977.8568773234201,1041.0353159851302,1022.3159851301115,947.4851301115242,1005.2156133828996,938.868029739777,951.1579925650558,1005.960966542751,1071.306691449814,1036.6691449814127,1074.8568773234201,1006.6096654275093,1027.1022304832713,985.3271375464684,987.2843866171004,1043.8494423791822,996.3550185873606,1003.6765799256506,1067.3475836431228,1041.2973977695167,1047.7881040892194,1024.5669144981412,1059.046468401487,924.3327137546469,980.5,1203.0,1028.0241635687732,1115.4628252788104,1081.096654275093,1045.9460966542752,1149.3085501858736,1199.0167286245353,1245.4014869888476,1062.0687732342008,1060.5260223048326,983.9423791821562,976.2211895910781,1031.8698884758364,1056.7379182156135,1010.4256505576208,1061.4944237918216,1010.1096654275093,1060.364312267658,1036.6245353159852,1012.6412639405205,992.7156133828996,1084.639405204461,1009.1468401486989,1068.3420074349442,1118.7137546468402,1080.171003717472,1018.089219330855,957.046468401487,966.2732342007434,1007.8382899628252,943.7973977695167,957.910780669145,1084.0130111524163,1094.3531598513011,958.864312267658,1004.7769516728624,1055.007434944238,1211.078066914498,1163.2416356877322,1144.8791821561338,977.449814126394,1028.078066914498,1019.9684014869888,1056.5985130111524,1172.1970260223047,1193.2769516728624,1144.096654275093,1005.8531598513011,991.4721189591078,1013.4219330855019,1030.5743494423791,1137.2806691449814,1105.092936802974,1080.7416356877322,1033.1561338289962,1061.1617100371748,1071.224907063197,1253.9869888475837,1228.189591078067,1278.4479553903345,1110.6542750929368,1088.585501858736,993.4832713754647,983.2267657992566,1117.9405204460966,1062.2230483271376,982.6765799256506,1093.2342007434945,1097.8327137546469,1104.9423791821562,1139.0539033457248,1096.953531598513,1044.3271375464683,1098.9312267657992,1147.8531598513011,1257.364312267658,1065.414498141264,1113.689591078067,1116.8327137546469,1179.2843866171004,1168.9498141263941,1138.5055762081784,1068.8791821561338,1265.0650557620818,1187.514869888476,1129.0669144981412,1109.4776951672864,1136.7843866171004,1131.6542750929368,1182.728624535316,1119.736059479554,1101.2806691449814,1035.4368029739776,1116.7230483271376,1048.5483271375465,959.5985130111524,1163.3345724907063,1114.985130111524,1083.907063197026,1103.1189591078066,1134.8884758364313,1219.8587360594795,1083.3234200743495,1162.100371747212,1187.4721189591078,1085.1486988847585,1132.693308550186,1111.9907063197027,991.7806691449814,1153.771375464684,1080.903345724907,1079.511152416357,1001.4981412639405,1124.310408921933,1083.8754646840148,1067.2546468401488,1073.278810408922,1040.9126394052046,1001.3550185873606,1102.8494423791822,1066.0260223048326,1093.0706319702601,1093.3568773234201,1154.6914498141264,1027.7063197026023,1119.4498141263941,1041.3197026022306,1093.1152416356877,1109.1245353159852,1192.0650557620818,1170.9665427509294,1128.0594795539034,1194.1431226765799,1283.236059479554,1156.5594795539034,1216.9869888475837,1172.6245353159852,1295.1579925650558,1179.604089219331,1220.4758364312268,1166.282527881041,1018.957249070632,1105.0055762081784,1218.9349442379182,1170.1654275092937,1190.4609665427508,1047.7100371747213,1075.174721189591,1059.096654275093,1271.9516728624535,1314.0055762081784,1254.2657992565055,1117.7063197026023,1045.2992565055763,1009.0297397769517,1206.496282527881,1149.0650557620818,1317.9405204460966,1161.7304832713755,1116.2527881040892,1288.724907063197,1447.100371747212,1290.518587360595,1159.5836431226767,1041.592936802974,1092.1022304832713,1047.5278810408922,1134.8866171003717,1159.4702602230484,1169.32156133829,1102.3568773234201,1085.3977695167287,1048.2397769516729,1174.0501858736059,1167.6245353159852,1268.7434944237918,1052.2918215613383,1163.4442379182155,1024.732342007435,1123.4572490706319,1125.364312267658,1380.9795539033457,1057.6096654275093,1045.2992565055763,1007.2918215613383,1144.003717472119,1169.2100371747213,1287.806691449814,1048.096654275093,1046.17843866171,938.6133828996283,1091.7267657992566,1275.8048327137546,1256.6263940520446,1088.3085501858736,1138.6115241635687,1078.4460966542752,1234.771375464684,1162.5130111524163,1158.4293680297399,1124.1672862453531,1122.518587360595,1198.7342007434945,1271.131970260223,1084.282527881041,1026.8457249070632,1094.631970260223,1311.1524163568772,1449.9516728624535,1608.0985130111524,1259.4981412639406,1217.1245353159852,1117.5576208178438,1112.306691449814,1078.953531598513,1122.399628252788,1091.9684014869888,1309.5799256505577,1057.4442379182155,1077.9684014869888,965.4888475836432,1020.1245353159851,961.8420074349442,1015.1840148698885,1084.6951672862454,1249.2732342007434,1194.0650557620818,1104.914498141264,1027.5743494423791,1118.3717472118958,1074.1691449814127,1153.9721189591078,1170.6468401486989,1125.7602230483271,1027.9460966542752,1037.135687732342,988.1040892193308,1043.514869888476,1009.3122676579926,1124.135687732342,1087.0,1172.6877323420074,1201.2657992565055,1362.7546468401488,1080.988847583643,1108.8810408921934,1013.4628252788104,1029.639405204461,982.635687732342,1112.6617100371748,1047.7137546468402,1217.604089219331,1259.1208178438662,1546.3903345724907,1600.9479553903345,1198.8438661710038,1189.3494423791822,1204.0018587360594,1114.314126394052,1543.4014869888476,1795.5631970260224,1694.0390334572492,1882.6970260223047,1537.174721189591,1093.360594795539,1169.271375464684,1071.5539033457248,1183.3550185873605,1190.9944237918216,1524.8327137546469,1889.7695167286245,1590.410780669145,1430.7620817843865,1606.0092936802973,1477.407063197026,1513.5092936802973,1425.763940520446,1828.3810408921934,2709.6617100371745,3295.589219330855,2516.247211895911,1950.828996282528,1556.3420074349442,1525.9702602230484,1657.0130111524163,2421.7565055762084,2740.938661710037,1595.492565055762,1400.721189591078,1352.1022304832713,1359.7973977695167,1366.4609665427508,1182.1022304832713,1328.6691449814127,1244.828996282528,1624.6301115241636,1763.6208178438662,1458.100371747212,1155.6208178438662,1248.2973977695167,1206.100371747212,1526.3717472118958,2002.171003717472,2511.5018587360596,2721.559479553903,2230.4591078066915,1493.7899628252787,1779.9163568773233,1437.503717472119,1435.6171003717473,1610.5223048327136,2063.2230483271373,1762.8810408921934,1388.3866171003717,1513.1412639405205,1440.32156133829,1453.3011152416357,1968.4423791821562,1649.1226765799256,1467.007434944238,1652.0985130111524,1532.2267657992566,1230.806691449814,1382.1486988847585,1626.8587360594795,2260.9591078066915,1823.1431226765799,1895.1282527881042,1594.0278810408922,1405.263940520446,1290.635687732342,1342.8159851301116,1450.724907063197,1830.3698884758364,1988.6840148698884,1917.2843866171004,2531.2044609665427,3270.771375464684,3970.9479553903348,3103.5055762081784,2502.8382899628255,1980.5092936802973,1783.1579925650558,1518.4944237918216,1224.1115241635687,1364.0353159851302,1540.4349442379182,2011.899628252788,2505.061338289963,1773.5557620817845,1364.0278810408922,1335.7899628252787,1496.9014869888476,1534.1263940520446,1170.6245353159852,1410.0910780669144,1484.9572490706319,2032.7044609665427,3020.1691449814125,3655.879182156134,1815.9349442379182,1472.4572490706319,1393.014869888476,1856.992565055762,2407.14312267658,2232.03531598513,1533.6542750929368,1466.1338289962825,1397.3791821561338,1686.9442379182155,1562.4721189591078,1914.0687732342008,2679.1691449814125,3631.472118959108,2262.096654275093,2306.7342007434945,2539.4591078066915,1742.6951672862454,1402.67843866171,1509.236059479554,1766.6505576208178,2671.977695167286,3347.2304832713753,2475.656133828996,1749.1840148698884,1873.0501858736059,2337.5260223048326,1597.1208178438662,1240.4386617100372,1388.589219330855,1245.8159851301116,1327.2862453531598,1301.1152416356877,1568.9795539033457,1263.1802973977694,1390.2230483271376,1245.7118959107806,1251.3457249070632,1162.0130111524163,1288.717472118959,1351.1301115241636,1748.721189591078,1689.899628252788,1929.5334572490706,1405.1208178438662,1421.1282527881042,1226.0315985130112,1333.507434944238,1443.8587360594795,1686.3308550185873,1696.6115241635687,1822.4684014869888,1732.3234200743495,1729.5278810408922,1534.8866171003717,1678.2899628252787,1892.9014869888476,1715.3420074349442,1664.3531598513011,2157.626394052045,1894.135687732342,1664.7416356877322,1509.0371747211896,1497.9200743494423,1448.7509293680298,1842.518587360595,2393.6524163568774,2627.0985130111526,1786.6914498141264,1397.6133828996283,1474.7342007434945,2042.0836431226767,1651.6877323420074,1908.6951672862454,2091.449814126394,2059.485130111524,1961.403345724907,1853.903345724907,1658.2695167286245,1765.4368029739776,1362.2379182156135,1455.3420074349442,1424.5669144981412,1548.4442379182155,1420.2955390334573,1517.5576208178438,1391.9237918215613,1551.492565055762,1804.3903345724907,1710.328996282528,1480.9944237918216,1580.860594795539,1517.7806691449814,1650.9349442379182,1866.4907063197027,1952.3884758364313,1909.7527881040892,1880.310408921933,1735.4591078066915,2032.8401486988848,2374.5687732342008,2798.96282527881,2782.349442379182,2340.592936802974,1953.5762081784387,2278.0910780669146,2325.1691449814125,2143.2955390334573,2069.111524163569,2080.3457249070634,1894.7583643122678,1935.9776951672864,1842.6096654275093,1812.3736059479554,1872.7379182156135,1951.8587360594795,1858.4293680297399,3028.7118959107806,3085.9293680297396,2036.4739776951674,1892.2118959107806,2228.604089219331,1636.1431226765799,1910.1282527881042,1770.1301115241636,1711.0576208178438,1888.918215613383,2311.5855018587363,2905.449814126394,3138.8940520446095,1851.131970260223,2124.0018587360596,2959.0947955390334,4220.066914498141,5152.728624535316,3915.763940520446,2508.1951672862456,2043.5947955390334,2371.9739776951674,2961.8550185873605,3231.2862453531598,4368.698884758364,4200.288104089219,4130.85687732342,4919.9591078066915,5364.224907063197,5063.723048327138,3394.029739776952,2736.745353159851,3451.254646840149,2390.589219330855,1725.0613382899628,1739.5650557620818,2128.5260223048326,2200.8698884758364,2147.3029739776953,1932.4330855018588,2190.007434944238,2300.596654275093,1849.5501858736059,2002.1877323420074,3117.299256505576,3162.349442379182,2559.5724907063195,2293.745353159851,2567.4739776951674,1946.4869888475837,2001.5762081784387,2202.791821561338,2673.245353159851,2820.111524163569,2491.8550185873605,1888.2472118959108,1692.5650557620818,1534.4628252788104,1966.4126394052046,2703.6226765799256,3048.1654275092937,2499.873605947955,2228.7843866171,1933.7769516728624,2686.053903345725,3003.2881040892194,2436.2379182156133,3195.3308550185875,3385.938661710037,2586.9739776951674,3162.6078066914497,3088.022304832714,3100.2806691449814,2392.7193308550186,1997.4498141263941,2250.620817843866,2998.453531598513,4061.6226765799256,5248.988847583643,4572.96468401487,4552.436802973978,3713.953531598513,3653.282527881041,3352.8661710037177,3746.3104089219332,4181.682156133829,3950.6524163568774,4747.217472118959,4983.494423791822,3278.507434944238,2511.531598513011,1984.2156133828996,2337.202602230483,2578.682156133829,3571.410780669145,3893.702602230483,3558.185873605948,3697.0055762081784,4020.5037174721188,4914.585501858736,5409.810408921933,3740.150557620818,4307.7657992565055,4147.403345724907,3118.960966542751,3507.146840148699,4250.553903345725,3805.7118959107806,3613.1951672862456,3185.0111524163567,4080.1059479553905,4046.092936802974,4144.726765799256,4132.851301115242,4903.988847583643,3849.2509293680296,3257.529739776952,3256.3550185873605,4019.6338289962823,4074.747211895911,3444.7193308550186,2564.656133828996,2038.503717472119,1604.6282527881042,1837.4591078066915,1683.3847583643123,1547.8773234200744,1516.6635687732341,1713.481412639405,1456.5613382899628,1520.0,1525.5762081784387,1518.17843866171,1468.8308550185873,1595.8122676579926,1728.5483271375465,1894.728624535316,1835.182156133829,2731.7862453531598,3644.0204460966543,3163.46468401487,2329.388475836431,1586.0631970260224,1360.6022304832713,1686.3475836431228,1982.7304832713755,2305.442379182156,1530.0520446096655,1697.364312267658,1589.011152416357,1724.2118959107806,1891.0631970260224,1909.9832713754647,1325.864312267658,1444.003717472119,1493.8940520446097,1753.1059479553903,1911.3624535315985,2122.9014869888474,2625.291821561338,3249.799256505576,2476.604089219331,2155.6691449814125,2381.96282527881,1678.4702602230484,1434.10780669145,1520.7026022304833,1470.4702602230484,1824.9330855018588,2566.5557620817845,3233.1617100371745,1922.4349442379182,2014.8810408921934,2393.940520446097,2954.9907063197024,3726.124535315985,2629.1486988847582,1805.2267657992566,2525.472118959108,2107.618959107807,1723.1970260223047,1370.1301115241636,1762.224907063197,2159.7955390334573,2763.0836431226767,2010.7397769516729,2388.3828996282527,2492.925650557621,2238.639405204461,1392.193308550186,1531.171003717472,1578.3847583643123,2038.5650557620818,2860.182156133829,4852.053903345725,5924.897769516729,6182.421933085502,3388.6226765799256,1847.895910780669,1407.9200743494423,1442.3773234200744,1281.1691449814127,1520.9702602230484,1559.5390334572492,2196.0557620817845,2581.6171003717473,3172.418215613383,3727.5520446096652,4471.449814126394,2284.8122676579924,1976.0557620817845,1885.282527881041,2126.2193308550186,2244.1988847583643,3249.5724907063195,4209.267657992565,3400.814126394052,2474.039033457249,3336.291821561338,2493.7881040892194,1661.3736059479554,1486.0,1793.4721189591078,2224.131970260223,3421.7862453531598,2663.3513011152418,1899.8197026022306,1832.9293680297399,2146.236059479554,2273.381040892193,2540.3159851301116,2104.721189591078,1760.6338289962825,2171.8921933085503,2212.5334572490706,2080.3698884758364,3389.918215613383,3143.460966542751,1992.139405204461,1899.6152416356877,2921.039033457249,3063.1524163568774,2475.0,2856.6003717472117,4153.973977695167,5688.204460966543,3967.053903345725,2025.2732342007434,1627.9293680297399,1303.5706319702601,1468.3345724907063,1418.5650557620818,1866.1486988847585,1583.7565055762082,1486.7583643122678,1302.721189591078,1371.7862453531598,1118.364312267658,1262.1635687732341,1294.682156133829,1346.7955390334573,1382.9200743494423,1383.6301115241636,1114.9758364312268,1463.8568773234201,1480.8513011152415,1364.9442379182155,1136.981412639405,1274.9368029739776,1132.6524163568772,1261.3940520446097,1199.1486988847585,1354.2881040892194,1117.1338289962825,1280.860594795539,1104.6152416356877,1417.7137546468402,1220.6802973977694,1264.1486988847585,1118.4795539033457,1231.8698884758364,1145.3940520446097,1238.5724907063197,1229.1468401486989,1479.981412639405,1168.4665427509294,1254.4795539033457,1158.7304832713755,1233.9832713754647,1080.6561338289962,1174.2118959107806,1349.6449814126395,1530.4423791821562,1518.89219330855,1452.096654275093,1446.828996282528,1818.0167286245353,1909.9739776951674,1662.089219330855,1797.1022304832713,2459.9981412639404,1626.6802973977694,1314.0,1168.7583643122678,1272.1672862453531,1267.0501858736059,1188.3048327137546,1104.8011152416357,1330.9423791821562,1081.5223048327136,1298.4052044609666,1112.5706319702601,1272.39219330855,1192.1635687732341,1184.9089219330856,1101.3866171003717,1209.2397769516729,1220.1449814126395,1585.4776951672864,1854.9368029739776,1688.5873605947954,1362.914498141264,1331.6970260223047,1503.0371747211896,1489.8494423791822,1292.2100371747213,1459.278810408922,1511.7527881040892,1715.4349442379182,1315.2657992565055,1202.2416356877322,1179.771375464684,1315.7044609665427,1291.7918215613383,1745.5092936802973,2042.907063197026,1830.9442379182155,1303.5557620817845,1384.9832713754647,1498.5669144981412,2009.4442379182155,1486.0501858736059,1483.806691449814,1575.8568773234201,1939.7081784386617,2097.059479553903,2102.849442379182,1645.3308550185873,1516.078066914498,1356.1115241635687,1689.7936802973977,1365.1951672862454,1283.9423791821562,1087.9758364312268,1268.5018587360594,1432.2936802973977,1490.3029739776953,1592.9572490706319,1833.1486988847585,1455.9684014869888,1773.9646840148698,2207.514869888476,2337.03717472119,1620.104089219331,1747.414498141264,1892.9368029739776,1702.182156133829,1586.1635687732341,1823.6951672862454,2002.3550185873605,2340.0185873605947,1667.3661710037175,1977.0799256505577,2382.514869888476,3149.566914498141,1997.918215613383,1842.0278810408922,1774.2137546468402,1831.732342007435,2292.3587360594797,3758.9814126394053,4729.033457249071,3495.2342007434945,2831.674721189591,3401.6078066914497,2103.708178438662,1712.007434944238,2076.8698884758364,2969.985130111524,2465.146840148699,2811.907063197026,2523.8159851301116,2703.4237918215613,2596.2955390334573,3623.8029739776953,2781.425650557621,1985.732342007435,1576.8011152416357,1811.4014869888476,2356.5762081784387,2114.4832713754645,1440.8364312267659,1860.418215613383,2816.646840148699,3872.9014869888474,2616.32156133829,3219.5631970260224,3321.150557620818,3256.674721189591,4449.1208178438665,3473.2955390334573,2460.150557620818,4171.914498141264,5093.477695167287,2870.8271375464683,2256.685873605948,3483.6003717472117,5231.418215613383,5797.421933085502,5014.2026022304835,3840.4814126394053,2955.007434944238,3227.4442379182155,5237.156133828997,7272.280669144981,4853.197026022305,3473.0167286245355,5450.743494423792,8844.60780669145,5874.446096654275,3553.174721189591,2158.806691449814,1920.7992565055763,2162.3011152416357,3347.7044609665427,3495.092936802974,3540.1152416356877,4487.708178438662,6733.338289962825,4583.579925650558,2752.624535315985,2066.933085501859,1531.4832713754647,1356.771375464684,1679.6728624535317,1652.8568773234201,2098.3104089219332,3271.507434944238,3489.407063197026,2125.6226765799256,1796.4702602230484,1844.0130111524163,1813.1598513011152,1476.9907063197027,1834.2230483271376,2478.888475836431,3640.061338289963,2758.245353159851,2420.970260223048,2423.613382899628,1803.9405204460966,1525.2267657992566,1758.232342007435,2488.620817843866,2488.2193308550186,1618.2434944237918,1649.6728624535317,1546.5669144981412,1884.4832713754647,1444.310408921933,1617.0669144981412,1622.907063197026,2293.721189591078,2675.457249070632,2392.418215613383,1947.5836431226767,1597.9832713754647,1439.360594795539,1658.092936802974,1542.3345724907063,1642.7992565055763,2014.131970260223,1882.82156133829,1488.4498141263941,1548.8011152416357,1351.6022304832713,1638.7583643122678,2203.1003717472117,3451.282527881041,2412.8828996282527,1692.2546468401488,1609.7936802973977,1564.2397769516729,1459.4609665427508,1746.8717472118958,1449.5873605947954,1605.0130111524163,1964.8624535315985,2915.849442379182,4182.622676579926,4339.226765799256,2026.7230483271376,1884.5018587360594,2377.938661710037,2671.53531598513,1688.724907063197,1549.4237918215613,1505.4944237918216,2275.4052044609666,2123.6486988847582,2658.275092936803,3342.128252788104,2252.626394052045,2052.7416356877325,2378.2565055762084,1648.9349442379182,1722.8029739776953,2129.8903345724907,2285.96468401487,1370.1133828996283,1403.8828996282527,1187.988847583643,1323.3420074349442,1263.5650557620818,1464.399628252788,1416.1245353159852,1928.67843866171,2879.0706319702604,2399.8345724907063,1286.3122676579926,1292.7806691449814,1238.7973977695167,1526.4163568773233,1230.306691449814,1464.5613382899628,1171.9423791821562,1470.8977695167287,1340.9516728624535,1276.2509293680298,1253.864312267658,1354.6877323420074,1372.3327137546469,1950.6542750929368,2337.1654275092937,1802.0390334572492,1646.0873605947954,2663.9126394052046,2616.433085501859,1559.0836431226767,1432.0985130111524,1660.3568773234201,1584.0278810408922,1554.081784386617,1243.8810408921934,1569.4795539033457,1958.6226765799256,2474.239776951673,2831.224907063197,2069.252788104089,1442.089219330855,1637.1375464684015,1707.1561338289962,2347.200743494424,1765.9479553903345,1807.3698884758364,1774.228624535316,2347.754646840149,1702.9646840148698,1678.453531598513,2005.546468401487,2225.9144981412637,1424.5687732342008,1486.418215613383,1741.6579925650558,3004.9944237918216,3763.460966542751,2195.1877323420076,1789.9014869888476,1963.8791821561338,1480.492565055762,1545.6115241635687,1572.507434944238,1741.1022304832713,1531.8810408921934,1582.814126394052,1533.8438661710038,2332.849442379182,4152.239776951673,4337.4275092936805,1794.282527881041,1527.2881040892194,1342.4572490706319,1404.0353159851302,1477.9591078066915,1709.421933085502,1443.6728624535317,2042.1579925650558,1884.2806691449814,1785.4739776951674,1295.988847583643,1287.600371747212,1136.4684014869888,1310.9702602230484,1244.5241635687732,1534.193308550186,1762.0650557620818,1957.8903345724907,1439.4405204460966,1377.8568773234201,1249.4442379182155,1545.364312267658,1638.328996282528,1769.1524163568772,1772.0334572490706,2345.027881040892,2075.4479553903348,1495.0836431226767,1400.0018587360594,1638.0055762081784,1924.5315985130112,2124.2063197026023,2033.5743494423791,2412.4126394052046,1923.6449814126395,1784.5130111524163,1435.1691449814127,1681.3754646840148,1786.5743494423791,1844.7565055762082,1422.604089219331,1689.8475836431228,1880.5167286245353,2957.5,4677.8624535315985,5068.466542750929,1905.0334572490706,1607.007434944238,1630.4553903345725,1467.7230483271376,1142.5130111524163,1404.014869888476,1255.4479553903345,1359.5687732342008,1518.5241635687732,1523.1152416356877,1227.895910780669,1414.39219330855,1264.3847583643123,1354.8568773234201,1254.4776951672864,1542.4944237918216,1429.414498141264,1621.0985130111524,1937.9609665427508,2602.1895910780668,1860.8550185873605,1332.1691449814127,1187.6561338289962,1394.825278810409,1340.5762081784387,1891.9684014869888,1679.8661710037175,1606.0985130111524,1229.0371747211896,1579.5501858736059,1695.8698884758364,1601.317843866171,1196.1598513011152,1305.9014869888476,1194.0985130111524,1255.7267657992566,1196.9293680297399,1395.6486988847585,1303.5055762081784,1538.4646840148698,1477.395910780669,1553.7973977695167,1395.2843866171004,1424.4349442379182,1367.9498141263941,1672.0557620817845,2365.14312267658,2094.371747211896,1204.907063197026,1352.682156133829,1251.6412639405205,1263.0446096654275,1206.9386617100372,1441.9869888475837,1558.4907063197027,2505.1877323420076,2389.3345724907063,1995.5743494423791,1529.9758364312268,1781.5650557620818,1701.4442379182155,1669.996282527881,1820.3791821561338,2625.3624535315985,3112.492565055762,2377.7936802973977,1754.6691449814127,2213.879182156134,2490.5,2781.7267657992566,1936.1152416356877,2120.0334572490706,3466.210037174721,4048.0446096654273,1913.2379182156135,1505.9739776951674,1364.8847583643123,1481.014869888476,1403.8048327137546,1637.767657992565,1346.2973977695167,1464.0,1506.7769516728624,2145.656133828996,3235.6171003717473,4842.133828996282,3161.146840148699,2295.778810408922,1990.9869888475837,2485.2490706319704,1850.6914498141264,2384.254646840149,2761.228624535316,1819.581784386617,1484.4869888475837,1910.5985130111524,2339.736059479554,2738.960966542751,1779.2899628252787,1846.4052044609666,2345.0762081784387,4203.860594795539,6387.784386617101,4412.819702602231,3267.6970260223047,2893.5334572490706,2577.791821561338,2036.7137546468402,1633.7472118959108,2039.5334572490706,2718.559479553903,5220.262081784386,4800.674721189591,2315.736059479554,1615.8494423791822,2055.492565055762,2808.1691449814125,4111.775092936803,2312.700743494424,2122.8234200743495,2587.825278810409,3860.185873605948,2380.472118959108,1705.310408921933,1385.0483271375465,1521.8810408921934,1594.724907063197,2200.46282527881,3049.131970260223,4921.117100371747,4439.585501858736,5416.9312267658,6925.210037174721,3560.946096654275,2447.539033457249,3672.46282527881,5787.553903345725,5768.223048327138,3167.6338289962823,2470.2490706319704,3321.7695167286247,6380.814126394052,7366.737918215614,2933.2843866171,1666.767657992565,1743.1914498141264,1825.992565055762,1846.092936802974,1409.403345724907,1482.503717472119,1495.8011152416357,1980.328996282528,1984.3828996282527,2988.565055762082,3700.635687732342,4598.460966542751,3413.708178438662,4514.802973977695,7096.864312267658,5633.784386617101,6121.204460966543,4653.9925650557625,2936.7509293680296,3277.03531598513,3650.221189591078,2185.485130111524,1577.6635687732341,1679.171003717472,2250.7862453531598,2583.7862453531598,1970.0594795539034,2145.325278810409,1916.674721189591,2569.907063197026,4478.355018587361,7301.139405204461,3531.934944237918,2072.4237918215613,1945.5408921933085,1778.728624535316,1831.3401486988848,2619.559479553903,4575.126394052045,7878.60780669145,6420.044609665428,8247.381040892193,4902.823420074349,4000.8271375464683,5432.46468401487,3847.7118959107806,2120.289962825279,1888.4795539033457,1855.6914498141264,2304.825278810409,3555.375464684015,6235.115241635688,6584.0,5959.691449814127,5431.78624535316,5737.942379182156,2716.342007434944,2603.6301115241636,2580.232342007435,1957.828996282528,1603.3048327137546,1586.4460966542752,1593.7936802973977,1880.1877323420074,2456.3122676579924,3927.4368029739776,3170.1951672862456,4798.806691449814,4499.042750929368,5964.126394052045,7415.685873605948,10719.884758364313,18660.63568773234,13772.39033457249,4543.029739776952,2656.6765799256505,2629.886617100372,4574.905204460966,4641.825278810409,5765.907063197026,9869.661710037175,7517.739776951673,3325.5,1845.8828996282527,1613.407063197026,2161.113382899628,3068.371747211896,4957.527881040892,5029.4312267658,6269.011152416357,3459.4832713754645,1880.5557620817845,1599.6635687732341,1641.1468401486989,1575.3494423791822,1900.395910780669,2310.728624535316,3426.53531598513,6652.410780669145,5219.522304832713,2222.650557620818,2179.9200743494425,2625.1802973977697,4556.840148698885,4536.559479553904,7701.083643122676,6341.1208178438665,4200.743494423792,2014.314126394052,1775.9349442379182,1884.7193308550186,2134.379182156134,2264.171003717472,3856.8011152416357,7501.2992565055765,6088.663568773234,2513.050185873606,1879.1412639405205,1471.67843866171,1569.921933085502,1544.89219330855,1614.314126394052,1649.3457249070632,2259.53531598513,1992.5650557620818,2003.3494423791822,2745.918215613383,2936.0037174721188,3163.1988847583643,6153.481412639405,9268.260223048328,5723.118959107806,7271.789962825279,5886.139405204461,2507.574349442379,2139.7732342007434,1794.1096654275093,2158.046468401487,1532.3159851301116,1579.9200743494423,1517.7843866171004,1508.1505576208178,1640.7992565055763,2465.6988847583643,4249.851301115242,8624.46468401487,5701.369888475836,3033.7769516728627,1788.2899628252787,1583.368029739777,1364.953531598513,1354.6189591078066,1394.5055762081784,1491.0799256505577,1382.1449814126395,1680.9832713754647,2105.5780669144983,2917.5408921933085,5509.111524163569,6016.122676579926,2458.825278810409,2119.888475836431,2011.682156133829,2045.4591078066915,1564.4330855018588,1705.5985130111524,1594.7527881040892,1547.1970260223047,1590.7862453531598,2454.6654275092937,2941.066914498141,5836.343866171003,3406.1765799256505,1775.1877323420074,1401.992565055762,1486.189591078067,1377.9163568773233,1483.868029739777,1432.0520446096655,1540.8866171003717,1463.0613382899628,1825.6598513011152,2195.522304832714,4178.353159851301,4167.161710037175,2430.113382899628,2242.1877323420076,2240.760223048327,1715.018587360595,1749.4330855018588,1505.306691449814,1603.6598513011152,1639.8661710037175,2047.2899628252787,2697.760223048327,4021.2843866171,8984.083643122676,15561.953531598512,10693.50557620818,4257.979553903346,2244.6654275092937,2160.7806691449814,1520.6802973977694,1456.589219330855,1229.8736059479554,1358.5223048327136,1181.5167286245353,1277.7806691449814,1135.9312267657992,1285.1412639405205,1170.685873605948,1327.6728624535317,1396.6133828996283,1720.8531598513011,1511.1691449814127,1613.9795539033457,1650.6096654275093,1445.4628252788104,1341.0241635687732,1430.3122676579926,1228.0724907063197,1491.806691449814,1856.3401486988848,2777.4944237918216,1656.693308550186,1462.674721189591,1392.895910780669,1955.399628252788,2094.85687732342,2292.0780669144983,1765.2156133828996,1571.2007434944237,1347.8122676579926,1763.3401486988848,1291.7100371747213,1587.8029739776953,2158.767657992565,3998.7044609665427,3270.2732342007434,1963.2416356877322,1324.3197026022306,1369.1561338289962,1410.4275092936803,1631.671003717472,1232.32156133829,1296.7081784386617,1207.9498141263941,1503.7546468401488,1938.6208178438662,1879.7955390334573,2100.353159851301,2349.2304832713753,1699.775092936803,1754.0687732342008,1553.4479553903345,1503.8717472118958,1282.4237918215613,1430.2026022304833,1337.267657992565,1726.8791821561338,1930.1765799256505,1820.7862453531598,1548.0390334572492,2019.488847583643,2447.297397769517,2912.113382899628,2890.2955390334573,2679.5408921933085,1864.4200743494423,1540.864312267658,1402.7602230483271,1556.8531598513011,1570.717472118959,1610.5278810408922,1426.4442379182155,1600.7527881040892,1882.1059479553903,2652.349442379182,2993.4888475836433,2054.5092936802976,2238.8308550185875,2756.8308550185875,2474.200743494424,2309.3029739776953,1906.981412639405,2466.646840148699,2985.7379182156133,3509.9293680297396,2981.46468401487,2164.5408921933085,1764.518587360595,2199.2936802973977,3305.4052044609666,3284.146840148699,2653.7490706319704,2463.6301115241636,1790.732342007435,1972.317843866171,1565.6152416356877,1870.5706319702601,2022.5910780669144,2645.7230483271373,2340.4442379182155,2093.9293680297396,2244.156133828996,1903.2007434944237,1514.0315985130112,1531.453531598513,1522.3940520446097,1854.914498141264,1703.0706319702601,1570.4163568773233,1528.1505576208178,1916.3828996282527,1674.868029739777,2398.9479553903348,3126.027881040892,2153.2695167286247,1672.8531598513011,2305.873605947955,2803.2862453531598,2378.5334572490706,2940.433085501859,5143.791821561338,4290.553903345725,2682.561338289963,2400.8345724907063,2138.3624535315985,2038.8048327137546,2201.2230483271373,1982.0669144981412,2397.157992565056,1636.921933085502,1811.8736059479554,1946.7602230483271,1863.903345724907,2161.693308550186,3077.239776951673,1994.7193308550186,1761.5204460966543,1991.7007434944237,2678.6375464684015,3254.5446096654273,5305.531598513011,7457.206319702602,4740.847583643123,2887.972118959108,2455.477695167286,3142.0762081784387,5895.481412639405,8315.64869888476,4087.232342007435,2482.6078066914497,2990.747211895911,4770.144981412639,5330.353159851301,4612.446096654275,2308.736059479554,1801.3773234200744,1839.1189591078066,1475.6486988847585,2119.0873605947954,2151.639405204461,4237.494423791822,3029.254646840149,2008.5446096654275,1789.7992565055763,1937.8382899628252,2519.8048327137544,3318.349442379182,3835.0055762081784,5671.472118959108,7035.096654275093,9366.420074349442,9688.163568773234,5771.027881040892,7644.462825278811,11803.771375464685,6594.037174721189,4540.516728624535,5458.403345724907,3623.635687732342,3844.4442379182155,3239.5762081784387,2824.468401486989,4993.146840148699,8162.1375464684015,4716.946096654275,3994.4089219330854,7809.840148698885,10230.03345724907,4378.832713754647,2665.628252788104,3095.6152416356877,4157.498141263941,9947.39219330855,12200.910780669145,5869.087360594795,5998.440520446096,8578.161710037175,5112.615241635688,3816.065055762082,4149.434944237918,4359.914498141264,4043.842007434944,2575.849442379182,2220.754646840149,3687.5985130111526,3863.8847583643123,4022.4368029739776,2608.6672862453534,2088.8624535315985,2480.4591078066915,2260.3234200743495,1650.9665427509294,1876.0687732342008,2437.620817843866,4992.005576208178,4099.124535315985,2232.210037174721,1614.5018587360594,1550.1765799256505,1581.3382899628252,2216.3159851301116,3507.0873605947954,5627.042750929368,2749.263940520446,2418.4591078066915,3055.977695167286,5044.689591078067,10570.75278810409,7824.7342007434945,3828.693308550186,2498.717472118959,1865.6988847583643,2326.6486988847582,2640.460966542751,2149.628252788104,1906.182156133829,2133.2806691449814,2494.546468401487,3230.1877323420076,2076.8308550185875,1772.3085501858736,1694.32156133829,1794.921933085502,2067.8327137546466,1868.5446096654275,1674.003717472119,1759.546468401487,1775.2434944237918,1685.2137546468402,1522.2118959107806,1747.228624535316,1577.3940520446097,1535.0092936802973,1507.7453531598512,2516.628252788104,3019.873605947955,4393.215613382899,2414.8828996282527,1708.5743494423791,1457.8513011152415,1720.3475836431228,1437.275092936803,1581.817843866171,1728.7992565055763,3294.618959107807,3660.747211895911,2225.118959107807,1962.2044609665427,3290.6951672862456,8258.1375464684,6151.57063197026,2616.171003717472,1916.1449814126395,1600.3884758364313,1607.578066914498,1502.728624535316,1451.4052044609666,1465.6115241635687,1729.3029739776953,2457.0762081784387,2253.6338289962823,1579.4944237918216,1538.8698884758364,1557.4591078066915,1707.2379182156135,1515.403345724907,2297.0910780669146,2052.3828996282527,2858.1078066914497,5373.2657992565055,7339.89219330855,3300.6654275092937,2169.8903345724907,1741.4869888475837,1653.3977695167287,1454.0260223048326,1997.2026022304833,2276.0,3553.8011152416357,3411.6914498141264,2102.1802973977697,1597.325278810409,1456.5687732342008,1240.585501858736,1329.3587360594795,1187.3048327137546,1328.6133828996283,1424.1282527881042,1922.6840148698884,1326.7769516728624,1236.3513011152415,1071.5315985130112,1156.6208178438662,1077.1970260223047,1184.8513011152415,1117.7137546468402,1349.2602230483271,1319.4665427509294,2097.3029739776953,2929.736059479554,7935.184014869888,10492.864312267659,5509.8308550185875,3168.4795539033457,2056.9442379182155,1418.4944237918216,1420.2862453531598,1541.7583643122678,1553.217472118959,1213.0334572490706,1317.4795539033457,1150.1375464684015,1292.6840148698884,1694.5687732342008,2766.557620817844,2249.778810408922,1634.5353159851302,1409.5390334572492,1505.7657992565055,1271.131970260223,1335.3513011152415,1263.9256505576209,1440.6133828996283,1310.7843866171004,1524.581784386617,1346.775092936803,1550.9646840148698,1778.7490706319702,2111.6691449814125,2236.0037174721188,2497.254646840149,1660.5687732342008,1557.3791821561338,1316.3661710037175,1373.6059479553903,1352.092936802974,1842.3494423791822,2291.1059479553905,1844.2602230483271,1413.6022304832713,1446.7936802973977,1432.7527881040892,1446.8457249070632,1185.0223048327136,1174.3884758364313,1344.7527881040892,1431.9646840148698,1330.1654275092937,1816.685873605948,1552.988847583643,1634.7527881040892,1816.5,1682.3382899628252,1531.8401486988848,1637.0631970260224,1543.3159851301116,1853.7955390334573,1648.992565055762,2286.1877323420076,1766.860594795539,1479.3754646840148,1344.6096654275093,1830.275092936803,1201.8754646840148,1398.1059479553903,1263.4479553903345,1450.0446096654275,1524.3234200743495,1640.674721189591,1546.0557620817845,1615.3308550185873,1320.488847583643,1397.89219330855,1476.2899628252787,1556.1152416356877,1263.9237918215613,1394.3550185873605,1671.3977695167287,1801.5873605947954,2186.940520446097,1931.481412639405,1687.7044609665427,1583.639405204461,1345.496282527881,1453.3661710037175,1369.8271375464683,1511.7453531598512,1311.2732342007434,1428.8159851301116,1435.5223048327136,1456.1635687732341,1271.7881040892194,1403.4758364312268,1282.717472118959,1802.0260223048326,1294.6542750929368,1439.1728624535317,1606.306691449814,2114.559479553903,1567.003717472119,1677.5,1911.418215613383,3420.507434944238,3106.232342007435,4590.680297397769,3015.2044609665427,2270.3122676579924,1770.6561338289962,1583.9442379182155,1420.3011152416357,1509.89219330855,1236.5390334572492,1352.2434944237918,1232.414498141264,1421.6226765799256,1451.7137546468402,2102.7881040892194,2949.895910780669,2783.0687732342008,3177.663568773234,2546.972118959108,1862.1728624535317,1826.4163568773233,1747.5576208178438,2208.6895910780668,3505.4869888475837,3142.6486988847582,1841.581784386617,1740.3810408921934,1463.864312267658,1573.4126394052046,1703.7955390334573,1650.5260223048326,1468.2416356877322,1580.0650557620818,1400.403345724907,1482.8382899628252,1755.6635687732341,3360.291821561338,5941.176579925651,4301.85687732342,2918.1951672862456,2910.5446096654273,2232.550185873606,1870.860594795539,1685.9126394052046,1979.6765799256505,1833.1263940520446,1914.9237918215613,2818.275092936803,5213.882899628253,3053.2230483271373,2319.317843866171,2508.685873605948,3216.631970260223,3031.360594795539,2403.395910780669,2933.5167286245355,5714.771375464684,3304.379182156134,2748.9368029739776,3495.5092936802976,6820.204460966543,11745.921933085501,6762.82156133829,3594.767657992565,2757.364312267658,2573.553903345725,2485.353159851301,2321.6152416356877,2317.546468401487,2809.8996282527883,6346.496282527881,4539.518587360595,2997.968401486989,2774.7695167286247,2623.1078066914497,2046.6635687732341,2229.7732342007434,3597.9553903345727,6401.020446096654,5828.8791821561335,3459.918215613383,2398.407063197026,1946.3011152416357,1660.6654275092937,2193.5092936802976,3995.3624535315985,4173.684014869888,3394.940520446097,5935.894052044609,4870.85687732342,3991.9219330855017,5075.7657992565055,10153.921933085501,11656.009293680298,7723.046468401487,5805.596654275093,3558.7490706319704,2393.728624535316,2033.9739776951674,1797.1301115241636,2198.9479553903348,1832.4553903345725,1785.6542750929368,2121.895910780669,1922.5669144981412,1571.1412639405205,1646.3327137546469,1576.4516728624535,2012.2899628252787,2211.5910780669146,2493.8475836431226,2443.1951672862456,2872.3197026022303,5318.559479553904,16108.979553903346,23039.399628252788,12557.328996282527,7847.905204460966,6279.710037174721,7328.269516728625,10479.020446096654,6919.526022304833,7862.078066914498,4724.332713754647,3648.613382899628,3729.066914498141,3082.468401486989,2294.2342007434945,2156.0799256505575,2128.3382899628255,3509.3903345724907,2876.46282527881,3482.1877323420076,4862.027881040892,3692.074349442379,2695.050185873606,2154.9739776951674,1686.4330855018588,1773.0743494423791,1713.4572490706319,1977.8568773234201,1851.6245353159852,1973.7620817843865,2381.934944237918,2369.146840148699,2777.553903345725,3170.9200743494425,2191.5799256505575,2212.849442379182,2066.2044609665427,1978.4665427509294,1716.5501858736059,2277.379182156134,1913.0223048327136,3416.042750929368,9062.548327137547,7596.674721189591,4057.35687732342,2770.6152416356877,2308.0130111524163,2834.4814126394053,2368.3197026022303,2154.1449814126395,1979.4349442379182,2935.275092936803,2432.918215613383,2169.128252788104,2145.5985130111526,2345.5167286245355,3047.433085501859,7027.916356877324,12993.886617100372,9960.685873605948,11278.024163568773,6134.869888475836,3861.752788104089,2908.2732342007434,2125.782527881041,1887.2472118959108,1718.5706319702601,1860.0446096654275,1883.5910780669144,2160.03531598513,2124.1654275092937,2541.381040892193,2011.6338289962825,2648.531598513011,3156.721189591078,2478.2843866171,1953.0706319702601,1844.5539033457248,1818.7695167286245,2238.7230483271373,2753.8271375464683,4640.4275092936805,10487.64312267658,8695.618959107807,4483.078066914498,3421.8401486988846,2998.485130111524,2520.2565055762084,2050.736059479554,2333.325278810409,3045.0687732342008,2635.8475836431226,3262.4962825278812,6525.511152416357,9956.018587360595,6491.009293680298,3594.842007434944,2660.0,2301.724907063197,2000.7695167286245,1574.0687732342008,1651.131970260223,1418.8159851301116,1899.6988847583643,1427.1765799256505,1888.5613382899628,2073.531598513011,2030.4460966542752,2676.368029739777,2404.646840148699,1910.82156133829,2364.4944237918216,2202.849442379182,2074.6096654275093,2157.5799256505575,2141.1449814126395,1709.3568773234201,1926.981412639405,2233.8401486988846,4121.598513011152,8925.685873605948,5821.157992565056,3668.7565055762084,2785.1840148698884,2641.96468401487,2296.247211895911,1713.8773234200744,1728.1059479553903,1818.089219330855,1896.7602230483271,1955.7620817843865,3622.825278810409,9371.330855018587,7150.903345724907,4615.157992565056,4077.074349442379,3461.2565055762084,4823.544609665428,3931.156133828996,6646.858736059479,17727.550185873606,15298.368029739777,8783.5,6935.644981412639,4464.57434944238,3875.368029739777,4715.382899628253,4093.368029739777,2819.507434944238,2767.524163568773,3864.150557620818,7797.864312267658,7504.2992565055765,4481.858736059479,3246.656133828996,3068.8847583643123,4535.284386617101,8913.773234200744,6342.468401486989,5900.5687732342,4197.416356877324,3292.8327137546466,3059.4516728624535,4955.126394052045,10363.789962825278,12708.232342007435,13916.31784386617,9328.198884758363,5571.808550185873,4145.053903345725,3018.671003717472,3131.156133828996,3684.700743494424,2713.4275092936805,2372.388475836431,2602.433085501859,2463.5724907063195,2048.1617100371745,1778.1765799256505,1829.9758364312268,1479.7732342007434,1624.6449814126395,1968.1152416356877,2739.5762081784387,3684.5,6832.836431226766,10799.098513011153,19738.271375464683,12228.031598513011,8625.297397769516,9936.527881040893,7574.2007434944235,8131.869888475836,12968.968401486989,7470.141263940521,4904.592936802974,3472.775092936803,2865.3271375464683,2127.297397769517,2318.3828996282527,1718.724907063197,1866.1840148698884,2542.8940520446095,6576.193308550186,17773.057620817843,12575.312267657993,7339.10780669145,5544.193308550186,4229.942379182156,4326.503717472119,6728.273234200744,18694.2249070632,35308.34572490706,21196.444237918215,13051.423791821562,10754.700743494424,7082.918215613383,5715.210037174721,6094.211895910781,4510.706319702602,4830.782527881041,4396.336431226766,3360.7955390334573,3092.4553903345727,2509.0947955390334,2949.8104089219332,3429.9814126394053,3158.6301115241636,4548.542750929368,13934.64126394052,29542.38475836431,20144.975836431226,11950.061338289963,8024.501858736059,6380.5074349442375,8657.814126394052,16266.60408921933,21440.563197026022,18233.20260223048,17367.050185873606,14818.60408921933,9891.877323420074,8336.100371747212,7673.451672862454,5103.628252788104,3313.059479553903,2642.7620817843867,2339.1375464684015,2011.6263940520446,2228.0483271375465,2816.0037174721188,3345.299256505576,4740.661710037175,3608.32156133829,2633.3977695167287,2319.5260223048326,2089.111524163569,2010.496282527881,1844.0910780669144,2432.1301115241636,2742.934944237918,2339.468401486989,1853.2267657992566,2277.0799256505575,2534.957249070632,4190.420074349442,5927.055762081784,4664.944237918216,3932.953531598513,7129.055762081784,9678.113382899628,9806.263940520446,11186.185873605948,7092.457249070632,7790.059479553904,17385.56691449814,14977.6375464684,14373.559479553904,11357.986988847584,7029.421933085502,5286.810408921933,4433.368029739777,3440.881040892193,3130.9089219330854,2984.475836431227,3116.7843866171,2537.1765799256505,2718.2044609665427,3241.031598513011,4825.901486988848,8917.221189591079,17543.565055762083,18446.53717472119,10929.949814126394,7145.219330855019,7309.957249070632,10501.96282527881,9483.042750929368,6258.221189591078,5852.295539033457,4441.903345724907,3678.185873605948,3550.343866171004,2800.7230483271373,2063.2063197026023,1935.5557620817845,1713.4052044609666,1786.7881040892194,1526.4907063197027,1792.9553903345725,2796.574349442379,6029.342007434944,17330.56691449814,18367.43308550186,11368.185873605948,8002.646840148699,6208.739776951673,6412.46468401487,5313.195167286245,4126.622676579926,3715.5873605947954,3708.120817843866,3333.934944237918,4378.916356877324,4607.743494423792,3264.5520446096652,3257.8308550185875,6491.825278810409,4398.455390334572,3074.674721189591,2253.9312267657992,2386.289962825279,2870.388475836431,2932.014869888476,2481.202602230483,2990.550185873606,3622.2936802973977,3308.7379182156133,4906.421933085502,14710.557620817845,13914.760223048328,9187.433085501858,10496.624535315985,9381.2156133829,6878.847583643123,8226.830855018587,6620.24721189591,4178.732342007435,2856.2379182156133,2534.468401486989,1985.992565055762,2189.903345724907,2690.9126394052046,2728.849442379182,2317.3457249070634,2159.868029739777,1887.671003717472,1894.395910780669,2141.2342007434945,2883.364312267658,1892.3661710037175,1763.4460966542752,1495.6802973977694,1489.0706319702601,1619.364312267658,1863.2583643122678,1767.488847583643,2033.8345724907063,1663.8791821561338,1710.8773234200744,1708.4516728624535,2194.9163568773233,2278.5910780669146,2181.081784386617,2860.6078066914497,4872.139405204461,4402.873605947955,3226.1524163568774,2333.2118959107806,1952.1617100371748,1670.306691449814,1794.860594795539,1610.4795539033457,1767.3048327137546,1716.0483271375465,1730.2100371747213,2343.182156133829,2990.700743494424,5491.221189591078,5933.849442379182,4020.64312267658,4460.566914498141,7800.345724907063,7680.405204460966,5697.401486988848,5008.581784386617,6824.2007434944235,6410.444237918216,5403.130111524164,5814.793680297398,4632.210037174721,3743.7379182156133,5325.414498141264,5664.135687732342,7445.682156133829,12183.157992565055,7978.689591078067,6235.503717472119,6742.353159851301,5315.3624535315985,4383.044609665428,3272.581784386617,2323.682156133829,2160.8327137546466,2346.1877323420076,4741.695167286245,6078.630111524164,5358.195167286245,4254.271375464684,3060.626394052045,2496.373605947955,3198.6412639405203,2862.8587360594797,2865.0724907063195,2169.702602230483,2046.2304832713755,2476.970260223048,5565.442379182156,5377.732342007435,4009.014869888476,2967.373605947955,3332.717472118959,4096.180297397769,4872.444237918216,6188.810408921933,10076.483271375464,6589.408921933085,6541.901486988848,8984.258364312267,10761.524163568773,9621.96282527881,14334.289962825278,9268.50557620818,5914.42565055762,4558.477695167287,3565.817843866171,2407.8382899628255,1914.985130111524,1476.511152416357,1433.4832713754647,1309.9553903345725,1663.5799256505577,2821.8457249070634,4322.9591078066915,3144.618959107807,2910.35687732342,2926.5204460966543,4127.184014869888,12282.81970260223,19728.079925650556,12318.697026022304,9425.490706319702,9087.291821561339,12716.418215613383,8665.014869888475,5876.466542750929,5863.775092936803,4370.446096654275,3153.8550185873605,2967.767657992565,5669.470260223048,12729.399628252788,12938.646840148698,7959.916356877324,5052.306691449814,4066.8029739776953,4121.016728624535,3937.522304832714,3396.903345724907,5865.869888475836,8081.923791821561,12362.767657992565,11544.0,24755.399628252788,30545.07434944238,20044.31970260223,15107.338289962825,22186.126394052044,19017.446096654276,13536.970260223048,9021.157992565055,6703.71375464684,5308.656133828997,4188.871747211896,2948.0055762081784,2654.8513011152418,3529.1486988847582,9142.055762081784,14412.479553903346,9970.576208178438,8639.022304832713,18804.838289962827,22742.565055762083,15122.797397769516,10740.743494423792,11503.832713754648,17407.74907063197,20886.698884758363,29182.00557620818,19397.524163568774,11692.342007434945,7731.434944237918,5386.871747211896,3992.5167286245355,3665.1840148698884,4365.453531598513,3109.1617100371745,2506.1951672862456,2044.0241635687732,2464.1096654275093,3098.646840148699,5120.182156133829,15473.256505576208,18364.2249070632,11418.044609665427,8828.975836431227,7620.488847583643,5678.3308550185875,3939.4795539033457,3149.111524163569,3222.693308550186,9148.778810408921,16281.684014869888,10766.381040892193,10383.96468401487,11613.490706319702,8891.789962825278,15017.82342007435,14927.265799256505,9349.334572490707,5825.793680297398,4153.970260223048,3561.9869888475837,2978.306691449814,2063.9126394052046,1799.7342007434945,1558.2862453531598,1524.8940520446097,1521.1226765799256,1617.8364312267659,1892.5520446096655,2251.6301115241636,1745.7044609665427,2292.559479553903,2061.1152416356877,2049.282527881041,2238.171003717472,2371.029739776952,2306.1486988847582,2053.747211895911,1685.0501858736059,1862.5408921933085,1754.4869888475837,1874.2397769516729,1516.3884758364313,1360.4237918215613,1427.9460966542752,1542.5427509293681,2291.3401486988846,4469.453531598513,4686.894052044609,5821.613382899628,11876.706319702602,9021.117100371746,6222.444237918216,5829.171003717473,6374.117100371747,4752.9312267658,3421.3401486988846,2991.799256505576,2523.193308550186,2824.624535315985,3602.682156133829,6967.347583643123,13303.933085501858,9588.53903345725,6109.598513011152,5053.810408921933,7565.780669144981,9393.336431226766,13269.369888475836,14258.172862453532,15132.581784386617,9480.25092936803,6348.100371747212,5525.029739776952,4416.1691449814125,3183.1598513011154,2475.7843866171,2384.3828996282527,2663.381040892193,6642.596654275093,6971.146840148699,7166.652416356877,7642.578066914498,6867.960966542751,5093.680297397769,4513.399628252788,3553.3921933085503,2811.6171003717473,2453.6877323420076,2496.395910780669,2454.2955390334573,4046.7565055762084,11052.382899628254,10121.234200743495,7219.719330855019,6943.236059479554,11693.85130111524,25802.97026022305,19861.49442379182,12578.198884758363,8570.094795539033,6428.414498141264,5061.756505576208,5854.390334572491,16569.877323420074,28746.50557620818,23051.314126394052,15680.267657992565,10276.613382899628,7566.189591078067,7020.481412639405,14308.308550185873,15691.03903345725,17751.96468401487,27537.00185873606,20159.84944237918,16744.408921933085,26466.25092936803,21386.453531598512,13622.061338289963,8944.076208178438,6232.596654275093,4736.388475836431,3591.7156133829,3042.089219330855,3549.343866171004,4424.518587360595,9428.03903345725,19846.648698884757,14301.342007434945,8994.408921933085,7134.187732342008,6154.280669144981,4681.743494423792,3950.6226765799256,4285.185873605948,5663.020446096654,7560.605947955391,16589.89405204461,28219.918215613383,25697.120817843865,15686.184014869888,10573.308550185873,10213.03903345725,7468.724907063197,4932.405204460966,3783.325278810409,3535.0557620817845,4102.10780669145,6928.0241635687735,5548.717472118959,3993.247211895911,3076.3401486988846,3399.825278810409,9504.17657992565,13259.24907063197,11348.386617100372,7898.042750929368,5461.5408921933085,5365.823420074349,3908.336431226766,3096.6003717472117,2673.057620817844,2618.8661710037177,3674.014869888476,11378.25278810409,11520.291821561339,7422.53531598513,5095.394052044609,5020.446096654275,9292.579925650558,21526.31226765799,21437.375464684013,13639.00557620818,9144.85873605948,6306.795539033457,4393.9925650557625,3416.507434944238,2915.4312267657992,2894.453531598513,5931.172862453532,12423.172862453532,8471.639405204462,6584.587360594795,6193.966542750929,4750.905204460966,3300.03531598513,2903.492565055762,2755.6895910780668,2595.639405204461,2288.156133828996,3629.682156133829,8769.869888475836,13687.011152416357,9681.53531598513,8291.908921933085,5410.312267657992,3889.9144981412637,3013.1542750929366,2661.775092936803,2417.550185873606,5190.014869888476,16883.985130111523,24205.697026022306,16958.10780669145,10403.968401486989,6744.0241635687735,4834.979553903346,3408.7230483271373,2691.5631970260224,2444.7769516728627,3262.0204460966543,2929.1654275092937,3322.0111524163567,3758.185873605948,7523.553903345725,18119.47397769517,21503.760223048328,17740.185873605948,15054.7843866171,19899.88475836431,14267.459107806691,8678.598513011153,5953.897769516729,4523.756505576208,3731.3029739776953,3282.252788104089,3142.7044609665427,4592.182156133829,4673.042750929368,3689.5130111524163,4952.947955390335,11254.042750929368,8668.776951672862,5589.449814126394,5547.018587360595,7778.704460966543,6185.102230483271,7292.176579925651,13558.46282527881,9929.598513011153,6682.3624535315985,4580.087360594795,4745.496282527881,13012.472118959107,15663.734200743495,10643.546468401488,7183.659851301115,5365.667286245353,5743.988847583643,7559.2657992565055,8054.462825278811,5505.671003717473,4870.416356877324,3258.1412639405203,2766.881040892193,2815.342007434944,2446.0836431226767,2227.581784386617,1992.7267657992566,1626.7565055762082,1522.631970260223,1681.4702602230484,2195.3197026022303,1794.0743494423791,1728.9386617100372,1453.0092936802973,1951.985130111524,3927.8903345724907,4525.85687732342,4083.6877323420076,6030.185873605948,5323.810408921933,6170.141263940521,11876.407063197026,8887.314126394052,5892.076208178439,4798.9758364312265,9948.765799256505,12161.793680297398,7359.057620817844,4859.0241635687735,3721.278810408922,4522.050185873606,4704.479553903346,3805.5037174721188,4890.182156133829,13573.46468401487,11037.046468401488,7607.368029739777,7006.6691449814125,14191.31970260223,11580.022304832713,7375.343866171003,4865.098513011152,4408.851301115242,3725.9089219330854,3630.433085501859,2531.1171003717473,2084.0260223048326,2743.6412639405203,3148.7806691449814,2378.888475836431,2335.4591078066915,1960.9758364312268,1742.921933085502,1375.5371747211896,1410.8159851301116,1368.0130111524163,2214.2342007434945,2420.0483271375465,2434.799256505576,2917.185873605948,2639.5557620817845,2231.6765799256505,2269.328996282528,2435.6412639405203,2543.7137546468402,1780.6245353159852,1966.5167286245353,2674.3996282527883,3607.1988847583643,4616.873605947955,5456.128252788104,4532.598513011152,4926.877323420074,4068.492565055762,4816.386617100372,3520.635687732342,3750.728624535316,3748.2434944237916,3026.5631970260224,2397.124535315985,2175.5446096654273,2216.646840148699,3492.425650557621,8683.256505576208,9042.161710037175,5918.6691449814125,4083.7657992565055,2931.2695167286247,2297.1765799256505,1805.1988847583643,1816.1765799256505,1838.3234200743495,2283.3308550185875,1999.2472118959108,2465.449814126394,2498.252788104089,2412.1895910780668,2100.1895910780668,2144.1022304832713,3505.210037174721,5960.522304832713,6231.756505576208,6215.371747211896,5441.351301115242,8021.397769516729,19239.533457249072,14886.120817843866,9813.793680297398,7337.973977695167,5896.144981412639,3890.7304832713753,2688.529739776952,2254.970260223048,2046.9200743494423,1868.3847583643123,1526.0260223048326,1627.092936802974,1888.3940520446097,2674.5408921933085,3420.0557620817845,4430.942379182156,3004.373605947955,2286.9907063197024,1739.7620817843865,1601.1133828996283,1346.9591078066915,1986.0910780669144,2277.700743494424,2027.6728624535317,1652.6486988847585,2805.8234200743495,2851.949814126394,2334.3457249070634,2167.626394052045,2442.5910780669146,2075.4981412639404,1714.5947955390334,1383.271375464684,1383.0873605947954,1219.7193308550186,1520.0799256505577,1587.1970260223047,1620.0985130111524,1405.6691449814127,1368.131970260223,1205.778810408922,1294.7026022304833,1203.4628252788104,1524.488847583643,1285.5910780669144,1522.8736059479554,1830.0631970260224,2157.9219330855017,4424.596654275093,6987.295539033457,5997.869888475836,4042.139405204461,2663.646840148699,2279.53717472119,1975.7769516728624,1914.399628252788,1778.868029739777,1705.8234200743495,1447.689591078067,1565.2342007434945,1856.682156133829,3904.4368029739776,14715.903345724908,13421.029739776952,8521.486988847584,6390.940520446096,4927.75092936803,3382.6078066914497,2322.6449814126395,2374.82156133829,3689.0836431226767,2943.1691449814125,2167.524163568773,1881.9628252788104,1552.6115241635687,1452.224907063197,1328.6524163568772,1938.228624535316,3481.565055762082,3472.8382899628255,2343.0520446096652,2023.7602230483271,2224.843866171004,2790.3382899628255,2276.3122676579924,2168.4479553903348,1668.3475836431228,1634.4498141263941,1331.8773234200744,1411.6375464684015,1690.763940520446,3906.3122676579924,3115.17843866171,2284.2342007434945,1732.8698884758364,1829.399628252788,2358.539033457249,2170.1171003717473,1638.395910780669,1571.828996282528,1205.782527881041,1186.4126394052046,1228.7007434944237,1306.217472118959,1490.518587360595,2454.613382899628,6305.102230483271,7457.009293680298,4998.436802973978,4314.806691449814,5539.615241635688,5915.951672862454,4046.8271375464683,4915.230483271375,3597.128252788104,2835.7490706319704,2021.4981412639406,1728.8457249070632,1384.007434944238,1407.4591078066915,1176.8884758364313,1351.4089219330856,1256.003717472119,1587.5371747211896,1992.4516728624535,2548.7843866171,1996.7267657992566,1753.232342007435,1599.7955390334573,2343.791821561338,3183.2657992565055,5080.3959107806695,18564.509293680298,36599.994423791824,23613.451672862455,13740.81970260223,8575.102230483271,5640.881040892194,3489.843866171004,2443.029739776952,1709.7007434944237,1612.6672862453531,1434.2509293680298,1558.2267657992566,1668.511152416357,1811.5,1644.6524163568772,1672.6617100371748,1910.7583643122678,2523.4014869888474,2082.977695167286,1943.3884758364313,1581.8810408921934,1699.507434944238,1851.2081784386617,2090.4832713754645,1830.9256505576209,1893.8791821561338,1607.8884758364313,1662.1691449814127,1671.395910780669,2703.0018587360596,4791.548327137546,14395.079925650558,30310.57063197026,19532.611524163567,11065.420074349442,7346.1040892193305,4726.775092936803,3818.2509293680296,4437.622676579926,4887.5074349442375,4420.2007434944235,3162.0204460966543,2237.3048327137544,2209.3475836431226,3194.879182156134,8149.907063197026,27082.656133828998,20629.310408921934,11359.992565055762,7532.682156133829,5368.360594795539,4263.860594795539,3041.3828996282527,2560.081784386617,3397.6840148698884,4454.28624535316,2976.4739776951674,2518.9200743494425,2303.546468401487,2151.6598513011154,2296.842007434944,2417.646840148699,1899.2472118959108,1637.4795539033457,1434.403345724907,1431.864312267658,1582.5018587360594,1946.1672862453531,2617.4126394052046,3926.2936802973977,3805.6171003717473,2804.3345724907063,2128.611524163569,1921.4256505576209,1467.6970260223047,1392.0,1264.9498141263941,1379.4237918215613,1206.1914498141264,1258.503717472119,1230.3977695167287,1295.4721189591078,1282.9256505576209,1418.2899628252787,1104.3122676579926,1161.5743494423791,1067.0241635687732,1290.014869888476,1503.275092936803,2000.2732342007434,1579.4330855018588,1509.6802973977694,1840.814126394052,2035.368029739777,1528.6226765799256,1377.4628252788104,1379.0910780669144,1581.3810408921934,1688.17843866171,1565.4256505576209,1201.0241635687732,1223.6877323420074,1178.9591078066915,1564.3661710037175,1380.485130111524,1295.918215613383,1201.4646840148698,1471.9684014869888,1885.2546468401488,3522.1598513011154,2423.2137546468402,1953.1486988847585,1918.317843866171,2963.6654275092937,2062.146840148699,1649.9498141263941,1333.5483271375465,1338.0055762081784,1418.4256505576209,1685.263940520446,1434.4776951672864,2052.182156133829,1801.6579925650558,1524.4423791821562,1233.8940520446097,1229.2193308550186,1181.9126394052046,1675.7881040892194,5504.6375464684015,6337.0,3852.522304832714,3048.6617100371745,2279.0706319702604,1780.9052044609666,1896.9572490706319,2052.853159851301,1669.0873605947954,1625.0334572490706,1451.9163568773233,1344.5278810408922,1247.914498141264,1854.4665427509294,2052.620817843866,1790.2918215613383,2514.8996282527883,2882.4553903345727,1852.221189591078,1619.089219330855,1259.864312267658,1268.8977695167287,1331.0650557620818,2601.559479553903,12710.024163568773,13039.21375464684,8040.784386617101,5305.059479553904,4442.674721189591,6127.485130111524,3823.066914498141,2440.789962825279,2054.282527881041,2954.5557620817845,2339.970260223048,1738.907063197026,1304.732342007435,1268.6672862453531,1168.228624535316,1247.2732342007434,1138.2565055762082,1237.081784386617,1423.828996282528,2031.7026022304833,7217.890334572491,20350.665427509295,15806.553903345724,8339.327137546468,4830.756505576208,3061.685873605948,1935.081784386617,1910.1022304832713,2479.4163568773233,2058.550185873606,1708.1208178438662,2188.1802973977697,1908.8866171003717,1715.3122676579926,1380.0055762081784,1524.7044609665427,1660.6486988847585,1660.604089219331,1988.8234200743495,4430.656133828997,7086.25092936803,6365.152416356877,4046.6672862453534,3103.368029739777,4595.382899628253,4131.083643122676,3862.6375464684015,3479.6598513011154,2990.9368029739776,2316.5799256505575,1734.7416356877322,1535.3903345724907,1322.5836431226767,1298.8717472118958,1075.1765799256505,1103.585501858736,1061.7509293680298,1152.1152416356877,1051.953531598513,1231.4981412639406,1057.4052044609666,1123.1338289962825,962.7026022304833,1099.5260223048326,1142.8513011152415,1367.403345724907,1240.9628252788104,1270.9330855018588,1268.3401486988848,2050.7565055762084,2168.485130111524,2722.968401486989,2781.171003717472,2525.2304832713753,2188.0446096654273,1864.903345724907,1816.0204460966543,2728.336431226766,4042.529739776952,3656.8828996282527,2941.925650557621,2525.3457249070634,1991.5985130111524,1735.7230483271376,1451.907063197026,1387.9460966542752,1253.1598513011152,1593.7565055762082,4259.789962825279,7829.0,5195.6208178438665,3460.574349442379,2201.2434944237916,1926.3085501858736,3088.1765799256505,3016.403345724907,2152.2843866171,2816.2118959107806,8390.206319702602,11791.74907063197,11001.154275092937,6235.509293680298,3636.8122676579924,2569.6152416356877,1884.1542750929368,2548.343866171004,6620.884758364312,5355.544609665428,2965.247211895911,2029.2063197026023,1469.1524163568772,1348.4869888475837,1580.3475836431228,3220.7657992565055,3275.8159851301116,3147.6096654275093,2270.0260223048326,2556.710037174721,7703.920074349442,12779.578066914499,14786.620817843866,8268.345724907063,4431.496282527881,3501.5037174721188,5175.156133828997,16157.568773234201,11034.789962825278,5559.970260223048,4173.514869888476,3609.126394052045,2100.5836431226767,1742.581784386617,1351.4442379182155,1447.5,1672.5390334572492,1551.3903345724907,1396.2620817843865,1707.581784386617,1572.6171003717473,2073.0204460966543,4351.704460966543,3420.7156133829,1885.6133828996283,1515.0315985130112,1168.5353159851302,1285.2546468401488,1636.6877323420074,1451.1802973977694,1134.17843866171,1385.6840148698884,1940.767657992565,2211.1802973977697,1869.7843866171004,2829.8587360594797,2197.592936802974,2131.9795539033457,4960.715613382899,4536.0724907063195,2815.933085501859,2038.7936802973977,1602.4721189591078,3564.2118959107806,3699.7063197026023,2434.581784386617,2338.6003717472117,3593.546468401487,3044.8345724907063,3630.7379182156133,3497.9200743494425,3336.8159851301116,6042.013011152417,11370.092936802974,7480.420074349442,4113.544609665428,2393.527881040892,1915.224907063197,1396.988847583643,1331.1579925650558,1172.1765799256505,1257.0669144981412,1364.8122676579926,3245.9442379182155,7418.243494423792,5397.825278810409,3039.946096654275,3901.7342007434945,11786.503717472118,10228.096654275092,5014.5241635687735,3192.721189591078,2890.317843866171,4233.706319702602,4323.598513011152,3593.0947955390334,2478.3029739776953,1814.3085501858736,1259.736059479554,1114.2695167286245,1093.2472118959108,1264.0018587360594,1113.736059479554,1093.6282527881042,1251.5204460966543,2052.328996282528,1905.3661710037175,1738.2992565055763,2150.050185873606,4373.881040892194,3808.2583643122675,2664.14312267658,1961.604089219331,5191.206319702602,13775.407063197026,20361.758364312267,12672.022304832713,5594.472118959108,2659.0910780669146,1758.9256505576209,1274.9572490706319,1766.1115241635687,1705.6598513011152,1437.0613382899628,1165.5334572490706,1192.1654275092937,1067.9609665427508,1153.6672862453531,1114.1728624535317,1411.2137546468402,1575.6431226765799,2833.3773234200744,13098.159851301116,23566.553903345724,13265.343866171004,5722.185873605948,2949.375464684015,1923.9386617100372,1384.3029739776953,1421.4591078066915,1339.139405204461,1315.6877323420074,1202.2620817843865,1207.1431226765799,1276.9014869888476,1559.6877323420074,1797.7193308550186,1778.921933085502,1482.4312267657992,1549.5130111524163,1659.4423791821562,4060.1449814126395,15247.236059479554,29978.71375464684,23268.410780669146,10114.111524163569,4439.71375464684,2599.64312267658,1929.081784386617,2053.565055762082,1521.6189591078066,1326.1691449814127,1170.1226765799256,1157.0650557620818,1039.018587360595,1196.7881040892194,1003.6524163568773,1038.2881040892194,1180.6914498141264,1203.6449814126395,1116.3271375464683,1486.8828996282527,4155.717472118959,6744.4275092936805,3839.2955390334573,2034.895910780669,1315.5446096654275,1254.6524163568772,1464.0408921933085,1516.2100371747213,1201.4275092936803,1283.1115241635687,1129.2026022304833,1252.8420074349442,1113.7918215613383,1299.0260223048326,1466.8494423791822,1618.5650557620818,1366.5055762081784,1409.314126394052,1227.7918215613383,1262.003717472119,1228.0799256505577,3203.752788104089,8357.157992565055,7760.981412639405,3465.0446096654273,1918.8364312267659,1274.2546468401488,1135.7620817843865,1188.6468401486989,1682.828996282528,2337.559479553903,6814.118959107806,9585.71375464684,5757.960966542751,2770.7434944237916,1804.306691449814,1339.453531598513,1404.0631970260224,1202.1338289962825,1196.921933085502,1078.4386617100372,1232.4572490706319,1366.3234200743495,1769.682156133829,1645.9646840148698,1941.693308550186,4976.823420074349,17802.21747211896,23249.020446096656,12886.60966542751,5975.542750929368,3476.3029739776953,1963.7379182156135,1489.721189591078,1054.1635687732341,1139.817843866171,972.5167286245353,1033.7936802973977,999.6375464684015,1321.8438661710038,3232.2434944237916,4988.089219330855,3302.4200743494425,1831.985130111524,1259.2490706319702,1162.7490706319702,1005.6003717472119,1078.403345724907,949.1003717472119,1073.5501858736059,924.8550185873606,1114.0018587360594,1061.9572490706319,1119.3531598513011,1131.2583643122678,1139.0446096654275,1008.1431226765799,1300.507434944238,1784.8029739776953,6698.020446096654,18099.210037174722,23771.68401486989,13265.8624535316,5958.663568773234,2989.925650557621,1943.39219330855,1239.736059479554,1198.421933085502,1025.6486988847585,1101.6635687732341,909.6598513011153,1008.8420074349442,1063.135687732342,1104.6375464684015,1011.3066914498141,1084.275092936803,985.4014869888476,1083.596654275093,961.6933085501859,1097.5018587360594,1660.9293680297399,2830.82156133829,3270.5985130111526,2226.739776951673,1351.1579925650558,1173.5278810408922,983.8215613382899,1087.2657992565055,945.949814126394,1051.8420074349442,961.5724907063197,1032.9684014869888,1036.6133828996283,1193.9442379182155,1173.3494423791822,1209.17843866171,1056.3866171003717,1159.139405204461,1026.585501858736,1182.9702602230484,1114.485130111524,1154.0669144981412,960.8271375464684,1044.8234200743495,1093.907063197026,1033.82156133829,993.8197026022304,1131.018587360595,1213.9405204460966,1894.1449814126395,2373.767657992565,2940.024163568773,2012.7862453531598,1403.2936802973977,1033.6115241635687,1045.5539033457248,966.4553903345725,1059.1338289962825,892.3866171003717,1035.1059479553903,1037.6524163568772,1309.081784386617,1273.8884758364313,1187.306691449814,1022.864312267658,1090.89219330855,1025.8847583643123,1101.3438661710038,954.910780669145,1095.3791821561338,969.1078066914498,1102.8085501858736,1015.7490706319703,1059.4256505576209,930.7044609665428,1071.6524163568772,1177.453531598513,1457.0315985130112,1447.3773234200744,1715.4368029739776,1440.4052044609666,1692.1375464684015,1866.4256505576209,2109.46468401487,1530.507434944238,1251.3977695167287,1035.5223048327136,1111.4089219330856,1111.232342007435,1272.6579925650558,1182.9330855018588,1297.7063197026023,1569.8420074349442,2179.03531598513,2602.7193308550186,2586.626394052045,1634.6877323420074,1266.4907063197027,1092.1914498141264,1128.0483271375465,1019.2862453531599,1181.3438661710038,1093.67843866171,1316.8866171003717,1395.1486988847585,2456.1598513011154,7554.184014869888,16463.362453531598,23519.9312267658,26100.065055762083,14865.838289962825,6360.016728624535,2801.6059479553905,1916.0910780669144,1446.6486988847585,1533.3327137546469,1708.9684014869888,2038.089219330855,1971.9386617100372,1776.7379182156135,1384.2342007434945,1420.4572490706319,1369.988847583643,1437.3197026022306,1249.592936802974,1210.403345724907,1016.139405204461,1122.5520446096655,919.907063197026,1139.0390334572492,984.4702602230483,1091.732342007435,957.996282527881,989.5947955390335,861.5483271375465,950.6505576208178,934.0148698884758,1046.3698884758364,905.817843866171,1035.9312267657992,1292.903345724907,1413.4721189591078,1334.271375464684,1484.7602230483271,1398.2583643122678,2838.6617100371745,7455.544609665428,11977.184014869888,15899.027881040893,16940.338289962827,9863.700743494424,4247.174721189591,2231.657992565056,1953.6691449814127,1875.9572490706319
581.6022304832713,502.86431226765797,528.9851301115242,465.64869888475835,591.6672862453531,431.3364312267658,541.8364312267659,525.2899628252788,556.6728624535316,526.2416356877324,583.5018587360595,508.07063197026025,616.9888475836432,477.5557620817844,595.3847583643122,614.631970260223,655.6895910780669,613.9869888475837,594.9479553903345,569.3531598513011,609.3141263940521,568.7304832713754,679.364312267658,598.914498141264,696.1598513011153,680.2695167286246,651.003717472119,592.1617100371748,642.5483271375465,581.6152416356878,692.6189591078067,612.3531598513011,709.0111524163568,637.542750929368,710.5018587360595,611.6449814126394,731.0836431226766,592.0669144981413,711.2565055762082,598.6468401486989,710.7620817843866,641.682156133829,627.6765799256506,718.5594795539033,670.0297397769517,535.596654275093,649.8494423791822,726.0947955390335,750.7100371747212,631.6895910780669,722.3457249070632,691.8048327137546,716.7806691449814,689.6040892193308,745.6115241635688,599.3252788104089,726.1970260223048,653.0650557620818,690.3996282527881,633.9739776951673,701.2620817843866,641.0576208178438,687.3791821561339,625.039033457249,739.903345724907,655.7118959107806,728.1542750929368,672.6895910780669,623.1003717472119,730.2249070631971,680.7193308550186,670.5985130111524,728.6003717472119,643.4516728624535,714.4702602230483,678.9423791821562,744.2750929368029,680.6412639405205,693.317843866171,821.6840148698885,771.9330855018587,675.3234200743494,732.7620817843866,717.9182156133829,741.910780669145,696.360594795539,783.046468401487,652.2769516728624,710.7026022304833,712.596654275093,746.5111524163568,661.639405204461,779.553903345725,761.3903345724907,725.6765799256506,749.8884758364312,752.949814126394,726.5836431226766,792.1617100371748,703.0111524163568,792.3866171003717,718.6208178438661,752.2063197026023,707.135687732342,681.5353159851301,695.635687732342,812.5353159851301,668.2453531598513,768.0724907063197,702.053903345725,647.449814126394,838.6431226765799,832.8327137546469,745.1263940520446,778.9684014869888,736.9126394052045,843.7620817843866,717.446096654275,800.039033457249,772.368029739777,770.7565055762082,777.3364312267659,826.368029739777,740.2695167286246,797.8717472118959,708.0947955390335,769.3011152416357,722.7565055762082,845.503717472119,798.1115241635688,820.2620817843866,761.596654275093,842.453531598513,738.3401486988847,756.0650557620818,739.7732342007434,818.7862453531599,780.6375464684015,824.5650557620818,668.6561338289963,774.4312267657992,692.3717472118959,678.5148698884758,823.7955390334572,859.8587360594795,757.6579925650558,780.0743494423792,775.7862453531599,787.9126394052045,799.7472118959108,788.0446096654275,728.8252788104089,769.635687732342,747.4758364312268,850.635687732342,803.4721189591078,789.6208178438661,783.2527881040892,769.0557620817843,689.3345724907064,832.3271375464684,799.092936802974,767.9089219330855,782.1970260223048,834.4312267657992,775.9553903345725,800.3754646840149,797.4368029739777,848.9368029739777,718.7973977695167,869.407063197026,800.7509293680297,845.5743494423792,773.1988847583643,743.4163568773234,870.5278810408922,890.3866171003717,777.457249070632,852.9628252788104,760.6096654275093,897.8959107806692,791.903345724907,801.907063197026,803.0408921933085,770.6040892193308,757.631970260223,834.3754646840149,816.7081784386617,794.6096654275093,824.6858736059479,826.3345724907064,810.0687732342008,845.4014869888476,777.6728624535316,861.2676579925651,769.5724907063197,863.5873605947955,820.6040892193308,828.1505576208178,887.1003717472119,806.1635687732341,836.364312267658,877.2639405204461,824.3308550185874,852.460966542751,773.9776951672862,736.042750929368,915.550185873606,818.4275092936803,836.0,875.2788104089219,806.7342007434944,862.3252788104089,796.2174721189591,857.7044609665428,816.2044609665428,865.2211895910781,783.8327137546469,823.2750929368029,797.1542750929368,846.5,843.3271375464684,880.2063197026023,813.6152416356878,876.9591078066915,864.1263940520446,835.4423791821562,787.9293680297397,818.9275092936803,869.8884758364312,879.5278810408922,846.0873605947955,868.9442379182157,877.3921933085502,866.8197026022304,874.6858736059479,805.8513011152417,783.9646840148699,784.0260223048327,916.9795539033457,870.6728624535316,828.7583643122676,791.3104089219331,816.3197026022304,829.2230483271376,809.182156133829,851.9851301115242,756.1133828996283,813.2918215613383,837.6728624535316,787.6561338289963,830.7583643122676,771.0706319702603,772.3048327137546,841.539033457249,797.2918215613383,799.8996282527881,810.403345724907,842.7973977695167,836.3494423791822,836.0687732342008,857.5334572490706,872.6226765799256,767.7955390334572,891.1412639405205,810.4126394052045,845.1970260223048,886.2509293680297,836.8364312267659,815.6747211895911,886.0613382899628,951.1375464684015,899.1784386617101,815.4442379182157,945.9516728624535,860.3736059479554,867.182156133829,867.5408921933085,855.3122676579926,847.7825278810409,882.0297397769517,780.9219330855019,816.8884758364312,850.8029739776952,849.864312267658,883.6747211895911,860.4293680297397,878.8977695167287,858.542750929368,781.8271375464684,881.9553903345725,809.1505576208178,840.5687732342008,844.8289962825279,874.8234200743494,847.635687732342,889.0483271375465,801.2360594795539,865.7676579925651,817.9944237918215,864.3959107806692,817.0092936802974,789.4479553903345,977.817843866171,901.8568773234201,893.9516728624535,833.5446096654275,813.1468401486989,866.4405204460967,841.9219330855019,858.407063197026,889.0334572490706,831.2769516728624,836.2100371747212,894.8159851301115,833.907063197026,914.3717472118959,818.360594795539,849.5613382899628,870.1524163568773,900.596654275093,860.0613382899628,900.1449814126394,902.7732342007434,892.7174721189591,847.6747211895911,880.910780669145,894.046468401487,840.3624535315985,918.4832713754647,917.5706319702603,859.9089219330855,903.7211895910781,813.7118959107806,782.7267657992566,1018.9739776951673,1045.135687732342,929.0018587360595,919.2137546468401,911.410780669145,951.6208178438661,848.5799256505576,921.5743494423792,841.4702602230483,885.9591078066915,942.8271375464684,824.5371747211896,921.9237918215614,979.2304832713754,924.6189591078067,963.3940520446097,911.449814126394,918.639405204461,903.910780669145,941.6096654275093,945.092936802974,932.1412639405205,893.2862453531599,903.2565055762082,892.903345724907,876.4182156133829,883.4275092936803,930.7899628252788,931.2249070631971,933.7323420074349,855.2100371747212,825.6133828996283,964.0594795539033,961.3011152416357,922.7044609665428,953.3587360594795,1011.457249070632,1108.1840148698884,1029.3754646840148,959.7602230483271,916.3940520446097,917.4089219330855,921.5762081784386,971.1784386617101,915.9591078066915,933.2230483271376,975.1263940520446,983.7490706319703,967.907063197026,990.2472118959108,913.1040892193308,1004.460966542751,932.6431226765799,986.0055762081785,960.1524163568773,1036.3550185873605,1007.6561338289963,949.1542750929368,935.1524163568773,962.5985130111524,912.0910780669145,961.6338289962825,925.6710037174721,854.453531598513,1061.9089219330856,950.3494423791822,970.364312267658,999.3197026022304,944.2304832713754,1027.5631970260224,965.2267657992566,978.0650557620818,1042.0650557620818,1022.2044609665428,946.6598513011153,1005.0985130111524,940.1895910780669,951.1431226765799,1005.6282527881041,1070.0167286245353,1035.7118959107806,1074.693308550186,1007.1784386617101,1028.485130111524,985.9758364312268,988.9014869888476,1042.2156133828996,995.4256505576208,1003.8289962825279,1067.314126394052,1038.5650557620818,1048.5,1023.0817843866171,1058.4330855018588,923.7657992565056,980.7397769516729,1202.4163568773233,1029.3457249070632,1114.7918215613383,1081.5576208178438,1044.7527881040892,1149.5557620817845,1197.4275092936803,1245.314126394052,1061.9386617100372,1059.085501858736,983.6059479553903,975.5223048327138,1031.2955390334573,1057.263940520446,1011.7676579925651,1060.6375464684015,1010.3401486988847,1059.7379182156135,1036.1951672862454,1011.9646840148699,993.3996282527881,1085.5873605947954,1008.8866171003717,1068.4944237918216,1116.5241635687732,1081.3234200743495,1016.5334572490706,956.9312267657992,966.7026022304833,1009.2044609665428,944.3011152416357,958.9851301115242,1083.674721189591,1094.631970260223,958.592936802974,1005.2416356877324,1055.4349442379182,1211.736059479554,1163.0836431226767,1145.0260223048326,977.1003717472119,1027.8773234200744,1018.3754646840149,1055.9423791821562,1171.6431226765799,1192.6449814126395,1144.453531598513,1006.139405204461,991.0724907063197,1013.1728624535316,1030.4572490706319,1135.589219330855,1104.3736059479554,1081.3197026022306,1032.8122676579926,1060.8884758364313,1071.2843866171004,1252.407063197026,1228.914498141264,1277.1245353159852,1110.496282527881,1087.2973977695167,993.9405204460967,984.3513011152417,1119.6654275092937,1064.2063197026023,984.0185873605948,1093.4256505576209,1097.1840148698884,1103.0613382899628,1138.360594795539,1097.496282527881,1045.7602230483271,1100.2304832713755,1145.5353159851302,1258.8327137546469,1064.4126394052046,1114.0985130111524,1116.5706319702601,1178.3494423791822,1169.6208178438662,1137.7546468401488,1070.2899628252787,1265.5613382899628,1188.1691449814127,1127.4572490706319,1108.1970260223047,1136.317843866171,1132.2137546468402,1183.7416356877322,1119.4312267657992,1099.9089219330856,1034.1468401486989,1114.82156133829,1048.5724907063197,959.3717472118959,1163.9609665427508,1117.2063197026023,1084.2936802973977,1102.492565055762,1132.0278810408922,1218.1970260223047,1081.8828996282527,1161.674721189591,1187.1152416356877,1085.1598513011152,1130.325278810409,1114.0669144981412,992.7583643122676,1154.0371747211896,1079.3884758364313,1080.5260223048326,1000.8457249070632,1124.4646840148698,1083.921933085502,1067.6877323420074,1073.2657992565055,1041.0910780669144,999.589219330855,1103.518587360595,1065.3159851301116,1093.0520446096655,1093.174721189591,1154.0743494423791,1029.724907063197,1118.0408921933085,1041.2044609665427,1092.775092936803,1108.5539033457248,1192.4869888475837,1171.2044609665427,1129.0315985130112,1192.9907063197027,1282.328996282528,1157.763940520446,1217.0539033457248,1171.7602230483271,1296.518587360595,1178.9237918215613,1220.7973977695167,1164.2100371747213,1021.0297397769517,1105.5408921933085,1215.953531598513,1171.306691449814,1190.4869888475837,1048.275092936803,1074.3494423791822,1058.2565055762082,1270.0650557620818,1314.828996282528,1254.6691449814127,1117.224907063197,1044.7936802973977,1009.6970260223048,1208.0650557620818,1149.6542750929368,1319.814126394052,1159.5353159851302,1114.8773234200744,1286.1263940520446,1445.5947955390334,1289.1301115241636,1158.0762081784387,1040.078066914498,1091.825278810409,1047.232342007435,1133.9684014869888,1159.139405204461,1166.8791821561338,1099.918215613383,1084.4256505576209,1046.814126394052,1171.5539033457248,1164.914498141264,1266.596654275093,1052.5,1161.9330855018588,1024.0539033457248,1123.7044609665427,1123.4739776951674,1382.4200743494423,1058.7472118959108,1044.8475836431228,1006.2118959107806,1141.317843866171,1165.988847583643,1286.3866171003717,1046.0631970260224,1045.6152416356877,937.8308550185874,1089.1152416356877,1274.7490706319702,1255.3234200743495,1087.8903345724907,1136.2602230483271,1079.1208178438662,1233.8717472118958,1158.5297397769516,1159.4014869888476,1124.2230483271376,1123.4312267657992,1197.6263940520446,1270.496282527881,1086.1654275092937,1026.8085501858736,1093.4349442379182,1311.1877323420074,1448.8736059479554,1605.3457249070632,1257.7379182156135,1216.9572490706319,1116.0836431226767,1109.7063197026023,1077.82156133829,1121.8494423791822,1091.5446096654275,1307.0241635687732,1059.3513011152415,1076.4460966542752,965.407063197026,1018.6858736059479,960.7750929368029,1013.5371747211896,1084.6672862453531,1248.1245353159852,1194.0353159851302,1103.4163568773233,1025.9237918215613,1116.3159851301116,1073.578066914498,1153.9776951672864,1168.825278810409,1124.67843866171,1026.9423791821562,1036.5743494423791,988.7639405204461,1044.3382899628252,1007.7639405204461,1122.0315985130112,1085.3122676579926,1172.6263940520446,1200.817843866171,1363.4200743494423,1081.407063197026,1107.8513011152415,1012.6654275092936,1031.2453531598512,981.2193308550186,1112.6486988847585,1047.3271375464683,1217.9609665427508,1259.8754646840148,1546.9981412639406,1607.6951672862454,1198.988847583643,1193.0799256505577,1205.5408921933085,1115.4609665427508,1546.8234200743495,1803.4014869888476,1697.4386617100372,1889.724907063197,1538.2453531598512,1092.3587360594795,1168.5539033457248,1069.3271375464683,1184.736059479554,1189.817843866171,1526.9460966542752,1894.7620817843865,1592.3029739776953,1428.4386617100372,1601.0390334572492,1474.6468401486989,1509.860594795539,1425.4628252788104,1829.4405204460966,2722.4275092936805,3314.314126394052,2526.4163568773233,1949.5427509293681,1558.1245353159852,1524.271375464684,1656.6301115241636,2432.531598513011,2757.8159851301116,1595.7620817843865,1398.2044609665427,1352.6524163568772,1359.6988847583643,1363.4591078066915,1181.096654275093,1327.3327137546469,1244.7973977695167,1628.5557620817845,1765.228624535316,1461.604089219331,1154.6542750929368,1248.7973977695167,1206.8494423791822,1528.910780669145,2003.3884758364313,2524.0446096654273,2738.7620817843867,2242.7509293680296,1496.3513011152415,1781.7565055762082,1437.1840148698884,1436.4553903345725,1615.0408921933085,2066.8104089219332,1768.5278810408922,1390.2918215613383,1515.2026022304833,1440.0390334572492,1455.6728624535317,1973.5520446096655,1650.5167286245353,1466.271375464684,1655.1505576208178,1530.2267657992566,1230.5947955390334,1382.6579925650558,1628.3122676579926,2272.663568773234,1825.810408921933,1897.3698884758364,1597.6152416356877,1403.9089219330856,1290.8308550185873,1340.0446096654275,1449.2918215613383,1834.1654275092937,1994.6412639405205,1923.860594795539,2539.2063197026023,3288.1728624535317,4003.3921933085503,3115.0,2511.3401486988846,1985.104089219331,1791.3234200743495,1517.806691449814,1222.0631970260224,1361.1914498141264,1539.7434944237918,2020.5520446096655,2512.546468401487,1775.7007434944237,1364.104089219331,1333.8271375464683,1496.4721189591078,1532.4293680297399,1168.8029739776953,1408.6133828996283,1488.6375464684015,2036.546468401487,3040.46468401487,3686.8624535315985,1816.981412639405,1471.5371747211896,1389.639405204461,1855.4368029739776,2414.799256505576,2243.7044609665427,1533.8698884758364,1461.682156133829,1392.7881040892194,1686.693308550186,1562.8494423791822,1917.9832713754647,2683.5185873605947,3653.5408921933085,2267.5446096654273,2311.046468401487,2548.299256505576,1738.182156133829,1401.9516728624535,1510.4684014869888,1770.4721189591078,2680.886617100372,3365.6914498141264,2484.972118959108,1748.6617100371748,1873.9758364312268,2346.2695167286247,1598.8382899628252,1238.0315985130112,1386.488847583643,1245.771375464684,1326.2100371747213,1301.171003717472,1571.32156133829,1262.4646840148698,1387.631970260223,1241.2565055762082,1249.1635687732341,1162.3940520446097,1287.1654275092937,1350.1802973977694,1749.9163568773233,1693.806691449814,1939.1840148698884,1405.085501858736,1417.139405204461,1222.6115241635687,1333.1914498141264,1445.2565055762082,1688.481412639405,1695.2193308550186,1828.5315985130112,1736.1486988847585,1727.3791821561338,1531.1840148698884,1680.17843866171,1899.3327137546469,1716.5130111524163,1663.9498141263941,2158.2118959107806,1892.9702602230484,1665.5557620817845,1506.0204460966543,1498.328996282528,1444.60780669145,1842.1970260223047,2393.589219330855,2621.6449814126395,1782.0446096654275,1394.6970260223047,1468.8271375464683,2035.2304832713755,1649.2583643122678,1907.3791821561338,2099.953531598513,2064.613382899628,1968.0390334572492,1855.011152416357,1655.5669144981412,1766.1988847583643,1361.232342007435,1451.9349442379182,1420.9256505576209,1546.8029739776953,1414.5297397769516,1514.8048327137546,1386.5278810408922,1544.0873605947954,1797.7918215613383,1710.453531598513,1477.9591078066915,1579.7137546468402,1514.2416356877322,1645.732342007435,1862.2379182156135,1953.328996282528,1916.3513011152415,1881.511152416357,1730.9163568773233,2031.5371747211896,2379.529739776952,2801.066914498141,2779.5111524163567,2338.736059479554,1955.6301115241636,2277.0687732342008,2330.9814126394053,2147.559479553903,2067.4312267657992,2077.9814126394053,1889.1579925650558,1929.728624535316,1841.3698884758364,1807.5947955390334,1873.4200743494423,1949.104089219331,1854.988847583643,3019.5557620817845,3082.4888475836433,2035.3550185873605,1887.4460966542752,2225.7806691449814,1633.736059479554,1905.778810408922,1768.3011152416357,1710.421933085502,1889.3438661710038,2311.0706319702604,2901.460966542751,3138.1412639405203,1847.2472118959108,2126.0446096654273,2960.806691449814,4216.605947955391,5148.295539033457,3913.5855018587363,2507.263940520446,2041.4330855018588,2368.260223048327,2958.6970260223047,3225.842007434944,4356.648698884758,4195.9758364312265,4127.157992565056,4929.537174721189,5370.905204460966,5066.973977695167,3389.210037174721,2746.531598513011,3480.4089219330854,2400.2509293680296,1721.7899628252787,1734.0018587360594,2117.3159851301116,2196.0185873605947,2141.6970260223047,1934.5223048327136,2195.7044609665427,2314.9442379182155,1848.6728624535317,1994.0947955390334,3110.1840148698884,3156.0706319702604,2554.760223048327,2290.728624535316,2566.156133828996,1947.5315985130112,1996.5650557620818,2196.682156133829,2665.6728624535317,2812.1171003717473,2489.527881040892,1879.981412639405,1688.4293680297399,1533.8382899628252,1965.689591078067,2702.6301115241636,3052.0037174721188,2508.131970260223,2224.0910780669146,1928.4776951672864,2678.4144981412637,2999.542750929368,2427.1171003717473,3188.0557620817845,3377.4275092936805,2577.4814126394053,3152.814126394052,3077.5408921933085,3091.620817843866,2387.03531598513,1993.639405204461,2248.946096654275,2996.875464684015,4052.9219330855017,5231.814126394052,4553.436802973978,4540.763940520446,3716.3345724907063,3666.042750929368,3361.553903345725,3743.817843866171,4172.462825278811,3939.0408921933085,4741.548327137546,4990.066914498141,3275.236059479554,2504.081784386617,1978.4944237918216,2333.6171003717473,2575.514869888476,3570.0167286245355,3904.4888475836433,3557.9126394052046,3688.760223048327,4015.9479553903348,4914.8959107806695,5398.302973977695,3740.940520446097,4329.671003717473,4168.375464684015,3113.0780669144983,3497.4144981412637,4242.011152416357,3796.728624535316,3603.6765799256505,3184.6338289962823,4063.853159851301,4028.150557620818,4128.206319702602,4119.078066914498,4882.25092936803,3830.4516728624535,3247.953531598513,3249.4442379182155,4023.3940520446095,4083.624535315985,3450.752788104089,2562.592936802974,2032.014869888476,1598.007434944238,1829.0799256505577,1674.9423791821562,1544.7657992565055,1515.6022304832713,1709.6542750929368,1451.368029739777,1514.2695167286245,1520.1468401486989,1514.7304832713755,1464.2769516728624,1595.081784386617,1724.7267657992566,1894.278810408922,1836.078066914498,2739.626394052045,3668.468401486989,3177.0167286245355,2339.027881040892,1585.546468401487,1357.5631970260224,1686.3531598513011,1982.2434944237918,2313.710037174721,1528.32156133829,1695.7026022304833,1587.0092936802973,1722.4293680297399,1889.5390334572492,1910.9646840148698,1323.8717472118958,1439.7565055762082,1491.817843866171,1756.0724907063197,1917.7769516728624,2123.2843866171,2613.8661710037177,3241.059479553903,2478.9144981412637,2163.8159851301116,2389.702602230483,1674.6505576208178,1431.7546468401488,1516.5631970260224,1470.407063197026,1824.685873605948,2561.9089219330854,3240.864312267658,1921.8717472118958,2012.6282527881042,2393.368029739777,2963.5055762081784,3741.710037174721,2632.042750929368,1800.4702602230484,2515.639405204461,2096.5111524163567,1716.7044609665427,1366.9907063197027,1760.2007434944237,2164.328996282528,2776.425650557621,2014.6022304832713,2390.910780669145,2488.771375464684,2235.745353159851,1385.0762081784387,1527.9014869888476,1576.193308550186,2034.631970260223,2870.263940520446,4875.466542750929,5962.741635687732,6232.9275092936805,3396.8029739776953,1844.0539033457248,1405.0278810408922,1438.3011152416357,1277.1226765799256,1516.5241635687732,1551.7193308550186,2186.3475836431226,2573.0,3167.468401486989,3736.263940520446,4490.793680297398,2284.472118959108,1969.3513011152415,1883.0204460966543,2122.03717472119,2243.0762081784387,3253.4479553903348,4227.860594795539,3414.0873605947954,2479.433085501859,3349.4665427509294,2499.388475836431,1656.7955390334573,1482.5278810408922,1789.635687732342,2226.0799256505575,3436.5520446096652,2659.871747211896,1896.1802973977694,1831.4349442379182,2143.2509293680296,2275.477695167286,2545.2769516728627,2113.635687732342,1756.4739776951674,2166.267657992565,2212.081784386617,2080.977695167286,3411.282527881041,3161.6449814126395,1993.1338289962825,1897.2118959107806,2930.4014869888474,3080.5873605947954,2477.6226765799256,2870.046468401487,4177.217472118959,5737.388475836431,3989.039033457249,2023.3513011152415,1625.0483271375465,1303.2472118959108,1467.014869888476,1415.6617100371748,1860.1245353159852,1581.421933085502,1482.918215613383,1301.7267657992566,1370.364312267658,1116.481412639405,1260.4795539033457,1292.9684014869888,1343.4275092936803,1379.9628252788104,1380.4628252788104,1114.003717472119,1459.1505576208178,1478.6189591078066,1361.325278810409,1136.2416356877322,1272.3197026022306,1131.817843866171,1260.488847583643,1195.0631970260224,1350.6412639405205,1114.5315985130112,1279.4869888475837,1104.3810408921934,1416.7063197026023,1217.9702602230484,1261.600371747212,1116.0947955390334,1230.8568773234201,1142.236059479554,1236.2769516728624,1225.278810408922,1475.0594795539034,1166.1375464684015,1253.0353159851302,1157.5315985130112,1232.0687732342008,1080.763940520446,1172.2137546468402,1345.8940520446097,1527.7490706319702,1515.096654275093,1447.2806691449814,1445.1282527881042,1817.6468401486989,1917.7620817843865,1660.1263940520446,1797.7100371747213,2462.111524163569,1622.6635687732341,1310.9163568773233,1167.4386617100372,1271.3197026022306,1262.0836431226767,1185.8866171003717,1102.7156133828996,1328.8085501858736,1081.6914498141264,1296.7304832713755,1109.4460966542752,1269.1728624535317,1190.3717472118958,1183.4423791821562,1099.8048327137546,1209.3345724907063,1217.085501858736,1581.364312267658,1848.767657992565,1686.5706319702601,1358.1524163568772,1329.5390334572492,1497.7416356877322,1485.4739776951674,1287.5241635687732,1458.7936802973977,1510.3308550185873,1717.9237918215613,1316.0873605947954,1201.3457249070632,1177.7565055762082,1312.8698884758364,1286.310408921933,1740.674721189591,2034.7602230483271,1826.89219330855,1300.981412639405,1384.8364312267659,1493.721189591078,2010.6189591078066,1486.674721189591,1477.310408921933,1570.271375464684,1932.0018587360594,2088.7806691449814,2095.8197026022303,1639.9591078066915,1511.6208178438662,1353.3773234200744,1684.7193308550186,1363.018587360595,1279.8624535315985,1087.7695167286245,1266.1802973977694,1429.4702602230484,1488.5576208178438,1592.0204460966543,1835.3624535315985,1454.7342007434945,1769.2843866171004,2201.5055762081784,2334.039033457249,1618.4256505576209,1740.7602230483271,1891.2732342007434,1697.828996282528,1577.67843866171,1818.4368029739776,1998.4628252788104,2339.0185873605947,1667.4758364312268,1978.9758364312268,2386.806691449814,3167.6412639405203,2002.4702602230484,1839.8977695167287,1774.5223048327136,1826.728624535316,2286.1375464684015,3747.754646840149,4724.685873605948,3488.702602230483,2825.425650557621,3397.0408921933085,2099.3977695167287,1706.9981412639406,2072.940520446097,2964.700743494424,2465.4944237918216,2809.5836431226767,2515.0687732342008,2695.656133828996,2600.217472118959,3641.2936802973977,2792.1301115241636,1978.5408921933085,1572.9330855018588,1808.3587360594795,2360.349442379182,2111.626394052045,1435.7044609665427,1860.135687732342,2804.146840148699,3865.4237918215613,2609.566914498141,3211.232342007435,3316.081784386617,3263.1524163568774,4457.546468401487,3484.7862453531598,2469.529739776952,4188.8624535315985,5136.631970260223,2878.135687732342,2252.065055762082,3478.3513011152418,5230.730483271375,5817.472118959108,5031.940520446096,3837.217472118959,2954.027881040892,3236.938661710037,5268.806691449814,7342.860594795539,4888.914498141264,3492.299256505576,5501.371747211896,8947.24907063197,5916.197026022305,3549.760223048327,2155.7304832713753,1920.4330855018588,2166.4665427509294,3358.6691449814125,3500.3104089219332,3542.9219330855017,4506.704460966543,6773.886617100372,4589.416356877324,2743.1022304832713,2060.5483271375465,1528.4312267657992,1352.9275092936803,1673.3773234200744,1651.7342007434945,2095.646840148699,3265.7936802973977,3487.202602230483,2117.5334572490706,1789.8364312267659,1837.8085501858736,1807.2583643122678,1473.8382899628252,1833.2955390334573,2479.8698884758364,3652.9014869888474,2766.8327137546466,2415.4219330855017,2419.7230483271373,1801.2416356877322,1519.5501858736059,1756.4944237918216,2484.8996282527883,2478.650557620818,1614.7472118959108,1643.918215613383,1541.1654275092937,1882.3736059479554,1441.9293680297399,1613.2342007434945,1616.8717472118958,2289.7267657992566,2665.817843866171,2389.35687732342,1947.4665427509294,1592.3457249070632,1435.2657992565055,1652.5018587360594,1541.2881040892194,1639.3401486988848,2019.8029739776953,1887.7695167286245,1485.6598513011152,1548.3513011152415,1349.9442379182155,1635.5092936802973,2201.557620817844,3447.17843866171,2417.146840148699,1687.9200743494423,1603.817843866171,1559.1951672862454,1456.5836431226767,1740.5223048327136,1445.9293680297399,1602.600371747212,1964.6431226765799,2914.1301115241636,4186.020446096654,4355.897769516729,2024.8866171003717,1880.100371747212,2370.9516728624535,2663.674721189591,1684.3866171003717,1543.5669144981412,1499.5092936802973,2268.9832713754645,2117.150557620818,2656.6654275092937,3345.2434944237916,2247.5111524163567,2048.3308550185875,2369.289962825279,1645.7602230483271,1720.4368029739776,2123.2881040892194,2281.4144981412637,1368.60780669145,1401.6877323420074,1185.3568773234201,1322.7007434944237,1260.511152416357,1462.2509293680298,1412.8197026022306,1924.5799256505577,2878.3197026022303,2398.039033457249,1284.4256505576209,1292.0018587360594,1237.8810408921934,1522.9405204460966,1227.3717472118958,1460.2230483271376,1167.9553903345725,1468.1579925650558,1336.4423791821562,1273.1988847583643,1251.310408921933,1353.5167286245353,1369.0,1944.6561338289962,2331.7044609665427,1800.2304832713755,1643.592936802974,2656.9089219330854,2611.468401486989,1556.4368029739776,1428.488847583643,1656.6654275092937,1578.7565055762082,1550.2620817843865,1240.7118959107806,1569.6598513011152,1957.6672862453531,2476.9553903345727,2833.4907063197024,2070.879182156134,1439.1375464684015,1631.9981412639406,1702.018587360595,2343.613382899628,1763.8568773234201,1805.8847583643123,1766.0130111524163,2339.4052044609666,1699.5241635687732,1675.895910780669,1999.014869888476,2225.6840148698884,1421.4721189591078,1480.9479553903345,1738.4498141263941,2993.1895910780668,3756.1728624535317,2192.710037174721,1781.3420074349442,1957.9014869888476,1475.5408921933085,1543.8550185873605,1569.4460966542752,1737.2546468401488,1527.2918215613383,1579.2527881040892,1534.0223048327136,2330.289962825279,4144.912639405205,4331.477695167287,1789.828996282528,1523.2769516728624,1339.6468401486989,1400.8736059479554,1474.8029739776953,1705.7397769516729,1440.806691449814,2039.9553903345725,1883.0985130111524,1785.4014869888476,1293.3159851301116,1285.7955390334573,1135.6338289962825,1309.6171003717473,1242.4256505576209,1532.7918215613383,1756.514869888476,1952.0631970260224,1436.674721189591,1376.9460966542752,1248.224907063197,1540.771375464684,1637.1152416356877,1766.5762081784387,1768.1802973977694,2337.271375464684,2071.4665427509294,1491.5799256505577,1396.1301115241636,1634.3085501858736,1922.7342007434945,2121.0631970260224,2030.2565055762082,2404.0055762081784,1917.4665427509294,1782.2007434944237,1430.5557620817845,1674.4516728624535,1781.236059479554,1842.496282527881,1418.3029739776953,1686.9405204460966,1875.2509293680298,2948.438661710037,4651.131970260223,5050.7007434944235,1899.2453531598512,1602.7992565055763,1625.767657992565,1467.481412639405,1140.4646840148698,1400.221189591078,1251.1914498141264,1358.263940520446,1511.7472118959108,1520.9479553903345,1223.3475836431228,1411.2565055762082,1262.5576208178438,1351.9516728624535,1250.8940520446097,1538.639405204461,1427.0446096654275,1619.0873605947954,1933.0,2592.879182156134,1851.6189591078066,1331.078066914498,1186.6951672862454,1393.7342007434945,1337.6877323420074,1890.4776951672864,1675.5204460966543,1602.1152416356877,1228.1115241635687,1577.9776951672864,1690.3773234200744,1596.6226765799256,1194.1617100371748,1303.635687732342,1193.6914498141264,1253.514869888476,1196.1877323420074,1394.263940520446,1300.5910780669144,1532.3382899628252,1475.4498141263941,1550.2397769516729,1391.631970260223,1422.6133828996283,1365.7379182156135,1672.6877323420074,2362.531598513011,2093.9981412639404,1203.5483271375465,1350.4758364312268,1247.4776951672864,1262.3977695167287,1205.1208178438662,1438.2026022304833,1553.763940520446,2491.853159851301,2375.336431226766,1991.6245353159852,1526.421933085502,1777.085501858736,1695.5446096654275,1662.9423791821562,1809.2490706319702,2613.782527881041,3095.4869888475837,2364.5836431226767,1747.2527881040892,2206.828996282528,2485.1524163568774,2780.53531598513,1932.514869888476,2115.7732342007434,3460.64312267658,4041.5111524163567,1907.1208178438662,1501.2565055762082,1360.0762081784387,1478.3457249070632,1397.6282527881042,1629.2955390334573,1343.278810408922,1460.2732342007434,1504.492565055762,2143.561338289963,3233.3085501858736,4841.605947955391,3155.4553903345727,2287.126394052045,1978.1988847583643,2471.6951672862456,1845.4795539033457,2380.4014869888474,2758.682156133829,1816.5130111524163,1482.8661710037175,1908.985130111524,2340.6412639405203,2744.260223048327,1776.4349442379182,1841.0873605947954,2342.185873605948,4206.141263940521,6388.334572490707,4397.373605947955,3247.635687732342,2882.6542750929366,2569.1171003717473,2029.0390334572492,1629.1654275092937,2035.1412639405205,2719.061338289963,5221.983271375465,4806.82156133829,2310.1840148698884,1610.9275092936803,2051.96282527881,2803.0706319702604,4115.157992565056,2307.842007434944,2119.910780669145,2574.8996282527883,3847.3271375464683,2368.442379182156,1701.1635687732341,1382.2100371747213,1517.1579925650558,1592.0334572490706,2197.379182156134,3045.267657992565,4924.470260223048,4432.815985130112,5410.496282527881,6922.0074349442375,3559.4052044609666,2440.3457249070634,3666.5167286245355,5782.449814126394,5769.513011152417,3167.745353159851,2470.2193308550186,3330.972118959108,6392.9591078066915,7392.146840148699,2937.656133828996,1667.7026022304833,1740.0334572490706,1821.2992565055763,1843.8234200743495,1406.5724907063197,1477.8903345724907,1493.314126394052,1974.682156133829,1979.1765799256505,2984.2620817843867,3699.306691449814,4604.1208178438665,3412.3029739776953,4520.167286245353,7109.223048327138,5647.07063197026,6147.288104089219,4661.390334572491,2936.5408921933085,3267.6449814126395,3630.3661710037177,2180.208178438662,1573.2193308550186,1675.771375464684,2240.1003717472117,2574.8048327137544,1964.5836431226767,2143.9479553903348,1912.8364312267659,2573.291821561338,4488.133828996282,7307.338289962825,3532.5836431226767,2069.468401486989,1940.2862453531598,1771.7490706319702,1828.5594795539034,2616.763940520446,4574.440520446096,7870.334572490707,6410.979553903346,8245.14126394052,4899.9275092936805,3999.566914498141,5430.7007434944235,3839.1895910780668,2114.895910780669,1885.418215613383,1850.5520446096655,2297.542750929368,3548.4739776951674,6222.596654275093,6588.208178438662,5955.884758364312,5418.860594795539,5721.973977695167,2708.9591078066915,2598.4479553903348,2570.5631970260224,1952.9572490706319,1600.814126394052,1584.0724907063197,1588.7620817843865,1877.1617100371748,2442.6375464684015,3915.7881040892194,3165.5557620817845,4798.548327137546,4498.563197026022,5951.193308550186,7415.061338289963,10734.970260223048,18693.234200743493,13784.936802973978,4533.312267657992,2656.1022304832713,2628.263940520446,4582.085501858736,4641.46468401487,5760.315985130112,9865.812267657993,7502.343866171003,3315.529739776952,1839.4052044609666,1609.775092936803,2157.942379182156,3055.992565055762,4934.825278810409,5012.873605947955,6244.977695167287,3442.6152416356877,1873.8828996282527,1595.8810408921934,1635.7156133828996,1569.003717472119,1897.7081784386617,2307.342007434944,3431.0092936802976,6661.152416356877,5220.788104089219,2217.247211895911,2177.2304832713753,2619.2509293680296,4535.381040892194,4523.377323420074,7672.377323420074,6318.520446096654,4185.397769516729,2007.7955390334573,1767.8122676579926,1879.0018587360594,2125.353159851301,2264.3513011152418,3851.1654275092937,7507.126394052045,6088.955390334572,2507.4888475836433,1874.403345724907,1467.1245353159852,1567.693308550186,1542.410780669145,1610.4646840148698,1643.1524163568772,2248.4163568773233,1987.5483271375465,1998.985130111524,2730.6449814126395,2928.4907063197024,3161.065055762082,6151.016728624535,9269.522304832713,5721.618959107806,7277.32156133829,5893.832713754647,2502.4089219330854,2138.379182156134,1790.4646840148698,2152.314126394052,1525.9776951672864,1576.4405204460966,1513.7936802973977,1503.8513011152415,1635.4200743494423,2459.96468401487,4241.488847583643,8614.410780669145,5696.113382899628,3023.5799256505575,1783.3810408921934,1580.3438661710038,1362.407063197026,1352.092936802974,1392.4330855018588,1485.9702602230484,1376.17843866171,1678.0055762081784,2096.529739776952,2915.2695167286247,5505.791821561338,6004.671003717473,2453.0185873605947,2117.061338289963,2007.6765799256505,2037.3271375464683,1559.2955390334573,1699.2565055762082,1589.5334572490706,1543.0390334572492,1586.0706319702601,2449.128252788104,2937.933085501859,5820.185873605948,3401.3624535315985,1769.0613382899628,1396.918215613383,1481.0947955390334,1373.3791821561338,1479.985130111524,1429.0613382899628,1537.407063197026,1461.317843866171,1821.7583643122678,2189.2732342007434,4165.782527881041,4149.920074349442,2415.3977695167287,2231.4832713754645,2231.7657992565055,1709.778810408922,1743.6133828996283,1500.3011152416357,1596.7695167286245,1635.1431226765799,2042.631970260223,2687.156133828996,4015.4219330855017,8970.832713754648,15529.260223048328,10668.544609665427,4250.933085501859,2237.8921933085503,2154.886617100372,1516.496282527881,1454.0613382899628,1225.5055762081784,1357.1338289962825,1177.0501858736059,1275.5483271375465,1132.8271375464683,1282.9758364312268,1168.8085501858736,1324.4312267657992,1388.7806691449814,1717.8234200743495,1505.0241635687732,1612.4609665427508,1644.9628252788104,1442.9776951672864,1338.1598513011152,1427.4684014869888,1227.1263940520446,1491.0557620817845,1849.0446096654275,2766.163568773234,1648.9349442379182,1460.481412639405,1389.685873605948,1950.671003717472,2084.3903345724907,2281.626394052045,1757.7267657992566,1564.5947955390334,1345.007434944238,1760.496282527881,1287.9609665427508,1584.3234200743495,2149.1654275092937,3982.089219330855,3250.693308550186,1953.6970260223047,1320.6617100371748,1367.3531598513011,1408.453531598513,1624.4498141263941,1228.278810408922,1293.4572490706319,1203.7602230483271,1499.6226765799256,1934.7527881040892,1875.7509293680298,2096.5706319702604,2343.4795539033457,1695.2565055762082,1746.7992565055763,1548.5483271375465,1499.8364312267659,1281.2657992565055,1429.988847583643,1333.3494423791822,1720.9609665427508,1922.8457249070632,1815.4423791821562,1539.1524163568772,2011.9832713754647,2437.306691449814,2902.35687732342,2878.970260223048,2664.4052044609666,1853.414498141264,1535.5706319702601,1398.953531598513,1551.7453531598512,1565.3271375464683,1605.9981412639406,1423.5873605947954,1595.1282527881042,1874.9237918215613,2636.739776951673,2980.7193308550186,2043.689591078067,2231.8550185873605,2749.8996282527883,2469.4442379182155,2302.7509293680296,1897.503717472119,2458.096654275093,2974.7490706319704,3491.814126394052,2967.410780669145,2153.0873605947954,1758.8271375464683,2194.373605947955,3294.410780669145,3269.282527881041,2641.581784386617,2456.1003717472117,1783.1505576208178,1966.860594795539,1560.5910780669144,1864.7100371747213,2014.82156133829,2638.881040892193,2333.442379182156,2086.700743494424,2233.9814126394053,1898.6542750929368,1510.0724907063197,1533.131970260223,1519.1208178438662,1846.6152416356877,1696.0687732342008,1565.992565055762,1524.1245353159852,1912.0520446096655,1666.992565055762,2392.0873605947954,3114.3011152416357,2143.433085501859,1665.682156133829,2297.7509293680296,2789.3308550185875,2368.239776951673,2929.388475836431,5118.412639405205,4269.531598513011,2666.9126394052046,2391.8104089219332,2129.193308550186,2029.1672862453531,2192.410780669145,1974.782527881041,2389.9144981412637,1631.910780669145,1805.2472118959108,1943.4423791821562,1862.8271375464683,2154.375464684015,3061.6617100371745,1985.3940520446097,1754.7156133828996,1983.9702602230484,2674.5910780669146,3250.1840148698884,5287.078066914498,7423.711895910781,4721.806691449814,2878.596654275093,2443.5204460966543,3125.5092936802976,5868.1375464684015,8271.5,4066.5631970260224,2467.7416356877325,2976.6171003717473,4750.998141263941,5300.888475836431,4589.226765799256,2294.2769516728627,1793.0501858736059,1832.817843866171,1467.3847583643123,2113.1840148698884,2140.8996282527883,4218.282527881041,3014.5836431226767,1999.9405204460966,1783.407063197026,1930.5483271375465,2510.4962825278812,3303.1022304832713,3814.371747211896,5646.009293680298,6994.0724907063195,9315.700743494424,9632.373605947956,5740.3624535315985,7597.71375464684,11747.630111524164,6556.4275092936805,4520.977695167287,5432.161710037175,3607.4907063197024,3827.200743494424,3220.631970260223,2802.271375464684,4965.589219330855,8121.968401486989,4685.832713754647,3970.797397769517,7761.388475836431,10175.57063197026,4349.018587360595,2650.027881040892,3078.82156133829,4137.698884758364,9882.113382899628,12127.691449814127,5830.2973977695165,5979.693308550186,8544.75092936803,5091.146840148699,3794.8475836431226,4132.918215613383,4339.9925650557625,4021.278810408922,2564.6003717472117,2208.4014869888474,3671.1171003717473,3843.960966542751,4005.104089219331,2596.5724907063195,2087.371747211896,2470.860594795539,2253.2732342007434,1646.8438661710038,1872.7081784386617,2427.5873605947954,4962.397769516729,4078.613382899628,2222.565055762082,1607.8587360594795,1546.1152416356877,1576.8754646840148,2206.618959107807,3492.624535315985,5601.775092936803,2737.1226765799256,2411.2695167286247,3053.111524163569,5058.284386617101,10611.412639405204,7842.598513011152,3820.8234200743495,2492.2955390334573,1860.1914498141264,2318.5260223048326,2627.9553903345727,2140.2230483271373,1898.4665427509294,2124.17843866171,2483.0018587360596,3215.825278810409,2067.557620817844,1768.0743494423791,1685.3550185873605,1788.5557620817845,2060.7732342007434,1861.1635687732341,1670.6449814126395,1754.9944237918216,1770.6189591078066,1681.5743494423791,1515.403345724907,1742.728624535316,1571.100371747212,1530.6970260223047,1503.2881040892194,2511.472118959108,3011.2434944237916,4375.555762081784,2405.910780669145,1702.4126394052046,1452.7490706319702,1717.4739776951674,1433.174721189591,1578.9349442379182,1726.0092936802973,3285.425650557621,3643.553903345725,2219.6226765799256,1959.4200743494423,3301.5557620817845,8293.336431226766,6165.267657992565,2613.9368029739776,1916.0501858736059,1598.0836431226767,1603.3345724907063,1498.9498141263941,1447.104089219331,1459.8364312267659,1726.631970260223,2448.2936802973977,2242.1171003717473,1577.3011152416357,1539.3401486988848,1550.7100371747213,1702.7434944237918,1511.2044609665427,2290.135687732342,2046.3550185873605,2849.82156133829,5356.8791821561335,7293.511152416357,3278.379182156134,2159.3048327137544,1734.7304832713755,1648.3048327137546,1448.2695167286245,1991.3977695167287,2268.9591078066915,3538.946096654275,3388.6988847583643,2090.5855018587363,1592.5613382899628,1453.7565055762082,1236.546468401487,1327.5557620817845,1186.3327137546469,1325.6654275092937,1422.3884758364313,1919.5706319702601,1324.9758364312268,1232.5539033457248,1068.0669144981412,1152.0260223048326,1073.6951672862454,1180.689591078067,1116.2304832713755,1346.4052044609666,1314.8382899628252,2093.146840148699,2923.7843866171,7899.490706319702,10434.591078066915,5480.730483271375,3152.507434944238,2046.596654275093,1414.2397769516729,1415.6301115241636,1535.078066914498,1548.2973977695167,1209.4275092936803,1314.1970260223047,1147.8940520446097,1289.5297397769516,1688.4702602230484,2751.5855018587363,2238.977695167286,1629.8494423791822,1405.6617100371748,1504.5241635687732,1267.1375464684015,1332.3698884758364,1261.5613382899628,1438.403345724907,1310.1431226765799,1521.2137546468402,1342.3810408921934,1547.1208178438662,1773.085501858736,2108.620817843866,2231.407063197026,2491.9795539033457,1656.39219330855,1553.5278810408922,1311.0576208178438,1372.1840148698884,1348.306691449814,1839.4609665427508,2282.972118959108,1837.0260223048326,1408.485130111524,1441.3717472118958,1427.6449814126395,1443.6226765799256,1183.8513011152415,1170.5297397769516,1342.6617100371748,1427.674721189591,1328.1115241635687,1812.5278810408922,1545.9684014869888,1628.507434944238,1810.918215613383,1679.5260223048326,1529.3884758364313,1633.5669144981412,1537.8810408921934,1847.193308550186,1642.0390334572492,2278.1691449814125,1764.4460966542752,1474.7118959107806,1341.3513011152415,1826.1431226765799,1201.8308550185873,1396.1301115241636,1261.5687732342008,1449.914498141264,1518.3661710037175,1636.2583643122678,1540.7044609665427,1609.9776951672864,1314.5501858736059,1394.6226765799256,1473.7026022304833,1554.089219330855,1260.988847583643,1394.2434944237918,1668.1245353159852,1796.317843866171,2177.754646840149,1925.8234200743495,1686.6579925650558,1579.6208178438662,1344.0446096654275,1447.7899628252787,1366.096654275093,1510.0724907063197,1308.3364312267659,1425.6412639405205,1433.217472118959,1450.9386617100372,1268.8531598513011,1399.604089219331,1282.596654275093,1799.9665427509294,1291.100371747212,1437.7769516728624,1604.9423791821562,2108.5111524163567,1563.236059479554,1676.2992565055763,1910.507434944238,3409.4312267657992,3095.8048327137544,4576.334572490707,3000.0985130111526,2262.146840148699,1764.825278810409,1580.2843866171004,1415.5501858736059,1506.0613382899628,1234.185873605948,1348.4758364312268,1229.185873605948,1422.8624535315985,1448.5947955390334,2098.3773234200744,2938.663568773234,2776.0873605947954,3169.3698884758364,2538.2137546468402,1857.763940520446,1820.4460966542752,1741.4646840148698,2202.949814126394,3496.4944237918216,3134.763940520446,1835.6635687732341,1735.6208178438662,1460.1189591078066,1570.7806691449814,1699.2137546468402,1646.403345724907,1465.6598513011152,1578.3494423791822,1398.6115241635687,1480.5836431226767,1751.4200743494423,3353.8940520446095,5926.0687732342,4293.117100371747,2908.446096654275,2898.828996282528,2220.4014869888474,1863.5594795539034,1677.9832713754647,1976.8736059479554,1829.8847583643123,1908.6598513011152,2814.457249070632,5191.92565055762,3043.663568773234,2315.395910780669,2498.8828996282527,3208.5780669144983,3017.291821561338,2398.9869888475837,2921.475836431227,5696.644981412639,3295.007434944238,2740.1524163568774,3482.1765799256505,6800.057620817844,11711.236059479554,6734.273234200744,3580.1802973977697,2745.4219330855017,2563.124535315985,2474.4869888475837,2315.864312267658,2308.475836431227,2795.6728624535317,6327.312267657992,4522.542750929368,2995.157992565056,2773.5631970260224,2621.806691449814,2045.2156133828996,2226.732342007435,3586.046468401487,6382.955390334572,5812.210037174721,3444.6765799256505,2387.527881040892,1938.8345724907063,1653.775092936803,2188.375464684015,3979.843866171004,4155.46468401487,3378.907063197026,5912.366171003718,4848.847583643123,3968.946096654275,5054.71375464684,10133.016728624536,11617.479553903346,7691.526022304833,5782.778810408922,3539.8327137546466,2384.210037174721,2024.4256505576209,1787.7342007434945,2188.8513011152418,1825.1096654275093,1778.4256505576209,2113.1338289962823,1915.5985130111524,1568.4293680297399,1640.9516728624535,1570.8085501858736,2004.1059479553903,2206.260223048327,2487.693308550186,2433.446096654275,2867.8197026022303,5324.685873605948,16182.81970260223,23121.373605947956,12576.32527881041,7841.591078066915,6268.7657992565055,7342.788104089219,10511.910780669145,6917.25092936803,7839.994423791822,4709.044609665428,3638.0037174721188,3718.791821561338,3068.6412639405203,2285.9368029739776,2145.156133828996,2120.4368029739776,3496.8661710037177,2861.6802973977697,3472.977695167286,4842.273234200744,3680.942379182156,2689.349442379182,2147.760223048327,1681.9516728624535,1765.6096654275093,1707.317843866171,1975.3364312267659,1843.5260223048326,1969.4646840148698,2377.317843866171,2365.2063197026023,2767.6059479553905,3161.708178438662,2178.782527881041,2207.4665427509294,2066.3159851301116,1971.7100371747213,1709.910780669145,2268.747211895911,1908.4869888475837,3429.879182156134,9111.407063197026,7621.276951672862,4064.657992565056,2771.9442379182155,2306.2137546468402,2828.2267657992566,2359.5204460966543,2145.343866171004,1970.39219330855,2927.7416356877325,2425.089219330855,2160.64312267658,2139.791821561338,2334.3234200743495,3044.174721189591,7060.566914498141,13049.849442379182,9992.35873605948,11324.027881040893,6138.423791821561,3862.371747211896,2906.4479553903348,2123.343866171004,1880.5446096654275,1713.1914498141264,1852.2063197026023,1873.0669144981412,2155.7657992565055,2113.557620817844,2535.710037174721,2001.7267657992566,2639.4739776951674,3147.6895910780668,2470.3550185873605,1945.578066914498,1838.1635687732341,1812.2267657992566,2227.6486988847582,2741.0836431226767,4641.009293680298,10542.245353159851,8714.485130111525,4482.960966542751,3423.0185873605947,2994.842007434944,2515.6338289962823,2046.7695167286245,2326.46468401487,3037.618959107807,2628.410780669145,3258.682156133829,6526.260223048327,9975.310408921932,6497.726765799256,3592.700743494424,2651.007434944238,2295.650557620818,1998.492565055762,1571.581784386617,1646.4089219330856,1417.1654275092937,1896.395910780669,1424.9684014869888,1882.4758364312268,2067.724907063197,2024.6022304832713,2671.353159851301,2398.64312267658,1905.4200743494423,2358.3661710037177,2194.4795539033457,2068.778810408922,2152.1914498141264,2135.559479553903,1703.9591078066915,1923.4460966542752,2231.410780669145,4117.730483271375,8933.85687732342,5824.085501858736,3666.2695167286247,2780.7769516728627,2634.8847583643123,2290.2490706319704,1708.9052044609666,1724.3550185873605,1809.6635687732341,1893.2806691449814,1954.193308550186,3621.5873605947954,9392.661710037175,7140.2657992565055,4610.598513011152,4064.946096654275,3452.446096654275,4816.897769516729,3927.6672862453534,6654.466542750929,17727.795539033457,15260.789962825278,8757.447955390335,6910.332713754647,4441.022304832713,3861.9052044609666,4697.364312267658,4077.3513011152418,2805.120817843866,2755.968401486989,3840.317843866171,7769.245353159851,7464.399628252788,4455.187732342008,3230.1691449814125,3050.4739776951674,4514.955390334572,8875.633828996282,6305.949814126394,5879.890334572491,4174.680297397769,3277.9052044609666,3047.0167286245355,4933.873605947955,10330.706319702602,12651.135687732341,13853.563197026022,9271.82156133829,5537.076208178439,4123.236059479554,3001.6096654275093,3111.708178438662,3672.126394052045,2699.85687732342,2360.895910780669,2590.3903345724907,2451.325278810409,2038.4126394052046,1770.7118959107806,1822.8475836431228,1474.5836431226767,1621.1431226765799,1959.6226765799256,2727.5018587360596,3664.8550185873605,6792.988847583643,10748.934944237919,19669.520446096656,12151.633828996282,8575.687732342007,9897.130111524164,7541.189591078067,8139.828996282527,12995.10780669145,7463.042750929368,4900.938661710037,3464.85687732342,2853.8698884758364,2117.6691449814125,2311.8847583643123,1714.0836431226767,1862.395910780669,2539.5724907063195,6588.546468401487,17847.024163568774,12592.327137546468,7331.157992565056,5532.005576208178,4219.269516728625,4309.869888475836,6698.157992565056,18702.875464684013,35374.14869888476,21171.53717472119,13027.646840148698,10726.434944237919,7057.760223048327,5689.377323420074,6065.894052044609,4488.600371747212,4805.775092936803,4377.020446096654,3345.1096654275093,3081.685873605948,2501.3977695167287,2940.477695167286,3418.5910780669146,3149.074349442379,4534.351301115242,13984.226765799256,29672.065055762083,20160.801115241637,11935.25278810409,8013.223048327138,6364.661710037175,8635.546468401488,16263.82342007435,21463.223048327138,18189.21933085502,17381.17286245353,14814.32156133829,9868.89591078067,8315.28624535316,7657.423791821561,5086.9591078066915,3300.081784386617,2633.9089219330854,2331.104089219331,2004.8271375464683,2223.806691449814,2811.0446096654273,3338.3940520446095,4732.102230483271,3601.546468401487,2624.007434944238,2310.306691449814,2082.239776951673,2006.5167286245353,1836.7936802973977,2420.657992565056,2732.3308550185875,2330.275092936803,1845.7862453531598,2275.263940520446,2530.477695167286,4176.626394052045,5902.7026022304835,4648.970260223048,3915.0204460966543,7114.955390334572,9649.098513011153,9786.704460966543,11159.237918215613,7075.421933085502,7784.124535315985,17449.539033457248,14971.613382899628,14349.531598513011,11328.232342007435,7009.970260223048,5268.085501858736,4412.210037174721,3424.6988847583643,3116.7862453531598,2970.46282527881,3111.3308550185875,2523.8048327137544,2709.245353159851,3229.03717472119,4809.481412639405,8890.75092936803,17587.63568773234,18476.90148698885,10940.31970260223,7142.527881040892,7294.762081784386,10472.49814126394,9449.197026022304,6232.291821561338,5828.39219330855,4423.8308550185875,3667.17843866171,3538.208178438662,2787.8475836431226,2052.724907063197,1929.414498141264,1709.6988847583643,1782.368029739777,1519.4200743494423,1784.7304832713755,2787.9553903345727,6017.382899628253,17396.82156133829,18394.873605947956,11361.988847583643,7988.684014869888,6192.1375464684015,6397.7973977695165,5293.594795539034,4109.776951672862,3696.860594795539,3694.0018587360596,3317.782527881041,4374.410780669145,4589.793680297398,3250.5,3248.059479553903,6467.960966542751,4380.122676579926,3063.6022304832713,2243.131970260223,2379.67843866171,2859.9665427509294,2924.2379182156133,2475.1914498141264,2978.5947955390334,3610.0037174721188,3297.059479553903,4901.505576208178,14786.931226765799,13946.74721189591,9187.089219330855,10489.773234200744,9361.3624535316,6858.57063197026,8215.040892193309,6593.156133828997,4165.657992565056,2848.760223048327,2528.46468401487,1977.0539033457248,2182.6728624535317,2687.6654275092937,2725.128252788104,2311.03717472119,2153.566914498141,1882.899628252788,1891.2118959107806,2136.066914498141,2877.403345724907,1889.6133828996283,1758.5706319702601,1491.1672862453531,1486.4609665427508,1616.1579925650558,1858.1654275092937,1765.581784386617,2028.3159851301116,1659.481412639405,1706.4405204460966,1705.864312267658,2192.3011152416357,2271.113382899628,2173.485130111524,2846.3940520446095,4855.758364312268,4383.869888475836,3210.3104089219332,2322.410780669145,1946.4349442379182,1665.1059479553903,1790.1133828996283,1605.6654275092937,1759.1951672862454,1711.1914498141264,1724.635687732342,2338.539033457249,2982.139405204461,5474.667286245353,5919.529739776952,4010.156133828996,4452.6208178438665,7835.827137546468,7695.611524163569,5701.5687732342,5001.71375464684,6798.375464684015,6388.819702602231,5389.782527881041,5797.868029739777,4615.42565055762,3726.724907063197,5307.118959107806,5650.706319702602,7450.468401486989,12217.769516728624,7979.509293680298,6220.472118959108,6732.656133828997,5300.516728624535,4373.027881040892,3259.782527881041,2313.0873605947954,2152.0947955390334,2335.8698884758364,4730.78624535316,6051.561338289963,5335.8791821561335,4235.622676579926,3050.403345724907,2485.1059479553905,3189.566914498141,2854.4907063197024,2854.6524163568774,2163.3661710037177,2037.6449814126395,2466.0260223048326,5549.412639405205,5364.505576208178,3990.472118959108,2959.1765799256505,3322.7695167286247,4081.2583643122675,4868.576208178439,6210.325278810409,10132.449814126394,6606.291821561338,6552.122676579926,8980.615241635687,10763.912639405204,9643.271375464685,14392.276951672862,9284.315985130112,5917.059479553904,4563.384758364312,3563.275092936803,2406.059479553903,1915.763940520446,1471.8159851301116,1432.503717472119,1307.7081784386617,1657.2490706319702,2816.0873605947954,4312.055762081784,3135.425650557621,2903.842007434944,2918.135687732342,4124.14312267658,12353.07249070632,19823.89033457249,12351.804832713755,9432.24907063197,9105.795539033457,12788.60966542751,8701.879182156134,5894.5241635687735,5870.553903345725,4364.052044609665,3148.7843866171,2960.7509293680296,5665.083643122676,12775.592936802974,12975.710037174722,7970.745353159851,5054.531598513011,4067.418215613383,4112.808550185873,3926.472118959108,3383.14312267658,5866.25278810409,8088.449814126394,12414.639405204462,11569.576208178438,24871.838289962827,30654.083643122678,20071.124535315987,15139.652416356877,22279.28252788104,19079.773234200744,13555.224907063197,9029.710037174722,6701.185873605948,5308.771375464684,4175.708178438662,2940.6171003717473,2643.9442379182155,3524.8011152416357,9161.436802973978,14443.985130111525,9978.765799256505,8646.728624535315,18921.399628252788,22882.60966542751,15178.087360594796,10768.814126394052,11551.875464684015,17497.544609665427,20976.730483271374,29310.509293680298,19464.618959107807,11720.262081784387,7748.565055762082,5388.323420074349,3993.2862453531598,3661.3977695167287,4356.741635687732,3100.747211895911,2503.2657992565055,2040.9442379182155,2459.410780669145,3089.7732342007434,5116.953531598513,15563.057620817845,18440.611524163567,11441.275092936803,8843.704460966543,7616.243494423792,5670.418215613383,3935.104089219331,3145.3624535315985,3221.7490706319704,9199.312267657993,16366.011152416357,10794.289962825278,10392.135687732341,11601.451672862453,8891.360594795538,15095.756505576208,14984.096654275092,9367.99814126394,5832.689591078067,4157.7007434944235,3562.8122676579924,2978.5334572490706,2060.6988847583643,1797.39219330855,1553.8345724907063,1523.9628252788104,1520.9516728624535,1614.7007434944237,1890.0539033457248,2246.4052044609666,1746.089219330855,2291.539033457249,2054.7342007434945,2043.7193308550186,2233.6152416356877,2367.128252788104,2303.550185873606,2047.9776951672864,1683.2992565055763,1862.7118959107806,1749.721189591078,1867.0873605947954,1513.918215613383,1357.5613382899628,1425.864312267658,1541.1598513011152,2289.754646840149,4461.0074349442375,4682.85687732342,5828.364312267658,11936.410780669145,9039.007434944238,6225.057620817844,5837.161710037175,6375.6040892193305,4746.488847583643,3416.3698884758364,2987.9368029739776,2516.6003717472117,2821.2657992565055,3600.4832713754645,6975.403345724907,13365.018587360595,9610.457249070632,6124.477695167287,5059.788104089219,7562.126394052045,9394.710037174722,13298.040892193309,14304.853159851302,15182.555762081784,9494.996282527882,6355.934944237918,5520.195167286245,4419.091078066915,3182.0408921933085,2474.6486988847582,2383.35687732342,2657.5910780669146,6632.262081784386,6948.936802973978,7144.022304832713,7613.301115241636,6848.791821561338,5080.905204460966,4501.825278810409,3539.8587360594797,2801.4312267657992,2448.0408921933085,2490.6524163568774,2447.721189591078,4046.842007434944,11102.626394052044,10136.297397769516,7216.736059479554,6946.420074349442,11720.407063197026,25940.228624535317,19906.63940520446,12595.042750929368,8577.379182156134,6419.7992565055765,5058.197026022305,5860.903345724907,16661.64498141264,28877.628252788105,23104.17286245353,15687.921933085501,10275.338289962825,7562.124535315985,7020.635687732342,14388.381040892193,15751.721189591079,17831.86059479554,27711.42750929368,20234.825278810407,16805.094795539033,26595.195167286245,21436.221189591077,13633.481412639405,8940.866171003718,6223.096654275093,4722.302973977695,3586.747211895911,3031.626394052045,3538.624535315985,4414.823420074349,9462.066914498142,19983.548327137545,14361.262081784387,9025.315985130112,7135.9591078066915,6154.832713754647,4672.124535315985,3931.5780669144983,4261.771375464684,5638.076208178439,7543.07063197026,16678.130111524162,28355.436802973978,25787.804832713755,15727.25278810409,10579.35873605948,10214.280669144982,7464.910780669145,4926.836431226766,3781.299256505576,3532.2695167286247,4094.0687732342008,6910.317843866171,5530.198884758364,3981.531598513011,3070.118959107807,3396.5855018587363,9550.949814126394,13319.150557620818,11376.726765799256,7914.161710037175,5466.215613382899,5362.291821561338,3905.6301115241636,3095.457249070632,2673.975836431227,2615.8104089219332,3686.096654275093,11480.524163568773,11604.39405204461,7467.1208178438665,5122.728624535316,5032.845724907063,9321.18029739777,21671.869888475838,21544.32713754647,13705.35873605948,9166.656133828996,6322.4312267658,4399.150557620818,3422.968401486989,2921.2379182156133,2901.475836431227,5963.771375464684,12479.520446096654,8493.53531598513,6595.75092936803,6194.542750929368,4750.548327137546,3290.442379182156,2901.7118959107806,2752.2230483271373,2594.124535315985,2292.1486988847582,3634.314126394052,8809.35687732342,13733.561338289963,9704.663568773234,8290.32342007435,5412.377323420074,3885.4312267657992,3012.635687732342,2666.3345724907063,2417.7620817843867,5210.433085501859,17003.992565055763,24366.472118959107,17040.301115241637,10454.03903345725,6767.881040892194,4848.934944237918,3420.2862453531598,2700.8197026022303,2449.0687732342008,3266.0018587360596,2925.5,3321.1542750929366,3757.7267657992566,7548.531598513011,18278.710037174722,21624.665427509295,17797.730483271374,15093.031598513011,19928.79182156134,14269.853159851302,8667.063197026022,5944.979553903346,4516.401486988848,3728.3940520446095,3273.559479553903,3135.4739776951674,4585.052044609665,4664.273234200744,3683.14312267658,4962.75278810409,11339.754646840149,8709.860594795538,5615.814126394052,5558.334572490707,7790.817843866171,6186.176579925651,7327.013011152417,13664.96468401487,9986.566914498142,6701.85687732342,4586.204460966543,4756.579925650558,13070.027881040893,15693.912639405204,10649.507434944238,7181.2973977695165,5356.156133828997,5713.239776951673,7564.014869888476,8059.479553903346,5505.53531598513,4862.923791821561,3257.6672862453534,2761.6096654275093,2812.7156133829,2442.881040892193,2224.46282527881,1986.0687732342008,1623.4516728624535,1519.310408921933,1678.5985130111524,2192.3159851301116,1791.5669144981412,1725.6486988847585,1448.4200743494423,1948.9349442379182,3930.232342007435,4526.503717472119,4083.879182156134,6028.921933085502,5316.033457249071,6184.0408921933085,11952.767657992565,8940.366171003718,5916.146840148699,4810.516728624535,10034.68029739777,12249.031598513011,7406.96468401487,4875.148698884758,3726.4888475836433,4521.657992565056,4695.697026022305,3801.1059479553905,4907.026022304833,13684.328996282527,11100.055762081784,7640.951672862454,7032.0408921933085,14316.470260223048,11660.453531598512,7409.0724907063195,4883.815985130112,4417.9758364312265,3729.32156133829,3638.5111524163567,2536.6449814126395,2083.611524163569,2745.239776951673,3143.918215613383,2375.8828996282527,2329.4795539033457,1957.825278810409,1740.3847583643123,1372.0947955390334,1408.6431226765799,1365.5055762081784,2218.1078066914497,2418.395910780669,2429.1301115241636,2908.6226765799256,2632.5557620817845,2225.8475836431226,2260.1951672862456,2428.4795539033457,2538.477695167286,1775.171003717472,1964.2118959107806,2670.03717472119,3600.631970260223,4610.278810408922,5441.39219330855,4517.386617100372,4922.626394052045,4061.3382899628255,4807.490706319702,3511.3624535315985,3743.524163568773,3744.8345724907063,3017.8382899628255,2392.1914498141264,2166.64312267658,2213.5334572490706,3486.364312267658,8678.602230483271,9013.992565055762,5900.537174721189,4071.202602230483,2920.960966542751,2288.6951672862456,1802.7602230483271,1809.4126394052046,1829.7546468401488,2271.485130111524,1988.5724907063197,2458.656133828996,2489.682156133829,2402.7063197026023,2092.7843866171,2135.639405204461,3495.53717472119,5959.576208178439,6223.42936802974,6202.462825278811,5436.665427509293,8027.42936802974,19321.252788104088,14919.611524163569,9819.128252788105,7334.626394052045,5892.726765799256,3891.7118959107806,2681.9888475836433,2252.6078066914497,2040.1598513011152,1865.914498141264,1521.4460966542752,1624.325278810409,1888.9330855018588,2667.5799256505575,3415.760223048327,4431.39219330855,3002.0799256505575,2284.472118959108,1735.503717472119,1596.1375464684015,1347.271375464684,1985.6691449814127,2269.425650557621,2022.9609665427508,1646.8513011152415,2800.7230483271373,2851.754646840149,2329.82156133829,2159.314126394052,2436.4832713754645,2069.8940520446095,1709.193308550186,1376.8011152416357,1380.3810408921934,1214.721189591078,1520.182156133829,1584.0520446096655,1615.671003717472,1401.5446096654275,1365.2992565055763,1202.1449814126395,1290.7304832713755,1199.8773234200744,1519.589219330855,1284.3550185873605,1519.421933085502,1825.193308550186,2150.6802973977697,4420.24721189591,6981.881040892194,5992.018587360595,4029.5167286245355,2652.1914498141264,2273.760223048327,1972.1022304832713,1909.368029739777,1771.096654275093,1703.0985130111524,1445.682156133829,1561.2657992565055,1852.7602230483271,3908.949814126394,14767.578066914499,13441.271375464685,8520.804832713755,6384.67843866171,4919.527881040892,3373.9126394052046,2314.5408921933085,2370.9126394052046,3682.5762081784387,2938.3159851301116,2165.2267657992566,1881.0055762081784,1546.511152416357,1449.9869888475837,1325.9869888475837,1934.0650557620818,3473.403345724907,3465.1524163568774,2337.1802973977697,2019.2620817843865,2220.0855018587363,2786.9293680297396,2272.4312267657992,2162.03531598513,1661.8364312267659,1629.8438661710038,1328.5724907063197,1409.82156133829,1688.1263940520446,3899.8271375464683,3106.7490706319704,2279.1765799256505,1726.2806691449814,1824.9646840148698,2357.611524163569,2164.146840148699,1635.4646840148698,1566.8550185873605,1203.4572490706319,1185.39219330855,1227.1635687732341,1303.2044609665427,1488.4460966542752,2442.849442379182,6292.600371747212,7426.994423791822,4975.706319702602,4298.390334572491,5518.184014869888,5889.479553903346,4024.828996282528,4896.065055762082,3574.9237918215613,2820.1765799256505,2008.5650557620818,1720.1226765799256,1379.0706319702601,1403.2490706319702,1174.1691449814127,1349.0167286245353,1253.9349442379182,1586.6115241635687,1982.903345724907,2536.46468401487,1986.7379182156135,1746.767657992565,1592.864312267658,2335.7230483271373,3177.5,5081.403345724907,18665.0780669145,36822.36059479554,23721.371747211895,13773.059479553904,8583.905204460967,5642.016728624535,3483.9275092936805,2440.604089219331,1706.418215613383,1608.1412639405205,1432.9572490706319,1555.5,1664.9684014869888,1805.7472118959108,1639.314126394052,1668.0947955390334,1908.6245353159852,2514.507434944238,2076.7156133829,1935.078066914498,1577.3345724907063,1697.82156133829,1844.9163568773233,2085.9052044609666,1823.5483271375465,1887.3122676579926,1605.7118959107806,1659.8159851301116,1668.1914498141264,2699.3940520446095,4788.721189591078,14462.299256505576,30487.814126394052,19613.018587360595,11087.265799256505,7353.280669144981,4724.520446096654,3815.7843866171,4432.033457249071,4882.144981412639,4410.758364312268,3155.918215613383,2226.0762081784387,2202.057620817844,3195.0130111524163,8170.310408921933,27243.84944237918,20731.128252788105,11382.368029739777,7544.691449814127,5365.656133828997,4255.566914498141,3034.1059479553905,2553.6059479553905,3392.442379182156,4447.345724907063,2968.3122676579924,2510.2137546468402,2301.8698884758364,2147.2434944237916,2294.236059479554,2413.628252788104,1895.2118959107806,1630.1635687732341,1430.864312267658,1430.6598513011152,1579.414498141264,1939.092936802974,2614.263940520446,3920.561338289963,3794.778810408922,2799.433085501859,2121.732342007435,1918.131970260223,1464.5669144981412,1386.2137546468402,1262.5631970260224,1375.0799256505577,1201.453531598513,1258.5520446096655,1229.6505576208178,1294.4516728624535,1280.6802973977694,1417.3828996282527,1102.5297397769516,1162.0390334572492,1065.8159851301116,1287.1208178438662,1501.7118959107806,1996.6561338289962,1576.7342007434945,1506.2769516728624,1841.864312267658,2037.6115241635687,1523.8587360594795,1373.5613382899628,1378.8736059479554,1580.9832713754647,1690.0260223048326,1561.0594795539034,1198.9646840148698,1221.8327137546469,1176.7565055762082,1561.7602230483271,1378.6486988847585,1292.2973977695167,1199.1152416356877,1475.4702602230484,1883.7416356877322,3517.6059479553905,2421.014869888476,1951.092936802974,1914.6914498141264,2963.0111524163567,2059.074349442379,1645.9516728624535,1333.1691449814127,1333.4293680297399,1417.693308550186,1681.7304832713755,1433.996282527881,2047.7137546468402,1803.6617100371748,1519.5167286245353,1232.9423791821562,1226.7546468401488,1179.046468401487,1673.9460966542752,5502.972118959108,6321.899628252788,3845.6486988847582,3040.728624535316,2272.9089219330854,1776.5408921933085,1891.7546468401488,2048.799256505576,1670.1301115241636,1621.278810408922,1449.5223048327136,1342.1617100371748,1244.9423791821562,1848.6988847583643,2046.514869888476,1782.8345724907063,2515.031598513011,2879.059479553903,1846.2695167286245,1614.007434944238,1259.317843866171,1266.3754646840148,1326.953531598513,2601.8457249070634,12750.576208178438,13067.633828996282,8041.67843866171,5296.628252788104,4445.617100371747,6113.9758364312265,3814.8382899628255,2433.6840148698884,2048.775092936803,2951.9944237918216,2335.381040892193,1733.682156133829,1301.007434944238,1266.7806691449814,1167.8717472118958,1246.0539033457248,1135.9591078066915,1235.0947955390334,1423.0315985130112,2033.328996282528,7229.946096654275,20414.118959107807,15836.914498141265,8338.780669144982,4827.587360594795,3058.1301115241636,1931.1877323420074,1911.4163568773233,2482.871747211896,2058.3345724907063,1706.5130111524163,2185.940520446097,1905.7602230483271,1711.6691449814127,1379.0947955390334,1522.578066914498,1662.728624535316,1656.0315985130112,1985.907063197026,4429.53531598513,7078.921933085502,6350.916356877324,4029.185873605948,3088.789962825279,4587.325278810409,4121.228624535316,3857.3048327137544,3471.2565055762084,2983.853159851301,2308.8401486988846,1729.3438661710038,1530.5594795539034,1317.003717472119,1296.0167286245353,1073.4293680297399,1098.732342007435,1059.7379182156135,1147.828996282528,1051.2342007434945,1230.17843866171,1055.8048327137546,1122.6617100371748,959.8271375464684,1097.1171003717473,1141.9256505576209,1363.2434944237918,1234.6133828996283,1267.328996282528,1262.0204460966543,2045.8308550185873,2164.933085501859,2718.895910780669,2777.968401486989,2519.650557620818,2181.453531598513,1863.996282527881,1813.3234200743495,2728.6840148698884,4036.1412639405203,3650.9981412639404,2935.442379182156,2521.061338289963,1989.3847583643123,1732.1970260223047,1450.3438661710038,1386.5687732342008,1249.907063197026,1589.6059479553903,4254.905204460966,7821.098513011152,5190.215613382899,3453.946096654275,2193.5,1918.518587360595,3091.2490706319704,3011.1895910780668,2147.895910780669,2815.3773234200744,8392.910780669145,11787.661710037175,10982.18215613383,6226.094795539034,3623.724907063197,2557.886617100372,1880.2193308550186,2545.8475836431226,6631.35687732342,5343.581784386617,2954.1226765799256,2020.9981412639406,1464.1840148698884,1341.0055762081784,1576.4498141263941,3216.5687732342008,3265.3085501858736,3135.317843866171,2259.0762081784387,2550.529739776952,7708.778810408922,12791.120817843866,14776.420074349442,8248.531598513011,4416.801115241636,3492.7118959107806,5187.609665427509,16211.459107806691,11061.195167286245,5568.312267657992,4167.760223048327,3603.027881040892,2097.6059479553905,1738.578066914498,1345.3977695167287,1444.5520446096655,1670.39219330855,1550.7081784386617,1393.8828996282527,1702.1877323420074,1568.3884758364313,2070.299256505576,4354.130111524164,3408.9442379182155,1880.4368029739776,1509.1988847583643,1167.996282527881,1282.8345724907063,1631.6802973977694,1451.6617100371748,1134.6542750929368,1384.3159851301116,1949.992565055762,2217.96282527881,1873.4609665427508,2825.3382899628255,2193.135687732342,2123.6338289962823,4956.130111524164,4518.440520446096,2809.7137546468402,2031.4200743494423,1598.100371747212,3567.3048327137544,3695.485130111524,2431.131970260223,2334.353159851301,3585.767657992565,3040.8921933085503,3625.275092936803,3486.5408921933085,3325.9368029739776,6050.273234200744,11365.576208178438,7458.788104089219,4091.825278810409,2381.754646840149,1906.0669144981412,1390.418215613383,1327.4368029739776,1169.1635687732341,1255.4275092936803,1363.2881040892194,3249.3940520446095,7419.105947955391,5388.230483271375,3031.7416356877325,3888.842007434944,11788.10780669145,10215.695167286245,4997.644981412639,3179.2565055762084,2882.375464684015,4228.078066914498,4312.819702602231,3580.314126394052,2466.977695167286,1805.9423791821562,1252.2267657992566,1110.7806691449814,1092.4702602230484,1262.5669144981412,1110.0,1092.682156133829,1249.3977695167287,2051.3828996282527,1902.139405204461,1734.8197026022306,2147.2620817843867,4374.565055762082,3800.353159851301,2649.5706319702604,1955.2267657992566,5192.434944237918,13789.345724907063,20406.960966542752,12697.726765799256,5590.845724907063,2652.1301115241636,1756.2230483271376,1269.9498141263941,1768.100371747212,1708.271375464684,1434.3550185873605,1161.7806691449814,1191.8029739776953,1066.7527881040892,1150.5985130111524,1112.7657992565055,1409.7007434944237,1573.5594795539034,2833.960966542751,13113.031598513011,23581.089219330854,13238.736059479554,5688.825278810409,2928.2769516728627,1911.0501858736059,1376.7899628252787,1417.7453531598512,1338.0241635687732,1314.767657992565,1200.4163568773233,1205.7100371747213,1275.6133828996283,1558.5873605947954,1792.8884758364313,1776.3977695167287,1476.089219330855,1548.8513011152415,1654.6245353159852,4062.379182156134,15290.659851301116,30125.351301115243,23409.0,10133.544609665427,4435.039033457249,2593.2657992565055,1927.7081784386617,2054.763940520446,1521.9869888475837,1324.7472118959108,1168.2156133828996,1157.7397769516729,1037.9721189591078,1195.860594795539,1003.6710037174721,1036.910780669145,1178.7026022304833,1203.5947955390334,1114.078066914498,1485.6840148698884,4154.5241635687735,6750.223048327138,3837.0873605947954,2028.1877323420074,1313.8587360594795,1252.9776951672864,1461.7955390334573,1512.1691449814127,1199.7881040892194,1278.6505576208178,1129.085501858736,1249.9907063197027,1113.9237918215613,1299.5,1467.7267657992566,1619.221189591078,1366.306691449814,1410.317843866171,1228.693308550186,1260.325278810409,1228.996282527881,3206.208178438662,8384.17472118959,7784.3791821561335,3465.864312267658,1913.4739776951674,1272.6914498141264,1137.1951672862454,1187.5446096654275,1680.6449814126395,2338.364312267658,6817.156133828997,9594.184014869888,5749.633828996282,2757.113382899628,1796.5260223048326,1332.5501858736059,1401.639405204461,1200.4721189591078,1193.724907063197,1077.5501858736059,1231.360594795539,1364.6226765799256,1768.2806691449814,1643.689591078067,1941.7695167286245,4985.139405204461,17907.82342007435,23451.92936802974,12954.256505576208,5975.267657992565,3470.942379182156,1957.496282527881,1486.6189591078066,1050.6579925650558,1138.4628252788104,972.2509293680297,1032.5910780669144,1000.4182156133829,1321.0836431226767,3236.6375464684015,5001.226765799256,3304.524163568773,1835.4758364312268,1257.2620817843865,1158.67843866171,1005.0092936802974,1079.1988847583643,947.0111524163568,1071.189591078067,924.7137546468401,1114.5631970260224,1060.2546468401488,1122.4368029739776,1130.492565055762,1139.7304832713755,1005.8940520446097,1301.0483271375465,1783.8661710037175,6724.408921933085,18221.234200743493,23981.301115241637,13338.618959107807,5968.908921933085,2982.395910780669,1939.1617100371748,1236.3847583643123,1194.8940520446097,1023.492565055762,1100.7472118959108,908.492565055762,1008.3661710037175,1064.2063197026023,1103.9498141263941,1010.2881040892194,1085.1282527881042,984.0334572490706,1084.0594795539034,961.1784386617101,1100.8345724907063,1658.9312267657992,2839.236059479554,3281.925650557621,2228.245353159851,1348.4330855018588,1175.0650557620818,984.2137546468401,1084.5576208178438,942.6468401486989,1050.3122676579926,961.3271375464684,1033.9460966542752,1035.3308550185873,1193.895910780669,1173.496282527881,1206.0483271375465,1056.0520446096655,1160.6617100371748,1025.1505576208178,1182.585501858736,1114.7156133828996,1153.1728624535317,959.2323420074349,1043.2992565055763,1092.7490706319702,1034.1133828996283,992.7657992565056,1128.2472118959108,1212.511152416357,1893.864312267658,2377.343866171004,2941.2769516728627,2010.9739776951674,1402.2620817843865,1032.185873605948,1045.7769516728624,967.6988847583643,1057.3791821561338,891.0594795539033,1035.0910780669144,1036.953531598513,1307.4739776951674,1272.3438661710038,1186.6468401486989,1024.918215613383,1088.996282527881,1025.724907063197,1100.817843866171,955.864312267658,1093.7695167286245,968.0743494423792,1102.310408921933,1016.7286245353159,1058.6059479553903,929.860594795539,1072.1561338289962,1178.9237918215613,1455.5167286245353,1446.782527881041,1715.6245353159852,1439.7472118959108,1690.1914498141264,1864.8308550185873,2108.1988847583643,1526.096654275093,1249.5446096654275,1033.5706319702601,1111.7527881040892,1110.0223048327136,1272.721189591078,1182.410780669145,1299.282527881041,1571.5501858736059,2186.442379182156,2618.022304832714,2598.940520446097,1637.7026022304833,1266.7769516728624,1088.5743494423791,1126.0539033457248,1020.1133828996283,1181.7862453531598,1094.6282527881042,1316.817843866171,1396.2843866171004,2459.596654275093,7575.262081784386,16562.159851301116,23714.28624535316,26315.674721189593,14944.737918215613,6357.451672862454,2800.7769516728627,1912.3197026022306,1443.6171003717473,1530.1877323420074,1708.100371747212,2035.3977695167287,1966.263940520446,1771.0743494423791,1381.0055762081784,1420.4702602230484,1369.328996282528,1434.4275092936803,1247.8234200743495,1209.6338289962825,1014.6245353159851,1119.403345724907,916.0353159851301,1137.5223048327136,981.6933085501859,1091.2453531598512,958.860594795539,987.5334572490706,861.1505576208178,950.8122676579926,934.5557620817843,1044.8828996282527,905.1003717472119,1033.988847583643,1289.0650557620818,1412.1970260223047,1334.2397769516729,1484.2434944237918,1398.314126394052,2840.1059479553905,7486.122676579926,12050.71375464684,16033.211895910781,17080.130111524162,9908.598513011153,4251.842007434944,2233.3345724907063,1950.0092936802973,1875.100371747212
578.6022514071294,501.37711069418384,527.6791744840525,462.7861163227017,589.5103189493433,427.84803001876173,538.5253283302064,522.2232645403377,554.3977485928706,523.4784240150094,580.8386491557224,506.30393996247653,613.8198874296435,474.2232645403377,593.2589118198874,612.9043151969981,652.7317073170732,611.4784240150094,590.6941838649155,566.9268292682926,606.4333958724203,567.1106941838649,676.2701688555347,597.5121951219512,693.1613508442776,676.7560975609756,647.4033771106942,590.40712945591,641.437148217636,580.4183864915573,690.9493433395872,608.6923076923077,707.4240150093808,632.8161350844277,708.1857410881801,609.1838649155723,728.7542213883677,589.46904315197,710.1125703564728,597.8198874296435,709.6378986866791,640.343339587242,625.5234521575985,716.3621013133209,667.9643527204503,532.0337711069418,648.2589118198874,724.859287054409,748.9924953095684,628.2082551594747,720.390243902439,689.8911819887429,713.7711069418386,689.5759849906192,743.2926829268292,596.562851782364,722.5234521575985,652.2232645403377,688.7917448405253,631.7091932457786,699.2270168855534,638.7711069418386,686.797373358349,623.1294559099437,737.3489681050656,653.6866791744841,726.1106941838649,669.7879924953096,621.0844277673546,728.454033771107,679.1894934333959,667.4146341463414,723.3189493433396,640.5553470919325,713.6172607879924,676.6810506566604,741.4446529080675,678.0731707317074,692.2889305816135,820.4559099437148,769.2626641651032,672.7786116322702,730.2926829268292,715.4671669793621,740.6848030018762,694.2232645403377,778.6585365853658,648.9174484052533,707.6960600375235,711.4878048780488,745.7898686679174,659.4896810506567,777.9512195121952,758.5046904315197,723.5009380863039,746.0656660412758,751.1088180112571,723.6228893058161,790.1594746716698,700.3527204502815,789.3208255159475,716.093808630394,749.1238273921201,703.9249530956848,678.2063789868668,694.2213883677298,809.4990619136961,667.6547842401501,765.1369606003752,700.2795497185741,644.3227016885553,836.6735459662289,831.7560975609756,744.2908067542214,775.2457786116323,735.2833020637898,841.6866791744841,715.3133208255159,798.1594746716698,770.1988742964353,769.4990619136961,775.7448405253283,822.4465290806754,736.9643527204503,796.1200750469043,706.0243902439024,765.5853658536586,718.9343339587242,843.9662288930582,796.0131332082551,815.8480300187617,760.7560975609756,840.0393996247655,736.6116322701689,751.3320825515948,738.1425891181989,818.1125703564728,778.5084427767355,820.204502814259,666.5121951219512,771.6848030018762,689.8048780487804,675.8574108818011,820.3452157598499,858.4521575984991,755.9099437148218,777.9305816135085,774.3639774859287,786.390243902439,797.8255159474671,785.8499061913697,726.6848030018762,766.4652908067542,744.46904315197,846.3170731707318,799.8836772983115,784.7467166979362,780.2101313320826,765.5065666041276,686.1463414634146,828.9418386491557,797.8574108818011,765.2307692307693,777.9474671669793,830.3639774859287,772.3395872420263,798.0375234521576,793.7579737335835,845.5759849906192,715.6848030018762,866.0243902439024,797.8855534709194,844.812382739212,771.4896810506567,740.3076923076923,869.0412757973734,886.7110694183865,775.0,851.7054409005628,756.8105065666041,896.0412757973734,791.1688555347092,800.5121951219512,799.2795497185741,769.6941838649155,755.1538461538462,833.7879924953096,812.8893058161351,792.6697936210131,819.5497185741089,823.3771106941839,808.1444652908068,842.3020637898686,774.1013133208255,858.2964352720451,766.9943714821763,860.8217636022514,819.1801125703565,828.4577861163227,883.8311444652908,805.1350844277673,832.015009380863,874.5891181988743,824.718574108818,850.6378986866791,772.5534709193246,734.343339587242,912.2457786116323,816.3076923076923,832.8893058161351,874.8499061913697,804.8667917448405,862.2720450281425,795.8067542213884,854.8105065666041,813.8930581613508,863.1519699812383,781.1106941838649,819.2326454033771,794.1425891181989,842.6135084427767,838.4484052532833,877.7579737335835,810.8874296435272,875.2176360225141,861.9455909943715,830.046904315197,785.7448405253283,816.6510318949344,867.9812382739212,877.0956848030019,844.015009380863,868.016885553471,876.609756097561,865.5497185741089,872.8161350844277,804.6885553470919,781.4165103189493,782.6378986866791,915.405253283302,867.3639774859287,827.656660412758,790.3714821763602,815.7767354596623,827.1819887429643,808.0393996247655,848.3320825515948,753.0863039399625,812.0806754221388,836.7429643527205,785.0825515947467,829.8311444652908,770.7748592870544,773.0093808630394,838.6041275797373,795.3245778611632,796.3658536585366,807.2439024390244,839.4240150093808,834.3714821763602,832.4352720450281,854.4634146341464,871.4502814258911,763.40712945591,891.8236397748593,807.1350844277673,843.594746716698,882.765478424015,834.6697936210131,813.0206378986867,880.6322701688555,945.016885553471,896.8836772983115,813.9662288930582,945.0619136960601,855.6285178236398,865.1763602251407,865.7523452157599,852.1313320825516,843.6172607879924,879.328330206379,778.5028142589118,813.9662288930582,848.6360225140713,846.671669793621,882.906191369606,857.9362101313321,876.5722326454033,855.8780487804878,780.3095684803002,878.3095684803002,808.4821763602251,837.0544090056285,841.560975609756,874.577861163227,845.7035647279549,887.1200750469043,798.780487804878,863.8424015009381,817.3677298311445,862.2908067542214,814.9005628517824,785.3489681050656,973.5328330206379,897.671669793621,891.7598499061913,832.560975609756,811.437148217636,864.5028142589118,840.9343339587242,857.577861163227,889.140712945591,828.2420262664165,833.4090056285178,892.656660412758,830.9981238273921,913.4971857410882,814.9136960600375,848.7729831144466,867.6153846153846,899.202626641651,856.5009380863039,900.4015009380863,900.4821763602251,892.7223264540338,848.9924953095684,880.6041275797373,892.093808630394,838.4934333958724,916.3827392120076,915.3339587242026,858.0300187617261,901.046904315197,813.2776735459662,779.2532833020638,1018.7410881801126,1044.827392120075,927.2833020637898,919.1181988742965,910.3564727954972,951.1838649155723,846.6116322701689,920.016885553471,841.5834896810507,883.4296435272045,943.172607879925,824.5422138836773,919.9099437148218,980.405253283302,922.7354596622889,962.6210131332083,910.1594746716698,917.2157598499061,900.8142589118199,942.3958724202627,942.40712945591,929.3602251407129,892.0787992495309,901.0525328330207,890.2607879924954,873.4971857410882,880.5028142589118,928.6754221388368,929.2363977485928,931.2607879924954,854.0112570356473,823.4878048780488,961.3414634146342,957.8086303939963,919.9268292682926,947.3958724202627,1002.0187617260788,1092.0262664165102,1019.0393996247655,957.3527204502815,915.1332082551595,916.1632270168856,920.2326454033771,969.5684803001876,914.0412757973734,934.6660412757974,971.8667917448405,982.1932457786116,967.0806754221388,988.8030018761726,911.5497185741089,1001.7429643527205,929.8742964352721,985.0600375234521,962.6153846153846,1038.921200750469,1010.249530956848,946.5215759849906,931.4202626641651,961.4896810506567,910.0919324577861,960.9756097560976,926.0844277673546,853.2082551594747,1060.5178236397749,949.1350844277673,966.7354596622889,997.9437148217636,942.3789868667917,1025.5759849906192,964.4878048780488,976.0525328330207,1038.232645403377,1019.7448405253283,946.5853658536586,1004.6116322701689,937.5159474671669,949.2363977485928,1002.6210131332083,1069.544090056285,1032.3020637898687,1073.7861163227017,1005.2232645403377,1023.9587242026266,982.5103189493433,985.2983114446529,1041.2776735459663,992.9249530956848,1003.5666041275797,1071.2889305816136,1042.34521575985,1047.7317073170732,1020.545966228893,1057.4615384615386,924.3133208255159,978.6810506566604,1199.34521575985,1027.3639774859287,1114.3621013133209,1086.8367729831145,1062.484052532833,1172.9305816135084,1211.3714821763601,1260.4427767354596,1064.9005628517823,1061.5647279549719,991.2514071294559,980.6660412757974,1029.9249530956847,1055.3358348968104,1008.983114446529,1060.9249530956847,1010.1763602251407,1062.831144465291,1042.8386491557224,1030.1988742964352,1000.9774859287054,1085.7392120075046,1010.219512195122,1074.0956848030019,1131.1163227016887,1093.624765478424,1024.0863039399624,960.187617260788,966.8818011257035,1009.1613508442776,946.2795497185741,957.9962476547843,1083.8048780487804,1097.1707317073171,968.7223264540338,1012.281425891182,1059.0243902439024,1224.0863039399624,1177.7692307692307,1150.780487804878,977.9718574108819,1029.4727954971856,1021.5816135084427,1059.81425891182,1177.5422138836773,1204.013133208255,1155.810506566604,1005.437148217636,989.9512195121952,1012.3339587242026,1031.746716697936,1140.1575984990618,1112.7917448405253,1083.4277673545967,1037.3095684803002,1064.7954971857412,1076.705440900563,1268.9324577861164,1250.3470919324577,1297.7485928705441,1121.1294559099438,1090.437148217636,992.6341463414634,981.8968105065666,1116.0037523452158,1061.4765478424015,982.4878048780488,1094.7560975609756,1108.1782363977486,1099.5703564727955,1126.6191369606004,1091.8048780487804,1043.8686679174484,1097.1200750469043,1141.4540337711069,1243.2401500938086,1052.3621013133209,1110.313320825516,1115.0318949343339,1182.71669793621,1177.7148217636022,1150.2757973733583,1088.5590994371482,1303.4427767354596,1202.6435272045028,1123.9437148217637,1099.590994371482,1134.5065666041276,1130.34521575985,1185.5084427767354,1122.1294559099438,1104.4465290806754,1043.8236397748592,1130.878048780488,1057.6135084427767,971.2420262664165,1184.7692307692307,1130.2739212007505,1098.0281425891183,1111.4615384615386,1142.514071294559,1232.544090056285,1085.8686679174484,1165.5272045028144,1201.5103189493434,1090.5178236397749,1131.033771106942,1112.6060037523453,989.3883677298311,1151.4746716697937,1078.3245778611633,1078.140712945591,999.0581613508443,1122.9737335834898,1082.9549718574108,1066.5253283302063,1069.6266416510318,1039.3039399624765,997.7317073170732,1101.093808630394,1063.5984990619138,1091.8761726078799,1094.1669793621013,1156.8030018761726,1029.9624765478425,1117.5590994371482,1042.3151969981238,1092.9812382739212,1107.7485928705441,1194.921200750469,1176.3771106941838,1130.405253283302,1190.091932457786,1281.594746716698,1159.0975609756097,1215.1951219512196,1170.9812382739212,1294.7410881801127,1182.0694183864916,1227.1538461538462,1182.6303939962477,1036.2682926829268,1107.2420262664166,1217.3696060037523,1166.7936210131331,1190.2570356472795,1047.3076923076924,1075.9681050656661,1059.8705440900562,1277.7711069418388,1322.1275797373357,1255.8724202626643,1117.3227016885553,1044.8348968105065,1008.4671669793621,1210.9906191369605,1155.7598499061914,1337.1988742964352,1165.5046904315197,1113.6529080675423,1284.5234521575985,1444.5572232645404,1291.9287054409006,1158.2870544090056,1045.3621013133209,1111.4127579737335,1076.2607879924954,1138.0675422138836,1158.0037523452158,1169.6491557223264,1099.0863039399624,1085.2307692307693,1049.1482176360225,1175.110694183865,1174.3151969981238,1284.1763602251408,1057.125703564728,1166.311444652908,1034.2551594746717,1144.4108818011257,1134.1332082551594,1390.0525328330207,1057.3977485928706,1043.8686679174484,1003.1294559099437,1141.3302063789868,1166.6041275797372,1296.236397748593,1049.7992495309568,1046.7898686679175,941.0769230769231,1102.5647279549719,1296.8067542213885,1266.0844277673546,1094.0262664165102,1151.3808630393996,1121.3939962476547,1256.2457786116322,1158.4071294559099,1160.7073170731708,1130.515947467167,1135.1294559099438,1206.93808630394,1283.2514071294559,1093.5028142589117,1041.3245778611633,1135.735459662289,1374.6735459662289,1517.6041275797372,1664.2870544090056,1281.0187617260788,1236.810506566604,1138.812382739212,1135.671669793621,1091.7786116322702,1147.0694183864916,1136.1951219512196,1339.8217636022514,1064.9812382739212,1075.767354596623,965.6510318949344,1020.0656660412758,962.8649155722327,1018.765478424015,1091.9549718574108,1263.187617260788,1214.923076923077,1142.5347091932458,1127.705440900563,1236.688555347092,1158.5741088180112,1268.831144465291,1271.1275797373357,1256.0750469043153,1080.2420262664166,1072.2682926829268,1061.0900562851782,1118.7204502814259,1073.6360225140713,1153.28330206379,1100.9005628517823,1221.7767354596622,1333.4146341463415,1512.2983114446529,1169.9287054409006,1196.3658536585365,1040.6303939962477,1043.1801125703564,985.9606003752345,1122.8930581613508,1079.8555347091933,1295.3170731707316,1325.1332082551594,1580.1482176360225,1642.9136960600376,1207.8255159474672,1200.4333958724203,1232.125703564728,1163.5984990619138,1578.8067542213885,1849.5684803001877,1735.5084427767354,1946.125703564728,1567.0881801125704,1102.455909943715,1179.7936210131331,1072.3339587242026,1189.8686679174484,1208.607879924953,1578.0,1965.9305816135084,1616.253283302064,1424.8198874296436,1596.0037523452158,1469.9943714821763,1512.969981238274,1431.8461538461538,1857.7373358348968,2796.140712945591,3436.515947467167,2612.270168855535,2016.2851782363978,1634.908067542214,1553.3827392120074,1692.6679174484052,2510.2195121951218,2874.9305816135084,1624.7617260787993,1399.5403377110695,1348.93808630394,1360.4146341463415,1366.0431519699812,1177.8011257035648,1326.2476547842402,1244.5853658536585,1634.4727954971856,1785.108818011257,1468.2420262664166,1156.7148217636022,1248.953095684803,1211.746716697936,1546.439024390244,2059.4427767354596,2603.1782363977486,2832.1651031894935,2297.512195121951,1507.5290806754222,1804.2476547842402,1449.1969981238274,1438.703564727955,1629.7317073170732,2117.656660412758,1807.9549718574108,1393.4277673545967,1521.0225140712946,1446.34521575985,1469.8348968105065,2007.1163227016887,1671.7861163227017,1469.140712945591,1661.7223264540337,1537.4333958724203,1234.3733583489682,1390.5741088180112,1653.9249530956847,2341.0544090056287,1865.3264540337711,1932.2589118198873,1628.078799249531,1406.219512195122,1287.9568480300188,1339.6266416510318,1456.5816135084428,1861.1594746716698,2036.3977485928706,1963.1838649155723,2615.6303939962477,3384.031894934334,4155.28330206379,3179.454033771107,2561.986866791745,2006.5422138836773,1809.7898686679175,1522.2983114446529,1226.1050656660414,1370.5759849906192,1555.3827392120074,2053.958724202627,2586.142589118199,1807.1238273921201,1370.046904315197,1337.3677298311445,1496.6378986866791,1533.6998123827393,1173.1294559099438,1421.7748592870544,1519.016885553471,2109.3658536585367,3149.722326454034,3836.701688555347,1844.3001876172607,1474.2157598499061,1398.452157598499,1883.8348968105065,2478.3189493433397,2292.966228893058,1534.2701688555346,1463.8874296435272,1395.108818011257,1689.232645403377,1569.4071294559099,1947.919324577861,2763.636022514071,3791.332082551595,2326.7617260787993,2359.0694183864916,2621.3358348968104,1752.6848030018762,1402.0318949343339,1519.4427767354596,1796.9099437148218,2753.472795497186,3497.4315196998123,2565.121951219512,1766.6041275797372,1906.65478424015,2415.4821763602254,1620.5347091932458,1239.375234521576,1394.234521575985,1267.8292682926829,1342.1538461538462,1301.7579737335834,1570.8499061913697,1262.2063789868669,1389.2176360225142,1243.4258911819888,1248.7110694183864,1161.3639774859287,1287.9174484052533,1346.986866791745,1753.0431519699812,1704.9249530956847,1959.7279549718573,1403.9043151969981,1412.4652908067542,1220.7767354596622,1328.7073170731708,1440.7260787992495,1687.0694183864916,1698.4784240150093,1832.2551594746717,1746.1144465290806,1726.7317073170732,1528.422138836773,1688.140712945591,1904.0356472795497,1708.9399624765479,1643.4634146341464,2106.731707317073,1823.514071294559,1645.8517823639775,1503.6135084427767,1502.6604127579737,1459.8198874296436,1848.2251407129456,2419.0056285178234,2644.1050656660414,1787.013133208255,1395.5515947467168,1471.7748592870544,2034.3508442776736,1651.71669793621,1921.8236397748592,2121.8611632270167,2077.4484052532835,1972.4502814258913,1856.1369606003752,1656.983114446529,1771.8968105065667,1361.121951219512,1447.2232645403378,1414.9437148217637,1538.6303939962477,1409.030018761726,1505.3808630393996,1378.6041275797372,1541.2926829268292,1797.8968105065667,1708.1031894934333,1473.3001876172607,1572.9793621013134,1508.8236397748592,1651.1669793621013,1888.1707317073171,1975.5290806754222,1928.202626641651,1880.5741088180112,1731.3227016885553,2039.2082551594747,2407.6191369606004,2869.5872420262663,2865.4409005628518,2362.1632270168857,1962.936210131332,2294.722326454034,2361.343339587242,2152.776735459662,2067.8818011257035,2076.921200750469,1882.6904315196998,1940.2514071294559,1863.375234521576,1810.514071294559,1879.2476547842402,1962.5515947467168,1885.5272045028144,3112.1332082551594,3209.577861163227,2068.3939962476547,1900.1932457786115,2246.3846153846152,1628.409005628518,1895.2720450281427,1760.2570356472795,1704.6210131332082,1893.5234521575985,2336.390243902439,2982.045028142589,3221.2532833020637,1865.8705440900562,2150.3827392120074,3031.075046904315,4389.2120075046905,5447.637898686679,4064.87617260788,2568.923076923077,2056.5253283302063,2404.298311444653,3020.332082551595,3313.114446529081,4546.305816135085,4352.703564727955,4236.028142589118,5143.626641651032,5632.300187617261,5293.352720450282,3450.6979362101315,2798.4821763602254,3584.1951219512193,2452.874296435272,1720.9812382739212,1729.5384615384614,2119.8405253283304,2210.4953095684805,2150.033771106942,1940.8480300187616,2219.4352720450283,2355.0562851782365,1866.4277673545967,2016.485928705441,3161.170731707317,3190.3358348968104,2552.1594746716696,2289.3151969981236,2562.529080675422,1940.1069418386492,1980.671669793621,2171.9005628517825,2623.2382739212007,2727.500938086304,2438.7054409005627,1886.2570356472795,1690.65478424015,1540.0281425891183,1999.2983114446529,2785.62851782364,3127.7542213883676,2534.9606003752347,2219.62851782364,1898.0675422138836,2610.0581613508443,2914.020637898687,2364.968105065666,3094.236397748593,3300.77861163227,2573.763602251407,3208.0637898686678,3101.0225140712946,3012.769230769231,2337.43339587242,1984.3939962476547,2254.7073170731705,3023.028142589118,4157.84990619137,5417.564727954972,4600.5703564727955,4551.3095684803,3762.529080675422,3722.4033771106942,3402.609756097561,3812.8348968105065,4276.337711069418,3931.0093808630395,4756.712945590994,5120.609756097561,3338.574108818011,2506.8686679174484,1969.8292682926829,2317.8330206378987,2564.3358348968104,3589.7054409005627,3928.155722326454,3582.1313320825516,3736.018761726079,4066.8499061913694,4942.568480300188,5422.412757973733,3763.4352720450283,4388.831144465291,4239.168855534709,3134.7129455909944,3546.4427767354596,4326.341463414634,3841.106941838649,3640.878048780488,3191.2532833020637,4088.795497185741,4033.731707317073,4124.454033771107,4160.7973733583485,4922.911819887429,3809.818011257036,3234.080675422139,3247.3039399624768,4053.0994371482175,4160.626641651032,3492.748592870544,2561.594746716698,2028.046904315197,1590.5497185741087,1819.9606003752344,1666.1200750469043,1538.1463414634147,1501.5084427767354,1700.7767354596622,1440.7936210131331,1506.3170731707316,1511.5403377110695,1506.9624765478425,1458.2701688555346,1588.7823639774858,1722.8968105065667,1896.341463414634,1855.3545966228894,2790.0731707317073,3779.5046904315195,3274.251407129456,2396.161350844278,1589.2476547842402,1357.4465290806754,1689.2420262664166,2002.8048780487804,2336.765478424015,1527.3020637898687,1683.1744840525328,1576.360225140713,1713.6454033771106,1882.750469043152,1907.1069418386492,1321.7748592870544,1443.1350844277674,1490.3489681050658,1759.3789868667918,1931.5196998123827,2134.5497185741087,2631.181988742964,3297.2945590994373,2514.6585365853657,2182.40712945591,2420.6116322701687,1684.514071294559,1427.3771106941838,1509.1838649155723,1469.3339587242026,1824.4577861163227,2578.65478424015,3280.277673545966,1950.8649155722326,2053.2457786116324,2468.8836772983113,3043.8217636022514,3865.7110694183866,2687.013133208255,1796.7298311444654,2502.5703564727955,2086.8818011257035,1717.936210131332,1370.3527204502814,1765.4315196998123,2189.6454033771106,2827.2720450281427,2037.078799249531,2422.161350844278,2538.0562851782365,2260.776735459662,1387.155722326454,1530.0956848030019,1582.7748592870544,2060.048780487805,2934.424015009381,5027.2307692307695,6183.155722326454,6477.544090056285,3485.667917448405,1851.0243902439024,1408.1332082551594,1439.8292682926829,1281.1763602251408,1517.639774859287,1549.765478424015,2194.9943714821766,2614.1801125703564,3242.3095684803,3854.9287054409006,4654.427767354597,2313.2138836772983,1962.878048780488,1872.4409005628518,2122.8555347091933,2260.033771106942,3309.799249530957,4368.045028142589,3514.2101313320827,2530.2457786116324,3452.701688555347,2560.37148217636,1658.4634146341464,1489.4652908067542,1810.797373358349,2279.4821763602254,3534.1726078799247,2719.0225140712946,1901.343339587242,1833.4015009380862,2147.59287054409,2293.8836772983113,2596.6172607879926,2151.7279549718573,1768.3227016885553,2192.7054409005627,2237.756097560976,2114.831144465291,3501.7279549718573,3259.577861163227,2010.9624765478425,1927.7242026266417,3015.326454033771,3181.810506566604,2511.8142589118197,2916.0637898686678,4297.508442776735,5957.669793621013,4091.662288930582,2030.2270168855534,1621.810506566604,1297.4108818011257,1463.5966228893058,1415.8030018761726,1872.8686679174484,1591.6604127579737,1488.1819887429644,1305.53095684803,1388.1988742964352,1139.0731707317073,1261.7298311444654,1290.9943714821763,1343.9606003752344,1376.9624765478425,1378.467166979362,1115.4915572232646,1472.4709193245778,1506.4352720450281,1380.5816135084428,1136.1050656660414,1278.140712945591,1138.9005628517823,1257.2045028142588,1191.7242026266417,1350.5046904315197,1119.2926829268292,1280.1463414634147,1100.0844277673546,1411.1838649155723,1213.392120075047,1261.4971857410883,1122.4615384615386,1233.6604127579737,1143.0450281425892,1238.9681050656661,1223.0881801125704,1469.5984990619138,1162.6660412757974,1250.013133208255,1156.3039399624765,1231.2045028142588,1081.9587242026266,1183.7448405253283,1357.8630393996248,1519.4240150093808,1506.1819887429644,1442.6378986866791,1437.9887429643527,1816.6341463414635,1922.688555347092,1661.375234521576,1796.234521575985,2470.979362101313,1626.765478424015,1307.891181988743,1159.253283302064,1264.9249530956847,1261.328330206379,1185.9399624765479,1103.966228893058,1335.7898686679175,1103.656660412758,1322.5178236397749,1115.0393996247656,1266.2457786116322,1181.7148217636022,1174.9493433395871,1094.0112570356473,1201.2457786116322,1216.0450281425892,1592.9681050656661,1880.5253283302063,1710.889305816135,1365.0544090056285,1324.5703564727955,1495.0844277673546,1486.6679174484052,1308.9287054409006,1492.9343339587242,1541.8930581613508,1730.0694183864916,1316.4127579737335,1199.544090056285,1178.8217636022514,1321.562851782364,1306.343339587242,1750.6810506566603,2046.2682926829268,1820.0318949343339,1295.6848030018762,1381.078799249531,1492.9774859287054,2007.3977485928706,1483.5103189493434,1470.658536585366,1559.5403377110695,1915.030018761726,2064.8048780487807,2075.311444652908,1631.6210131332082,1507.9606003752344,1350.4765478424015,1684.1969981238274,1364.3170731707316,1286.5046904315197,1099.046904315197,1282.908067542214,1432.234521575985,1485.8461538461538,1593.138836772983,1837.8480300187616,1454.7617260787993,1768.4296435272045,2210.3395872420265,2354.424015009381,1613.0412757973734,1735.6266416510318,1878.9399624765479,1690.8949343339586,1575.4540337711069,1813.2176360225142,1996.1313320825516,2339.487804878049,1671.3996247654784,1995.7073170731708,2425.168855534709,3236.0637898686678,2017.3958724202628,1841.2607879924954,1780.0994371482177,1851.1613508442776,2331.6510318949345,3853.326454033771,4917.015009380863,3587.2476547842402,2904.4033771106942,3533.810506566604,2149.2551594746715,1721.611632270169,2112.2101313320827,3056.4596622889308,2502.264540337711,2806.8499061913694,2517.2420262664164,2702.643527204503,2625.5684803001877,3716.0994371482175,2833.9831144465293,1983.8705440900562,1577.232645403377,1817.5084427767354,2372.356472795497,2124.5028142589117,1448.0356472795497,1891.3001876172607,2891.251407129456,3962.581613508443,2629.37148217636,3268.831144465291,3399.217636022514,3338.519699812383,4621.110694183865,3594.1181988742965,2516.669793621013,4320.930581613508,5333.227016885554,2944.2720450281427,2284.183864915572,3559.534709193246,5434.414634146341,6053.1744840525325,5204.279549718574,3960.3039399624768,3018.2851782363978,3317.332082551595,5466.412757973733,7646.454033771107,5062.337711069418,3582.968105065666,5723.833020637899,9361.472795497186,6163.395872420263,3631.424015009381,2159.4446529080674,1923.0825515947467,2172.4484052532835,3377.142589118199,3526.060037523452,3585.0562851782365,4629.288930581613,7040.583489681051,4756.587242026267,2772.377110694184,2062.330206378987,1528.311444652908,1350.0393996247656,1670.3827392120074,1654.18574108818,2100.140712945591,3302.1031894934335,3516.40712945591,2114.3827392120074,1788.1913696060037,1832.5872420262665,1796.966228893058,1474.1313320825516,1836.2176360225142,2499.6116322701687,3724.5403377110692,2803.9099437148216,2405.8330206378987,2407.8818011257035,1798.8330206378987,1522.4409005628518,1765.3677298311445,2519.279549718574,2508.1951219512193,1615.4352720450281,1654.624765478424,1563.8348968105065,1934.076923076923,1485.7110694183864,1579.844277673546,1582.4015009380862,2273.418386491557,2649.9943714821766,2356.934333958724,1863.9981238273922,1540.7579737335834,1406.3208255159475,1609.4202626641652,1511.5891181988743,1600.639774859287,2000.4465290806754,1884.8724202626643,1496.891181988743,1554.515947467167,1354.4934333958724,1648.9118198874296,2250.7673545966227,3582.2251407129456,2481.889305816135,1674.0093808630395,1578.0187617260788,1506.9493433395871,1414.8667917448406,1711.0675422138836,1400.8986866791745,1513.1425891181989,1695.7298311444654,2409.812382739212,2631.7260787992495,2275.5966228893058,1545.827392120075,1773.8818011257035,2313.3395872420265,2666.722326454034,1691.3039399624765,1520.1951219512196,1452.5834896810507,2123.846153846154,1717.5891181988743,1489.8836772983113,1481.0318949343339,1712.5834896810507,1987.2926829268292,2364.1013133208257,1637.013133208255,1722.033771106942,2154.4427767354596,2327.358348968105,1385.718574108818,1399.2082551594747,1180.5028142589117,1316.9268292682927,1257.1013133208255,1462.3789868667918,1424.6791744840525,1960.6378986866791,2980.230769230769,2472.763602251407,1307.1463414634147,1327.1782363977486,1353.906191369606,1684.5891181988743,1261.6153846153845,1464.5084427767354,1163.8236397748592,1459.9455909943715,1328.266416510319,1272.6679174484052,1260.7148217636022,1370.343339587242,1378.5497185741087,1961.2701688555346,2365.386491557223,1817.9155722326454,1655.5084427767354,2690.7936210131334,2641.2589118198875,1564.5065666041276,1425.140712945591,1647.9287054409006,1566.7242026266417,1542.8930581613508,1238.296435272045,1566.5515947467168,1960.641651031895,2507.3658536585367,2909.6529080675423,2101.8517823639777,1434.0150093808631,1626.2157598499061,1687.5853658536585,2313.3883677298313,1746.3864915572233,1800.3771106941838,1767.923076923077,2342.7148217636022,1695.4484052532832,1670.5497185741087,1994.4971857410883,2213.2138836772983,1419.4033771106942,1487.5347091932458,1745.7992495309568,3018.40712945591,3838.013133208255,2226.812382739212,1772.594746716698,1948.8949343339586,1476.1200750469043,1557.0281425891183,1642.8011257035648,1827.6491557223264,1514.5872420262665,1515.4577861163227,1348.4878048780488,1917.0600375234521,2856.217636022514,2466.2288930581612,1386.202626641651,1466.7711069418388,1306.9174484052533,1380.9643527204503,1452.544090056285,1688.514071294559,1425.2851782363978,2023.5422138836773,1865.0956848030019,1770.5797373358348,1285.6679174484052,1281.1613508442776,1128.0487804878048,1302.8030018761726,1238.8161350844277,1529.2457786116322,1766.030018761726,1969.3489681050658,1442.4127579737335,1374.5196998123827,1249.2870544090056,1540.969981238274,1631.9324577861164,1752.1013133208255,1759.0431519699812,2333.7279549718573,2077.673545966229,1502.705440900563,1441.219512195122,1721.7204502814259,1937.168855534709,2116.377110694184,2025.294559099437,2416.8067542213885,1914.9906191369605,1766.7016885553471,1420.0281425891183,1661.8480300187616,1767.108818011257,1832.2007504690432,1409.1425891181989,1669.06191369606,1819.452157598499,2817.8086303939963,4337.846153846154,4698.55722326454,1812.1613508442776,1577.5234521575985,1607.168855534709,1455.6979362101313,1133.6135084427767,1395.2045028142588,1246.6791744840525,1351.4446529080676,1506.2439024390244,1517.2157598499061,1223.3696060037523,1417.1425891181989,1278.0,1408.7879924953095,1285.0281425891183,1540.0581613508443,1433.4352720450281,1622.9155722326454,1948.7392120075046,2612.3414634146343,1850.3020637898687,1330.3339587242026,1184.0018761726078,1394.688555347092,1341.2551594746717,1885.9812382739212,1667.2251407129456,1596.8930581613508,1225.5797373358348,1568.7073170731708,1677.499061913696,1595.6378986866791,1206.9962476547842,1308.5215759849907,1189.0750469043153,1253.2288930581612,1196.3977485928706,1390.3001876172607,1302.874296435272,1536.4971857410883,1480.607879924953,1568.5853658536585,1410.4765478424015,1426.3508442776736,1382.7842401500939,1723.889305816135,2485.065666041276,2153.1369606003755,1213.6266416510318,1356.8217636022514,1250.3733583489682,1261.484052532833,1203.6210131332082,1432.3564727954972,1545.0675422138836,2473.121951219512,2362.846153846154,1984.110694183865,1517.8705440900562,1763.1519699812384,1686.311444652908,1659.4896810506566,1809.6791744840525,2623.499061913696,3120.326454033771,2367.7861163227017,1743.607879924953,2192.9831144465293,2474.045028142589,2773.330206378987,1934.28330206379,2120.703564727955,3494.6491557223267,4100.1744840525325,1951.3789868667918,1570.232645403377,1383.1500938086303,1484.264540337711,1414.3939962476547,1662.0844277673546,1376.9568480300188,1511.3996247654784,1528.0487804878048,2179.0844277673546,3321.8536585365855,5041.936210131332,3211.251407129456,2285.831144465291,1999.6529080675423,2508.0506566604126,1859.6266416510318,2406.669793621013,2812.2251407129456,1831.7110694183864,1496.1538461538462,1943.986866791745,2398.170731707317,2765.108818011257,1793.923076923077,1875.9418386491557,2400.9099437148216,4303.322701688556,6616.821763602252,4501.296435272045,3285.1369606003755,2881.1163227016887,2538.121951219512,2019.7579737335834,1633.639774859287,2054.4634146341464,2758.7729831144466,5365.198874296435,4974.8067542213885,2344.0919324577862,1640.3864915572233,2103.0544090056287,2898.326454033771,4294.532833020638,2366.1913696060037,2117.0506566604126,2558.1632270168857,3828.4634146341464,2367.9305816135084,1710.733583489681,1387.1782363977486,1524.4446529080676,1603.6960600375235,2225.0393996247653,3088.722326454034,5067.684803001876,4583.868667917448,5627.844277673546,7277.549718574109,3659.756097560976,2465.392120075047,3706.296435272045,5896.435272045028,5992.470919324578,3239.5909943714823,2532.8536585365855,3483.4502814258913,6812.812382739212,7917.75234521576,3047.204502814259,1685.4934333958724,1748.2232645403378,1818.2063789868669,1841.2926829268292,1413.8461538461538,1486.7298311444654,1499.889305816135,1971.2551594746717,1991.6754221388367,3032.2195121951218,3869.405253283302,4863.5891181988745,3530.1463414634145,4720.951219512195,7490.688555347092,5815.939962476547,6204.129455909943,4662.682926829269,2918.1857410881803,3243.6022514071296,3594.0562851782365,2157.1632270168857,1570.8667917448406,1672.1951219512196,2231.720450281426,2556.4315196998123,1963.2682926829268,2169.0731707317073,2026.3958724202628,2686.0637898686678,4688.590994371482,7696.842401500938,3656.579737335835,2083.424015009381,1937.3808630393996,1777.5215759849907,1849.3714821763601,2659.6378986866794,4690.253283302064,8151.25703564728,6629.317073170731,8679.497185741087,5292.2120075046905,4707.302063789869,6273.427767354597,4419.12382739212,2464.8142589118197,1937.765478424015,1865.7129455909944,2323.7673545966227,3609.0168855534707,6387.971857410882,6909.095684803002,6226.75234521576,5551.846153846154,5883.971857410882,2803.4896810506566,2757.3527204502816,3064.1594746716696,2424.015009380863,1684.0581613508443,1610.9343339587242,1602.9981238273922,1870.2101313320825,2433.170731707317,3909.2851782363978,3193.9099437148216,4910.75234521576,4612.564727954972,6123.086303939963,7748.40712945591,11368.771106941838,19968.63789868668,14552.744840525329,4692.696060037523,2719.4409005628518,2699.2420262664164,4747.0994371482175,4802.735459662289,5911.932457786116,10223.086303939963,7705.2026266416515,3362.4409005628518,1856.986866791745,1618.7598499061914,2154.6529080675423,3045.326454033771,4914.037523452158,4996.467166979362,6244.735459662289,3462.8986866791743,1881.2870544090056,1600.827392120075,1648.8836772983113,1578.3864915572233,1912.4108818011257,2370.1332082551594,3605.769230769231,7192.529080675422,5908.378986866792,2477.5178236397746,2215.6454033771106,2619.5497185741087,4528.9005628517825,4505.103189493433,7647.298311444653,6297.818011257035,4188.390243902439,2017.767354596623,1780.8818011257035,1903.0506566604129,2149.6848030018764,2317.4784240150093,4000.1500938086306,7919.545966228893,6396.756097560976,2575.22138836773,1981.7992495309568,1746.7898686679175,2438.6491557223267,2242.439024390244,1736.0262664165102,1688.4033771106942,2306.547842401501,2164.87617260788,2345.4409005628518,2835.43339587242,2973.243902439024,3293.527204502814,6546.5609756097565,10144.253283302063,6157.969981238274,7715.022514071295,6221.022514071295,2563.1988742964354,2152.9287054409006,1803.8968105065667,2161.8536585365855,1535.9437148217637,1602.5853658536585,1590.8724202626643,1660.1763602251408,1708.6529080675423,2492.885553470919,4315.489681050657,8855.934333958725,5836.4577861163225,3041.729831144465,1787.810506566604,1584.0431519699812,1370.2082551594747,1360.1838649155723,1391.6454033771106,1482.4596622889305,1375.439024390244,1682.9624765478425,2144.12382739212,2979.3677298311445,5633.776735459663,6162.941838649156,2476.375234521576,2113.842401500938,1995.28330206379,2016.0844277673546,1557.1613508442776,1721.733583489681,1658.219512195122,1585.6135084427767,1519.8255159474672,2355.337711069418,2933.202626641651,5905.924953095685,3451.624765478424,1792.0712945590994,1443.7016885553471,1502.1969981238274,1382.5253283302063,1505.514071294559,1421.6622889305816,1529.8367729831145,1457.4127579737335,1810.65478424015,2163.3358348968104,4128.465290806755,4082.756097560976,2173.5572232645404,2016.6904315196998,2161.9455909943713,1700.392120075047,1739.1519699812384,1475.7073170731708,1562.688555347092,1602.1801125703564,2011.264540337711,2674.1651031894935,4075.763602251407,9130.52157598499,15925.200750469043,11299.98311444653,5621.228893058162,3271.3958724202625,2364.8367729831143,1569.810506566604,1474.3939962476547,1246.5703564727955,1400.4502814258913,1211.1651031894935,1288.110694183865,1136.6660412757974,1286.2382739212007,1171.3846153846155,1324.343339587242,1382.953095684803,1709.2401500938086,1511.0037523452158,1655.9981238273922,1737.1782363977486,1473.2626641651032,1363.2101313320825,1479.3864915572233,1245.4183864915572,1491.3996247654784,1843.1013133208255,2744.4090056285177,1640.3208255159475,1454.4934333958724,1377.2401500938086,1933.6960600375235,2059.9624765478425,2255.5534709193244,1751.5684803001877,1590.5347091932458,1363.0731707317073,1763.0750469043153,1285.5196998123827,1571.7260787992495,2118.8273921200753,3923.8986866791743,3206.656660412758,1940.2570356472795,1315.1651031894935,1362.7317073170732,1400.844277673546,1620.5891181988743,1240.5347091932458,1329.7091932457786,1371.2720450281427,2047.1801125703564,3569.872420262664,2733.4296435272045,2681.846153846154,2831.9362101313322,1799.2551594746717,1780.5178236397749,1568.3733583489682,1515.9549718574108,1292.4277673545967,1444.9774859287054,1345.6191369606004,1716.9962476547842,1908.1031894934333,1809.5290806754222,1543.046904315197,2005.750469043152,2411.4409005628518,2872.6041275797375,2832.56660412758,2635.5984990619136,1849.6754221388367,1544.046904315197,1399.797373358349,1553.0150093808631,1564.0412757973734,1600.3808630393996,1416.2213883677298,1586.5834896810507,1856.409005628518,2605.2532833020637,2943.71669793621,2039.874296435272,2235.5834896810507,2723.7861163227017,2436.688555347092,2282.046904315197,1890.4427767354596,2444.3696060037523,2960.0900562851784,3546.939962476548,3324.8667917448406,2555.7579737335836,1840.686679174484,2196.1013133208257,3244.7898686679173,3221.378986866792,2605.279549718574,2423.823639774859,1769.5534709193246,1965.4146341463415,1559.5684803001877,1852.8536585365853,1992.5084427767354,2607.6772983114447,2307.487804878049,2069.313320825516,2220.2607879924954,1918.0412757973734,1673.063789868668,2192.512195121951,2720.8030018761724,2164.277673545966,1788.7879924953095,1612.9756097560976,1542.983114446529,1911.8517823639775,1672.9399624765479,2401.2420262664164,3096.4033771106942,2140.183864915572,1662.7579737335834,2275.6979362101315,2758.4746716697937,2339.5572232645404,2881.984990619137,5030.279549718574,4207.885553470919,2642.675422138837,2367.4634146341464,2117.5572232645404,2028.0,2194.6060037523453,1974.9437148217637,2390.37148217636,1639.9962476547842,1791.71669793621,1927.1425891181989,1852.5816135084428,2131.4484052532835,3020.87617260788,1966.3095684803002,1743.4784240150093,1960.9849906191369,2648.722326454034,3219.733583489681,5272.1369606003755,7610.848030018762,5711.870544090057,3420.356472795497,2570.1782363977486,3144.979362101313,5804.0337711069415,8174.943714821764,4042.424015009381,2458.7129455909944,2948.9362101313322,4662.555347091932,5211.66416510319,4535.384615384615,2284.737335834897,1791.8236397748592,1825.6454033771106,1462.2701688555346,2110.155722326454,2127.8217636022514,4188.782363977486,3039.375234521576,2015.671669793621,1787.8198874296436,1954.6341463414635,2613.7711069418388,3504.405253283302,3819.921200750469,5569.735459662289,6873.56660412758,9123.067542213883,9461.341463414634,5672.114446529081,7499.679174484053,11579.08818011257,6504.784240150094,4490.697936210131,5353.45966228893,3565.290806754221,3775.3470919324577,3202.2889305816134,2780.3958724202625,4890.0337711069415,7971.153846153846,4635.120075046904,3949.001876172608,7713.0806754221385,10074.949343339587,4324.699812382739,2643.810506566604,3075.6848030018764,4139.302063789869,9822.851782363978,12024.861163227017,5796.121951219512,5918.196998123827,8475.425891181989,5057.200750469043,3751.575984990619,4079.8367729831143,4280.395872420263,3973.135084427767,2566.249530956848,2279.3996247654786,3908.3470919324577,3913.2757973733583,3980.737335834897,2598.358348968105,2086.02626641651,2446.075046904315,2251.763602251407,1668.138836772983,1866.936210131332,2390.9606003752347,4864.075046904315,4020.236397748593,2225.3658536585367,1613.0431519699812,1542.983114446529,1600.7091932457786,2313.2420262664164,3493.891181988743,5543.1369606003755,2722.176360225141,2416.924953095685,3113.392120075047,5320.43339587242,11532.61163227017,8404.71669793621,3991.9268292682927,2561.078799249531,1888.5178236397749,2331.5234521575985,2614.328330206379,2125.7748592870544,1881.2851782363978,2106.3808630393996,2460.356472795497,3180.0694183864916,2063.7917448405256,1773.9606003752344,1713.6491557223264,1789.2138836772983,2042.2120075046905,1851.6604127579737,1665.1200750469043,1746.6003752345216,1755.168855534709,1672.983114446529,1503.861163227017,1739.2926829268292,1592.6360225140713,1536.7767354596622,1507.6378986866791,2516.6341463414633,2983.1726078799247,4328.677298311444,2388.7279549718573,1698.4934333958724,1450.906191369606,1707.607879924953,1427.7767354596622,1573.1932457786115,1716.3658536585365,3274.3508442776733,3638.729831144465,2230.6960600375232,2009.7279549718573,3506.108818011257,8984.33583489681,6640.484052532833,2758.6585365853657,1975.1238273921201,1617.0506566604129,1600.3208255159475,1495.3939962476547,1440.8367729831145,1453.7410881801127,1715.0712945590994,2420.3958724202625,2226.223264540338,1572.718574108818,1537.3508442776736,1551.4015009380862,1701.8799249530957,1506.4746716697937,2285.9943714821766,2047.8461538461538,2838.2757973733583,5310.046904315197,7272.81425891182,3279.577861163227,2166.1726078799247,1780.7692307692307,1684.906191369606,1473.3076923076924,2028.3846153846155,2269.795497185741,3515.720450281426,3376.0525328330205,2087.0562851782365,1590.3977485928706,1451.560975609756,1236.8011257035648,1327.2232645403378,1190.0093808630395,1324.8067542213885,1414.0112570356473,1903.499061913696,1316.8949343339586,1229.3302063789868,1065.6303939962477,1152.9887429643527,1069.3189493433397,1178.4652908067542,1108.7898686679175,1337.7954971857412,1311.7073170731708,2090.048780487805,2896.9437148217635,7808.5609756097565,10336.273921200751,5448.575984990619,3139.095684803002,2040.9399624765479,1409.0112570356473,1413.6791744840525,1528.2138836772983,1546.6679174484052,1212.5572232645404,1329.1613508442776,1166.4427767354596,1304.0900562851782,1687.2101313320825,2735.776735459662,2286.9099437148216,1770.514071294559,1453.6829268292684,1513.923076923077,1273.7579737335834,1331.6735459662289,1263.4615384615386,1466.2776735459663,1402.7560975609756,1585.1238273921201,1376.1425891181989,1590.7579737335834,1796.8461538461538,2100.1163227016887,2234.4427767354596,2490.439024390244,1654.9474671669793,1567.515947467167,1320.7898686679175,1386.5253283302063,1359.3827392120074,1826.2101313320825,2262.1313320825516,1821.891181988743,1398.2870544090056,1438.5834896810507,1416.4165103189493,1427.8499061913697,1172.7148217636022,1165.1369606003752,1333.1669793621013,1419.8067542213885,1312.9962476547842,1790.296435272045,1517.1613508442776,1586.2908067542214,1769.4165103189493,1657.6772983114447,1513.8424015009382,1623.0225140712946,1524.3151969981238,1826.6341463414635,1612.7129455909944,2228.075046904315,1736.1031894934333,1463.5121951219512,1347.7861163227017,1880.0112570356473,1244.4746716697937,1415.0506566604129,1283.8968105065667,1473.3789868667918,1520.0994371482177,1619.0412757973734,1483.4709193245778,1534.9099437148218,1287.5365853658536,1381.1913696060037,1459.9774859287054,1542.6266416510318,1253.253283302064,1386.2983114446529,1657.187617260788,1778.8574108818011,2151.28330206379,1909.4352720450281,1670.3789868667918,1586.590994371482,1399.9493433395871,1559.3208255159475,1410.202626641651,1530.4296435272045,1315.8386491557224,1431.4502814258913,1503.3771106941838,1520.1444652908067,1306.9305816135084,1440.8686679174484,1344.7936210131331,1834.1350844277674,1347.2682926829268,1593.1069418386492,1742.4315196998123,2161.6585365853657,1603.1819887429644,1729.8499061913697,2070.127579737336,3935.8705440900562,3376.251407129456,4642.022514071295,3058.579737335835,2374.6060037523453,1783.076923076923,1586.4258911819888,1471.9418386491557,1611.1482176360225,1294.341463414634,1378.1951219512196,1242.641651031895,1427.8499061913697,1445.8968105065667,2091.8030018761724,2919.0694183864916,2882.971857410882,3726.3696060037523,3670.110694183865,2305.6791744840525,2008.7711069418388,1841.859287054409,2217.437148217636,3451.4465290806756,3225.4090056285177,1914.8386491557224,1758.2739212007505,1468.6960600375235,1568.6923076923076,1684.0093808630395,1636.53095684803,1460.5853658536585,1585.703564727955,1445.341463414634,1701.0487804878048,2076.4615384615386,3526.859287054409,6389.191369606004,5233.8536585365855,3252.3621013133206,3022.934333958724,2281.5234521575985,1886.891181988743,1686.091932457786,1968.0900562851782,1822.2232645403378,1899.0075046904315,2778.0975609756097,5126.071294559099,3016.013133208255,2299.9493433395874,2477.906191369606,3166.512195121951,2991.857410881801,2391.1444652908067,2901.919324577861,5640.908067542214,3287.3151969981236,2792.56660412758,3535.8367729831143,6780.729831144466,11742.596622889307,6759.921200750469,3589.91181988743,2749.9455909943713,2549.6172607879926,2456.718574108818,2294.7898686679173,2301.6303939962477,2809.8480300187616,6394.93808630394,4918.864915572232,4351.77861163227,5408.545966228893,3634.669793621013,2493.519699812383,2454.470919324578,3634.2607879924954,6311.941838649156,5739.095684803002,3419.624765478424,2385.2757973733583,1950.5121951219512,1676.3771106941838,2200.375234521576,3954.8048780487807,4238.641651031895,3867.2101313320827,6166.831144465291,4922.75234521576,4007.110694183865,5027.281425891182,10048.187617260788,11596.669793621013,7638.063789868668,5723.448405253283,3513.46904315197,2372.467166979362,2017.1200750469043,1777.409005628518,2178.810506566604,1859.1932457786115,2008.6341463414635,2922.1388367729833,2366.6191369606004,1786.1988742964352,1790.3208255159475,1657.93808630394,2121.669793621013,2536.8367729831143,2651.1200750469043,2500.6341463414633,2941.748592870544,5478.2307692307695,17040.450281425892,24500.135084427766,13216.20262664165,8126.0806754221385,6456.478424015009,7644.251407129456,10966.956848030019,7085.356472795497,8028.067542213884,5588.142589118199,4885.245778611632,4362.943714821764,3379.2589118198875,2442.9024390243903,2253.2082551594744,2165.1669793621013,3471.168855534709,2849.2870544090056,3453.889305816135,4865.138836772983,4058.831144465291,2991.7579737335836,2272.3846153846152,1748.500938086304,1799.8461538461538,1740.2213883677298,2039.6848030018762,1912.5984990619138,2263.020637898687,3724.594746716698,3410.4146341463415,3162.332082551595,3412.784240150094,2555.797373358349,3492.1163227016887,3382.3527204502816,2460.6979362101315,1957.1632270168855,2404.0581613508443,1978.9287054409006,3562.326454033771,9620.879924953095,8001.005628517823,4245.686679174484,2906.639774859287,2380.5909943714823,2857.1519699812384,2415.5684803001877,2176.1125703564726,1986.5590994371482,2929.487804878049,2558.91181988743,2713.919324577861,2447.5722326454033,2470.3189493433397,3158.7279549718573,7396.795497185741,13682.767354596623,10349.465290806755,11707.690431519699,6313.121951219512,3941.613508442777,2945.9268292682927,2149.93808630394,1895.763602251407,1718.6228893058162,1848.861163227017,1867.9737335834898,2153.6923076923076,2149.636022514071,2734.243902439024,2149.1726078799247,2668.701688555347,3149.8142589118197,2487.624765478424,1949.4971857410883,1837.4352720450281,1809.9587242026266,2220.9474671669795,2731.4146341463415,4715.906191369606,11097.572232645403,9163.369606003753,4724.198874296435,3890.0056285178234,4703.144465290807,3583.0037523452156,2482.060037523452,2546.268292682927,3121.2926829268295,2666.065666041276,3258.0712945590994,6512.189493433396,10209.302063789868,6620.1369606003755,3655.0994371482175,2694.799249530957,2362.534709193246,2177.889305816135,1663.311444652908,1696.2251407129456,1450.033771106942,1915.0900562851782,1452.0900562851782,1923.2889305816136,2077.7429643527203,2024.0600375234521,2637.420262664165,2381.0506566604126,1918.4540337711069,2371.0393996247653,2202.951219512195,2155.174484052533,2681.0431519699814,2633.904315196998,1904.3039399624765,2022.9455909943715,2287.8611632270167,4187.018761726079,9143.776735459662,6418.8255159474675,5584.776735459663,3827.9699812382737,3099.7748592870544,2536.0093808630395,1856.2157598499061,1801.6060037523453,1854.5872420262665,1962.4484052532832,2065.769230769231,3692.750469043152,9549.772983114446,7239.482176360225,4651.178236397748,4135.765478424015,3798.1782363977486,6938.613508442777,6302.238273921201,7624.054409005628,18102.120075046903,15355.48592870544,8790.476547842401,6886.707317073171,4433.384615384615,3830.3527204502816,4615.679174484053,4024.8142589118197,2789.2120075046905,2758.110694183865,3820.298311444653,7592.924953095685,7313.579737335835,4389.891181988743,3192.1969981238276,3017.0919324577862,4437.360225140713,8675.754221388368,6215.440900562852,5782.998123827392,4116.050656660413,3241.3339587242026,3009.609756097561,4840.397748592871,10080.91181988743,12362.98311444653,13542.181988742965,9119.776735459662,5459.153846153846,4068.8499061913694,2965.8705440900562,3070.512195121951,3605.317073170732,2670.375234521576,2341.377110694184,2614.795497185741,2546.2195121951218,2084.636022514071,1784.168855534709,1826.5984990619138,1474.6172607879926,1620.8330206378987,1949.844277673546,2693.857410881801,3606.268292682927,6668.322701688556,10524.228893058162,19278.1669793621,11944.986866791745,8435.23076923077,9676.243902439024,7429.9193245778615,8230.943714821764,13311.975609756097,7605.917448405254,4956.896810506567,3486.4615384615386,2865.667917448405,2128.893058161351,2320.3827392120074,1729.7429643527205,1882.2420262664166,2570.3208255159475,6771.645403377111,18567.844277673546,13503.223264540338,8470.78799249531,6049.977485928705,4485.667917448405,4446.414634146341,6807.225140712945,19142.43339587242,36200.0712945591,21553.846153846152,13282.041275797374,10932.735459662288,7155.031894934334,5699.5234521575985,5999.373358348968,4447.793621013133,4726.651031894934,4312.091932457786,3300.215759849906,3041.2195121951218,2478.7467166979363,2846.0056285178234,3219.5703564727955,3061.43339587242,4523.227016885554,14274.165103189493,30660.07879924953,20639.298311444654,12149.234521575985,8109.870544090057,6411.94746716698,8576.889305816136,16190.735459662288,21562.06191369606,18196.86116322702,17514.696060037524,14905.15009380863,9883.112570356472,8236.378986866792,7544.795497185741,5022.4577861163225,3272.59287054409,2616.9756097560976,2316.8273921200753,1988.4015009380862,2166.110694183865,2636.0863039399624,3200.1200750469043,4586.898686679175,3517.667917448405,2582.6998123827393,2293.1181988742965,2128.013133208255,2225.262664165103,1948.138836772983,2455.425891181989,2724.330206378987,2326.1388367729833,1843.8255159474672,2266.7260787992495,2507.981238273921,4117.692307692308,5805.444652908068,4577.7692307692305,3854.842401500938,6916.720450281426,9419.76923076923,9692.649155722327,11140.96435272045,7075.908067542214,7871.465290806755,18060.52157598499,15424.821763602251,14460.011257035647,11509.667917448405,7119.596622889306,5307.195121951219,4458.574108818011,3501.6923076923076,3156.373358348968,3060.765478424015,3142.5365853658536,2536.9174484052533,2701.3508442776733,3196.1500938086306,4754.24765478424,8831.651031894935,18124.395872420264,20083.93808630394,12607.613508442777,7919.326454033771,7670.110694183865,10591.943714821764,9460.373358348968,6210.8255159474675,5761.076923076923,4392.296435272045,3693.1969981238276,3521.831144465291,2781.140712945591,2055.512195121951,1927.1913696060037,1705.8517823639775,1782.4409005628518,1526.8836772983113,1797.5103189493434,2788.5534709193244,6030.1651031894935,17873.127579737335,18828.97185741088,11527.984990619138,8043.750469043152,6192.373358348968,6314.771106941838,5233.694183864915,4094.921200750469,3656.529080675422,3632.264540337711,3266.4427767354596,4292.302063789869,4512.024390243902,3213.5853658536585,3205.176360225141,6374.84052532833,4333.883677298311,3034.953095684803,2220.8048780487807,2344.3508442776733,2804.06191369606,2868.157598499062,2429.506566604128,2920.799249530957,3540.718574108818,3261.2138836772983,4937.767354596623,15280.667917448405,14427.405253283303,9390.632270168855,10489.043151969981,9291.409005628519,6812.810506566604,8123.763602251407,6535.574108818011,4128.015009380863,2819.686679174484,2486.968105065666,1955.1669793621013,2154.844277673546,2632.7429643527203,2669.1857410881803,2273.0168855534707,2136.135084427767,1867.7692307692307,1885.1031894934333,2159.594746716698,2887.919324577861,1888.9737335834898,1760.9268292682927,1493.3789868667918,1488.4878048780488,1609.0412757973734,1850.639774859287,1773.9099437148218,2038.5684803001877,1667.3527204502814,1706.733583489681,1701.6697936210132,2168.7054409005627,2239.9943714821766,2145.1294559099438,2808.8198874296436,4772.058161350844,4315.908067542214,3184.782363977486,2307.8686679174484,1936.5834896810507,1668.0206378986866,1797.3039399624765,1613.7823639774858,1775.266416510319,1706.9099437148218,1719.703564727955,2303.733583489681,2939.6191369606004,5363.315196998124,5813.949343339587,3952.223264540338,4452.829268292683,8105.06191369606,7933.1369606003755,5805.371482176361,5023.322701688556,6706.007504690431,6302.0994371482175,5308.44277673546,5685.191369606004,4530.228893058162,3651.626641651032,5174.962476547842,5543.759849906191,7498.180112570357,12426.253283302063,8102.594746716698,6267.960600375234,6654.656660412758,5242.928705440901,4320.17636022514,3226.1313320825516,2295.3189493433397,2149.493433395872,2321.8011257035646,4628.694183864915,5918.799249530957,5270.078799249531,4190.200750469043,3016.9362101313322,2460.277673545966,3129.951219512195,2797.733583489681,2819.6848030018764,2133.0900562851784,2018.5196998123827,2436.709193245779,5406.422138836773,5231.0994371482175,3921.470919324578,2922.281425891182,3269.3001876172607,4002.5215759849907,4803.810506566604,6366.088180112571,10590.339587242026,6838.658536585366,6593.553470919324,8921.472795497186,10676.463414634147,9725.410881801126,14740.082551594747,9487.240150093809,6021.55722326454,4588.1463414634145,3577.3414634146343,2416.731707317073,1914.765478424015,1472.9512195121952,1429.0037523452158,1305.234521575985,1657.0375234521575,2777.65478424015,4219.444652908068,3084.3058161350846,2871.954971857411,2890.7523452157598,4141.440900562852,12806.756097560976,20672.243902439026,12761.93058161351,9621.172607879926,9313.030018761727,13351.763602251407,9052.204502814258,6069.02626641651,5905.465290806755,4394.669793621013,3165.71669793621,2959.4953095684805,5603.206378986867,12962.844277673546,13236.264540337712,8108.151969981238,5123.474671669794,4099.007504690431,4087.2401500938086,3886.5872420262663,3344.108818011257,5784.923076923077,8169.887429643527,12835.89493433396,11871.921200750468,25647.157598499063,31441.275797373357,20507.219512195123,15508.55722326454,23179.67166979362,19788.93058161351,13862.722326454033,9185.337711069418,6768.774859287055,5319.1838649155725,4162.93808630394,2920.1669793621013,2630.140712945591,3501.5440900562853,9241.46904315197,14586.354596622888,10042.09756097561,8788.277673545967,19735.016885553472,23931.932457786115,15746.677298311444,11085.12382739212,11998.484052532833,18274.33583489681,21631.915572232647,30351.348968105067,20051.17448405253,12061.090056285178,7953.240150093809,5508.917448405254,4044.968105065666,3647.622889305816,4292.851782363978,3060.28330206379,2482.3808630393996,2034.3789868667918,2449.6041275797375,3062.313320825516,5142.0,16094.878048780487,19085.418386491558,11755.296435272045,8970.296435272045,7642.360225140713,5678.677298311444,3921.506566604128,3132.279549718574,3241.1669793621013,9506.825515947467,16997.86679174484,11166.887429643528,10573.962476547842,11660.581613508442,8981.213883677297,15538.243902439024,15458.889305816136,9622.129455909944,5974.992495309569,4241.112570356473,3599.34521575985,2994.6810506566603,2065.9099437148216,1801.0431519699812,1561.8724202626643,1526.594746716698,1511.562851782364,1604.5572232645404,1874.2739212007505,2296.2101313320827,1808.4165103189493,2305.763602251407,2050.97373358349,2034.5553470919324,2208.6322701688555,2330.1500938086306,2262.9362101313322,2028.9624765478425,1663.9493433395871,1845.9793621013134,1737.8461538461538,1853.5497185741087,1550.3395872420263,1458.9624765478425,1481.7148217636022,1568.8217636022514,2273.954971857411,4370.547842401501,4589.18574108818,5806.979362101313,12083.33583489681,9149.651031894935,6264.551594746717,5815.870544090057,6288.454033771107,4668.883677298311,3358.183864915572,2935.249530956848,2476.9756097560976,2769.7729831144466,3542.874296435272,6982.328330206379,13615.609756097561,9777.756097560976,6227.731707317073,5151.373358348968,7803.66416510319,11435.643527204504,15831.166979362102,15849.367729831145,16225.88555347092,10137.570356472796,6768.069418386492,5716.4108818011255,4501.037523452158,3210.183864915572,2476.4634146341464,2367.6772983114447,2631.3996247654786,6526.658536585366,6848.4765478424015,7053.474671669794,7612.245778611632,6861.590994371482,5069.358348968105,4463.071294559099,3508.5834896810507,2783.506566604128,2423.1482176360223,2462.59287054409,2419.3076923076924,4043.514071294559,11145.973733583489,10151.793621013134,7196.399624765479,6927.964352720451,11898.767354596623,26653.651031894933,20369.457786116323,12851.53095684803,8709.31894934334,6507.311444652908,5107.81425891182,5916.129455909943,17166.834896810506,29807.386491557223,23511.348968105067,15900.01688555347,10410.66416510319,7674.675422138836,7133.043151969981,14826.405253283303,16301.330206378987,18442.07879924953,28783.303939962476,20939.347091932457,17300.579737335836,27353.696060037524,21966.048780487807,13820.258911819887,8849.491557223264,6131.898686679175,4621.264540337711,3404.7110694183866,2448.675422138837,2663.6191369606004,3858.2457786116324,9404.377110694184,20600.97373358349,14757.52157598499,9233.962476547842,7195.121951219512,6103.87617260788,4472.575984990619,3086.1463414634145,2791.12382739212,4594.983114446529,6928.138836772983,16751.812382739212,28898.135084427766,26290.729831144465,16026.086303939963,10744.037523452158,10215.731707317073,7464.065666041276,4910.287054409006,3737.6641651031896,3467.8836772983113,4002.234521575985,6730.378986866792,5406.399624765479,3914.3996247654786,3027.189493433396,3372.919324577861,9681.302063789868,13479.136960600375,11386.365853658537,7902.210131332083,5448.345215759849,5304.7973733583485,3859.110694183865,3052.1594746716696,2617.669793621013,2579.9418386491557,3721.0825515947467,12058.339587242026,12202.393996247654,7806.078799249531,5509.484052532833,5480.412757973733,9604.579737335835,22614.60037523452,22438.48780487805,14199.59287054409,9429.37148217636,6491.013133208256,4549.2307692307695,3747.532833020638,4984.84052532833,5436.302063789869,7456.677298311444,13439.191369606004,9085.12382739212,6936.153846153846,6326.142589118199,4802.108818011257,3321.0712945590994,2919.493433395872,2736.5178236397746,2579.5534709193244,2268.6772983114447,3583.889305816135,8876.626641651032,13900.941838649156,9773.525328330206,8268.632270168855,5404.731707317073,3881.874296435272,3004.709193245779,2645.5440900562853,2414.6585365853657,5288.056285178236,17411.99812382739,25079.046904315197,17493.979362101312,10719.575984990619,6918.59287054409,4941.489681050657,3464.7392120075046,2703.9643527204503,2418.7673545966227,3189.662288930582,2863.3358348968104,3256.075046904315,3708.4821763602254,7659.294559099437,19117.60037523452,22318.262664165104,18234.939962476546,15333.656660412758,20023.572232645405,14323.384615384615,8698.921200750468,5952.906191369606,4485.120075046904,3689.519699812383,3223.2120075046905,3086.8367729831143,4472.384615384615,4550.382739212007,3627.6041275797375,5014.232645403377,11664.258911819887,8950.339587242026,5738.893058161351,5572.273921200751,7681.279549718574,6123.656660412758,7441.249530956848,14180.180112570357,10294.791744840526,6874.324577861164,4708.8348968105065,4875.1369606003755,13387.191369606004,16056.525328330206,10819.384615384615,7251.842401500938,5259.275797373359,5335.643527204503,7270.0337711069415,7839.7692307692305,5351.969981238274,4738.0337711069415,3180.624765478424,2710.3508442776733,2754.5909943714823,2398.3883677298313,2185.9474671669795,1959.9887429643527,1607.0075046904315,1505.908067542214,1654.281425891182,2153.4596622889308,1758.656660412758,1704.0694183864916,1433.484052532833,1912.9718574108817,3829.9155722326454,4413.733583489681,3986.0694183864916,5856.606003752345,5183.311444652908,6183.452157598499,12176.046904315197,9074.666041275797,5982.3808630394,4876.574108818011,10371.515947467167,12688.193245778612,7647.572232645403,5014.371482176361,3795.577861163227,4507.726078799249,4632.879924953096,3769.688555347092,5000.551594746717,14151.523452157599,11442.427767354597,7823.960600375234,7230.178236397748,14928.529080675422,12117.515947467167,7661.859287054409,5009.425891181989,4432.409005628518,3533.750469043152,3028.328330206379,2128.1988742964354,1844.0375234521575,2561.62851782364,2996.782363977486,2285.731707317073,2264.9024390243903,1913.1538461538462,1712.5234521575985,1358.0825515947467,1394.0825515947467,1349.8180112570356,2172.769230769231,2367.904315196998,2384.829268292683,2833.621013133208,2572.2120075046905,2035.2157598499061,1940.467166979362,2206.3658536585367,2394.6060037523453,1685.7842401500939,1892.108818011257,2583.4315196998123,3490.465290806754,4451.628517823639,5224.8067542213885,4347.793621013133,4755.339587242026,3942.1482176360223,4671.667917448405,3417.0844277673546,3640.360225140713,3637.3076923076924,2937.0900562851784,2341.9887429643527,2128.2851782363978,2162.9099437148216,3392.6472795497184,8420.48592870544,8756.91181988743,5743.975609756098,3963.831144465291,2851.499061913696,2240.2476547842402,1761.9681050656661,1750.2851782363978,1537.3527204502814,1668.6003752345216,1611.375234521576,2209.622889305816,2304.0300187617263,2279.2120075046905,2003.8930581613508,2074.8968105065665,3394.4634146341464,5766.5140712945595,6013.547842401501,5996.225140712945,5146.4296435272045,7707.812382739212,19319.93621013133,14914.949343339587,9771.934333958725,7266.551594746717,5817.684803001876,3843.0056285178234,2657.9174484052533,2231.8986866791743,2031.5984990619138,1853.1444652908067,1511.658536585366,1611.3489681050658,1856.3846153846155,2604.56660412758,3330.8799249530957,4315.697936210131,2930.480300187617,2243.62851782364,1704.9118198874296,1582.0225140712946,1332.6454033771106,1946.439024390244,2215.4953095684805,1990.908067542214,1621.9587242026266,2731.135084427767,2777.720450281426,2279.6998123827393,2116.8273921200753,2390.966228893058,2038.9136960600376,1688.155722326454,1358.4258911819888,1337.5196998123827,1174.0262664165102,1473.3076923076924,1532.1707317073171,1572.5984990619138,1374.4033771106942,1349.0356472795497,1184.6829268292684,1272.5196998123827,1182.388367729831,1497.607879924953,1262.607879924953,1490.8949343339586,1768.0018761726078,2102.031894934334,4299.5422138836775,6786.831144465291,5815.979362101313,3913.8142589118197,2581.493433395872,2225.8030018761724,1933.986866791745,1883.3058161350843,1734.2551594746717,1673.9718574108817,1426.4315196998123,1538.7279549718573,1823.3639774859287,3877.8949343339586,14739.939962476548,13408.324577861164,8465.155722326454,6312.454033771107,4856.953095684803,3335.6604127579735,2285.311444652908,2326.971857410882,3591.9774859287054,2874.8686679174484,2119.7054409005627,1846.1838649155723,1521.140712945591,1429.4540337711069,1306.8986866791745,1894.467166979362,3383.8048780487807,3377.5515947467165,2282.857410881801,1981.8180112570356,2172.9362101313322,2722.500938086304,2230.748592870544,2133.1951219512193,1642.080675422139,1613.7091932457786,1317.861163227017,1399.8048780487804,1666.138836772983,3803.7429643527203,3035.125703564728,2236.9962476547844,1705.718574108818,1804.1069418386492,2300.015009380863,2121.2101313320827,1608.3189493433397,1552.6604127579737,1195.8836772983113,1177.8255159474672,1219.1013133208255,1296.0075046904315,1471.735459662289,2417.607879924953,6367.337711069418,7584.332082551595,5032.9662288930585,4308.639774859287,5631.587242026267,6073.519699812383,4165.939962476547,5090.611632270169,3709.0712945590994,2899.643527204503,2055.5046904315195,1740.3264540337711,1389.343339587242,1410.405253283302,1175.8761726078799,1341.6341463414635,1242.2739212007505,1564.0187617260788,1959.1819887429644,2554.87617260788,2001.4502814258913,1738.6360225140713,1572.9943714821763,2298.737335834897,3123.9155722326454,5037.915572232645,19057.73358348968,37776.70919324578,24244.96435272045,14068.90243902439,8768.649155722327,5749.54033771107,3540.4784240150093,2461.921200750469,1711.5215759849907,1603.2176360225142,1424.249530956848,1543.016885553471,1644.0506566604129,1777.0863039399624,1613.2682926829268,1645.8724202626643,1872.2514071294559,2472.12382739212,2072.0375234521575,1942.06191369606,1576.1444652908067,1688.641651031895,1825.658536585366,2061.1482176360223,1812.9943714821763,1875.4784240150093,1593.6041275797372,1646.202626641651,1660.6960600375235,2718.924953095685,4765.499061913696,14728.317073170732,31250.472795497186,20044.09756097561,11316.3808630394,7483.015009380863,4793.56660412758,3811.189493433396,4343.688555347092,4748.763602251407,4274.339587242026,3076.0562851782365,2228.765478424015,2311.4352720450283,3232.251407129456,8281.666041275797,27878.320825515948,21149.255159474673,11594.056285178236,7636.287054409006,5386.780487804878,4232.564727954972,3003.3095684803,2521.8517823639777,3312.7804878048782,4305.714821763602,2862.8686679174484,2445.703564727955,2236.135084427767,2113.046904315197,2257.838649155722,2363.6378986866794,1876.1613508442776,1680.234521575985,1462.8555347091933,1443.0450281425892,1583.4127579737335,1937.844277673546,2604.121951219512,3854.330206378987,3694.8499061913694,2737.183864915572,2062.8067542213885,1858.4540337711069,1429.0056285178237,1365.6135084427767,1241.9962476547842,1360.2045028142588,1184.9774859287054,1242.3658536585365,1213.908067542214,1280.1313320825516,1264.9587242026266,1399.797373358349,1092.1932457786115,1150.7617260787993,1054.9118198874296,1277.9849906191369,1477.8667917448406,1956.7279549718573,1556.0506566604129,1487.1482176360225,1805.3902439024391,1995.8330206378987,1500.5684803001877,1355.827392120075,1357.2720450281427,1551.6303939962477,1656.219512195122,1544.735459662289,1193.452157598499,1213.016885553471,1164.4333958724203,1535.5834896810507,1359.9043151969981,1284.5966228893058,1191.1594746716698,1457.388367729831,1859.281425891182,3452.6529080675423,2375.125703564728,1920.437148217636,1882.8480300187616,2891.7110694183866,2012.2776735459663,1625.1050656660414,1313.5722326454033,1320.8630393996248,1393.3545966228894,1648.4784240150093,1409.7898686679175,2008.2457786116322,1763.906191369606,1498.3001876172607,1219.6435272045028,1215.1613508442776,1164.6529080675423,1648.735459662289,5363.02626641651,6161.4108818011255,3762.360225140713,3013.5590994371482,2252.155722326454,1763.5666041275797,1860.3208255159475,2008.7373358348968,1616.360225140713,1563.0506566604129,1403.1050656660414,1314.7110694183864,1222.2926829268292,1806.562851782364,1995.6003752345216,1747.9924953095685,2438.9005628517825,2792.954971857411,1806.0750469043153,1592.8855534709194,1242.6848030018762,1253.9943714821763,1313.7879924953095,2579.1651031894935,12685.270168855535,12936.572232645403,7918.371482176361,5209.110694183865,4350.448405253283,5951.1651031894935,3710.6904315197,2382.2589118198875,2004.7485928705441,2866.825515947467,2263.9493433395874,1693.3208255159475,1277.3151969981238,1249.0112570356473,1154.0281425891183,1229.0825515947467,1123.9568480300188,1219.878048780488,1398.560975609756,2011.4746716697937,7199.771106941838,20493.79549718574,15851.161350844277,8340.534709193245,4821.527204502814,3047.816135084428,1917.3227016885553,1888.030018761726,2422.4896810506566,2016.9643527204503,1682.2720450281427,2138.40712945591,1860.7392120075046,1675.5234521575985,1350.780487804878,1489.7917448405253,1611.7711069418388,1616.2570356472795,1936.9287054409006,4284.53095684803,6841.878048780488,6135.617260787993,3926.7392120075046,3023.108818011257,4463.463414634146,4009.0994371482175,3739.1482176360223,3368.2926829268295,2896.317073170732,2251.7542213883676,1691.65478424015,1504.7392120075046,1296.4915572232646,1278.8724202626643,1061.4352720450281,1095.6660412757974,1047.8386491557224,1138.8667917448406,1039.8067542213885,1216.735459662289,1036.4033771106942,1107.2795497185741,946.9812382739212,1082.2101313320825,1118.0562851782363,1343.7767354596622,1214.1144465290806,1247.3264540337711,1240.4165103189493,1998.1632270168855,2109.6810506566603,2648.424015009381,2698.515947467167,2450.9831144465293,2129.6810506566603,1825.189493433396,1775.1782363977486,2658.4484052532835,3917.1031894934335,3536.5103189493434,2843.636022514071,2461.2926829268295,1946.172607879925,1705.831144465291,1426.5891181988743,1365.3808630393996,1231.3001876172607,1566.9324577861164,4161.3808630394,7603.75234521576,5030.893058161351,3369.3414634146343,2149.5234521575985,1891.532833020638,3008.200750469043,2932.7598499061914,2122.4559099437147,2762.562851782364,8142.403377110694,11420.063789868667,10726.320825515948,6162.696060037523,3593.9362101313322,2535.43339587242,1856.703564727955,2498.6810506566603,6421.97373358349,5170.917448405254,2872.7804878048782,1976.3639774859287,1438.2682926829268,1329.5234521575985,1562.5065666041276,3124.424015009381,3160.609756097561,3026.093808630394,2190.560975609756,2483.4821763602254,7469.251407129456,12419.808630393996,14412.313320825517,8052.454033771107,4334.559099437148,3431.8667917448406,5166.808630393996,16213.339587242026,11018.163227016885,5536.386491557223,4115.491557223265,3524.9136960600376,2053.7898686679173,1707.0863039399624,1326.452157598499,1426.4258911819888,1636.0093808630395,1520.0112570356473,1369.1369606003752,1662.8348968105065,1538.341463414634,2034.0712945590994,4220.757973733584,3312.825515947467,1840.6228893058162,1492.8855534709194,1153.878048780488,1267.9643527204503,1600.878048780488,1425.2551594746717,1119.6228893058162,1363.0056285178237,1904.3902439024391,2162.1632270168857,1827.7729831144466,2744.6585365853657,2128.3696060037523,2082.514071294559,4820.868667917448,4385.15947467167,2733.7110694183866,1991.3977485928706,1574.0731707317073,3471.818011257036,3574.153846153846,2372.7148217636022,2284.621013133208,3472.4484052532835,2945.4559099437147,3520.2138836772983,3363.825515947467,3132.594746716698,5742.726078799249,10880.313320825517,7144.135084427768,3971.153846153846,2324.5853658536585,1875.1294559099438,1372.6923076923076,1312.5590994371482,1161.3264540337711,1264.7317073170732,1454.091932457786,3261.0,7220.694183864915,5226.596622889306,2969.1594746716696,3838.3808630393996,11490.448405253283,9909.121951219513,4868.318949343339,3115.6060037523453,2800.534709193246,4091.020637898687,4154.671669793621,3471.71669793621,2407.838649155722,1789.4352720450281,1243.966228893058,1104.076923076923,1080.1444652908067,1246.7260787992495,1091.2720450281427,1075.5234521575985,1234.0487804878048,2010.2795497185741,1857.7317073170732,1703.8086303939963,2094.9831144465293,4217.703564727955,3661.4896810506566,2574.8611632270167,1910.0675422138836,5084.191369606004,13461.54971857411,20115.003752345216,12522.264540337712,5538.984990619137,2636.3696060037523,1744.4502814258913,1250.4165103189493,1641.5272045028144,1539.2138836772983,1361.1069418386492,1123.65478424015,1167.7298311444654,1050.5365853658536,1141.0318949343339,1103.06191369606,1390.5196998123827,1549.253283302064,2788.9906191369605,12923.806754221388,23136.146341463416,12960.151969981238,5608.249530956848,2900.3227016885553,1893.1519699812384,1362.296435272045,1401.1444652908067,1317.5553470919324,1296.889305816135,1189.624765478424,1201.9887429643527,1268.0487804878048,1531.8180112570356,1755.4915572232646,1744.9718574108817,1461.7016885553471,1543.6378986866791,1641.2288930581612,4015.62851782364,15116.425891181989,30426.519699812383,23760.245778611632,10268.437148217636,4489.084427767355,2603.5103189493434,1870.437148217636,1921.7448405253283,1447.6472795497186,1300.6923076923076,1232.187617260788,1358.1594746716698,1186.831144465291,1246.0825515947467,1020.8911819887429,1043.500938086304,1172.1838649155723,1193.6003752345216,1109.2551594746717,1473.844277673546,4093.080675422139,6566.018761726079,3731.0863039399624,1998.9812382739212,1303.5834896810507,1249.078799249531,1443.5234521575985,1487.0,1181.9418386491557,1262.4296435272045,1118.9718574108817,1269.7879924953095,1194.2983114446529,1336.8630393996248,1400.560975609756,1544.6435272045028,1329.0600375234521,1393.0881801125704,1241.030018761726,1296.8724202626643,1284.0863039399624,3250.499061913696,8273.410881801126,7616.709193245779,3404.6060037523453,1891.328330206379,1253.5928705440901,1118.0318949343339,1172.4502814258913,1659.1782363977486,2284.3846153846152,6640.360225140713,9264.206378986866,5553.255159474672,2683.8555347091933,1759.2776735459663,1311.641651031895,1380.8724202626643,1180.0,1178.0112570356473,1067.1200750469043,1221.607879924953,1346.9474671669793,1730.1200750469043,1605.7823639774858,1926.3958724202628,5080.345215759849,18382.87617260788,24015.898686679175,13186.444652908067,6013.0337711069415,3453.234521575985,1946.7448405253283,1481.1463414634147,1049.1651031894935,1134.8686679174484,970.7166979362102,1030.4652908067542,995.6491557223264,1308.4896810506566,3171.7748592870544,4855.166979362101,3203.7542213883676,1801.121951219512,1246.2851782363978,1154.4427767354596,1005.8086303939963,1078.1594746716698,940.1894934333959,1064.8067542213885,918.1313320825516,1101.110694183865,1047.0525328330207,1112.6060037523453,1119.3339587242026,1130.2682926829268,1001.2120075046904,1295.34521575985,1790.0075046904315,6875.272045028142,18714.422138836773,24604.63039399625,13636.545966228892,6056.908067542214,2998.6810506566603,1938.3320825515948,1235.8855534709194,1193.7110694183864,1023.7879924953096,1100.8255159474672,906.2851782363978,1005.4277673545967,1061.1294559099438,1101.5647279549719,1003.4146341463414,1061.7373358348968,957.7110694183865,1069.4165103189493,952.187617260788,1091.1913696060037,1635.3846153846155,2766.921200750469,3173.3151969981236,2167.093808630394,1325.1482176360225,1162.1838649155723,973.4934333958724,1078.4971857410883,941.7598499061913,1051.3470919324577,963.390243902439,1030.9681050656661,1027.1651031894935,1178.7711069418388,1152.7260787992495,1186.797373358349,1039.1707317073171,1146.2007504690432,1014.9399624765479,1168.705440900563,1097.9305816135084,1139.7711069418388,947.2270168855534,1034.0712945590994,1088.2570356472795,1033.5684803001877,997.4521575984991,1130.2101313320825,1192.9906191369605,1850.3302063789868,2305.795497185741,2848.8536585365855,1952.6622889305816,1375.8405253283302,1017.6472795497185,1036.253283302064,960.5140712945591,1053.81425891182,888.9793621013133,1030.3208255159475,1030.18574108818,1295.0562851782363,1255.908067542214,1176.5028142589117,1015.0262664165103,1081.906191369606,1017.0731707317074,1095.5178236397749,948.7898686679174,1089.590994371482,967.093808630394,1103.030018761726,1013.4258911819887,1054.4240150093808,924.3452157598499,1061.9005628517823,1168.3302063789868,1441.484052532833,1420.5928705440901,1682.9793621013134,1421.8536585365853,1678.063789868668,1838.4746716697937,2059.3658536585367,1494.455909943715,1234.9493433395871,1026.046904315197,1103.3658536585365,1102.3545966228894,1260.1181988742965,1171.3808630393996,1287.986866791745,1553.9943714821763,2148.5984990619136,2548.3958724202625,2527.425891181989,1606.4652908067542,1253.8761726078799,1086.4784240150093,1120.7842401500939,1014.1425891181989,1179.9305816135084,1106.093808630394,1365.2739212007505,1476.0150093808631,2575.135084427767,7832.187617260788,17033.320825515948,24340.934333958725,26989.227016885554,15251.196998123827,6445.330206378987,2811.3939962476547,1909.4240150093808,1432.7373358348968,1509.7073170731708,1673.5290806754222,1989.2983114446529,1919.8161350844277,1735.7711069418388,1356.9118198874296,1402.2082551594747,1350.3208255159475,1415.0412757973734,1232.9249530956847,1198.8930581613508,1006.7317073170732,1114.5703564727955,910.1500938086303,1132.9287054409006,973.2232645403377,1082.8011257035648,955.2964352720451,992.9643527204503,865.6547842401501,953.5722326454033,934.6435272045028,1043.5872420262665,905.1350844277673,1033.0844277673546,1290.4146341463415,1420.8517823639775,1344.0056285178237,1498.0150093808631,1413.4746716697937,2885.328330206379,7654.039399624766,12315.624765478424,16371.08067542214,17422.896810506565,10061.281425891182,4293.87617260788,2230.5234521575985,1930.7767354596622,1838.6435272045028
578.0069808027923,499.7731239092496,526.8970331588133,462.4083769633508,590.4083769633507,429.0314136125655,538.8307155322863,523.5061082024433,552.7120418848167,523.2198952879581,579.5357766143106,505.8760907504363,613.9616055846423,472.5828970331588,592.5863874345549,612.7050610820245,652.3664921465969,610.6823734729494,590.958115183246,566.1413612565445,606.1849912739965,566.303664921466,676.5340314136125,598.2722513089005,692.5724258289704,675.3595113438046,648.0122164048865,591.0924956369983,640.6160558464223,580.041884816754,689.5602094240837,608.1989528795812,704.9319371727748,634.9947643979058,708.7155322862129,607.5828970331588,729.0261780104712,589.2373472949389,709.0453752181501,596.8621291448517,709.5183246073299,639.2565445026178,624.6876090750436,713.7207678883071,667.5357766143106,533.9947643979058,647.7120418848167,723.5706806282723,749.043630017452,628.151832460733,719.6666666666666,689.9895287958116,714.0575916230366,688.8167539267016,742.4450261780105,596.5392670157069,724.2635253054101,650.2722513089005,688.7033158813264,630.9214659685864,698.9197207678883,638.7766143106458,684.7260034904014,622.8097731239093,736.1797556719023,653.1047120418848,727.6073298429319,668.1291448516579,619.2286212914485,727.2862129144852,678.432809773124,667.5095986038394,724.3979057591623,641.4677137870855,711.9703315881326,677.3438045375218,739.2530541012217,676.7731239092495,690.9773123909249,821.0750436300175,768.8010471204188,672.9808027923211,729.3542757417104,715.1954624781849,739.8621291448517,694.1919720767888,778.4729493891798,649.3298429319372,707.7242582897034,709.8603839441536,745.3228621291448,659.9040139616055,777.066317626527,760.7993019197207,723.3438045375218,746.1361256544502,749.328097731239,724.2879581151833,788.3141361256545,699.349040139616,788.5497382198953,715.6701570680628,748.260034904014,703.9598603839441,679.4502617801047,693.6317626527051,808.7469458987783,666.1134380453752,765.2966841186736,699.7905759162304,644.9022687609075,838.0244328097731,830.197207678883,742.1012216404887,774.956369982548,733.5095986038394,840.4746945898778,714.6666666666666,797.0401396160559,768.2024432809773,768.1448516579406,775.0104712041884,822.8464223385689,737.542757417103,794.9441535776614,705.6910994764398,766.2879581151833,719.7539267015707,842.3106457242583,796.3577661431065,816.2844677137871,760.2076788830716,839.5270506108202,736.1710296684118,752.0802792321117,737.7696335078534,815.8516579406631,777.9144851657941,820.4659685863875,666.5567190226876,771.6579406631763,689.6212914485166,674.7120418848167,821.3717277486911,857.9301919720768,755.3158813263525,777.8167539267016,772.2460732984293,785.0506108202443,797.5130890052357,784.2862129144852,726.8708551483421,766.4694589877836,744.1710296684118,845.7504363001746,799.5497382198953,786.8795811518324,781.6544502617801,766.8551483420594,686.1954624781849,830.457242582897,796.6788830715532,764.4293193717277,778.0191972076789,830.5410122164049,773.0837696335078,797.671902268761,793.9912739965096,847.1413612565445,716.3315881326353,865.4537521815008,797.4048865619546,843.280977312391,771.8568935427575,740.56369982548,868.4310645724258,886.7766143106458,773.3089005235602,852.0750436300175,757.4310645724258,895.8307155322863,788.8219895287958,798.6439790575917,799.5532286212914,769.0907504363001,754.478184991274,832.652705061082,812.349040139616,793.347294938918,820.0488656195463,824.0279232111693,807.8376963350786,842.2111692844677,774.6806282722513,859.108202443281,766.7783595113438,859.6631762652705,817.9546247818499,828.0732984293194,884.7923211169284,803.7539267015707,833.2530541012217,872.9982547993019,823.2652705061082,850.261780104712,772.4502617801047,734.3612565445026,911.8115183246073,816.3891797556719,833.7591623036649,873.5445026178011,803.6945898778359,860.717277486911,796.108202443281,855.1273996509599,813.6422338568935,860.0366492146596,781.109947643979,819.0261780104712,792.5375218150087,843.7085514834206,837.933682373473,878.087260034904,810.0471204188482,872.7556719022688,862.5113438045375,831.6178010471205,785.0802792321117,816.8708551483421,867.4607329842931,877.1204188481676,842.6352530541012,867.326352530541,874.8254799301919,864.1919720767888,872.478184991274,803.3228621291448,780.4310645724258,782.6003490401396,913.1640488656195,867.5392670157069,827.9895287958116,790.1361256544502,815.5828970331588,825.0977312390925,807.8830715532287,848.2268760907505,753.3717277486911,811.0139616055847,836.1937172774869,784.2495636998254,830.0541012216405,769.6195462478184,771.4310645724258,839.5986038394416,794.282722513089,796.9860383944153,805.6317626527051,841.1483420593369,833.9197207678883,832.3577661431065,854.1989528795812,870.565445026178,764.738219895288,890.5305410122164,807.8813263525306,841.3054101221641,882.6003490401396,833.8987783595113,810.8097731239093,879.2547993019198,945.7870855148342,896.8411867364747,812.7731239092495,944.6143106457242,857.1378708551483,864.1675392670157,866.6998254799302,851.1029668411867,844.7434554973822,879.6876090750436,778.4467713787086,812.2670157068063,849.3001745200698,846.3717277486911,882.500872600349,857.7120418848167,876.8534031413612,855.3647469458988,779.8411867364747,879.8411867364747,806.891797556719,835.2739965095986,843.3804537521816,873.1012216404887,844.6439790575917,886.2425828970331,797.5724258289704,862.0349040139616,815.2356020942408,862.1204188481676,813.4502617801047,785.6771378708552,973.673647469459,897.3787085514834,892.260034904014,831.7801047120419,810.4450261780105,863.2338568935428,838.6823734729494,854.2757417102966,885.7748691099476,827.2164048865619,833.9860383944153,892.8516579406631,829.7364746945899,910.5916230366493,814.3839441535777,844.7835951134381,867.6108202443281,899.0890052356021,857.2844677137871,899.2303664921466,900.5549738219895,891.6265270506108,847.4502617801047,879.6439790575917,891.5584642233857,838.2582897033159,915.6684118673647,915.9424083769634,855.4240837696335,900.5410122164049,812.2146596858639,778.60907504363,1016.280977312391,1042.5479930191973,926.0855148342059,915.56369982548,909.9284467713787,948.6544502617801,846.8848167539267,918.4171029668412,840.1186736474694,881.9005235602094,939.8656195462478,823.3071553228622,919.020942408377,977.2757417102966,920.7504363001746,962.3211169284468,907.7923211169284,917.1919720767888,900.9755671902269,941.6841186736475,940.2356020942408,929.7417102966841,890.5130890052357,900.7469458987783,889.4921465968587,873.4031413612565,880.432809773124,928.3438045375218,927.4694589877836,930.6369982547993,852.2966841186736,822.1937172774869,960.7870855148342,959.4450261780105,919.82722513089,947.5410122164049,998.328097731239,1085.1064572425828,1016.280977312391,956.7853403141361,914.3455497382199,915.0558464223386,920.1797556719023,968.6073298429319,914.5968586387435,932.8307155322863,971.7626527050611,980.0366492146596,966.1867364746946,985.3525305410122,911.4746945898778,1001.2076788830716,931.0924956369983,982.9040139616055,960.4240837696335,1036.0785340314137,1008.4031413612565,948.6404886561954,930.2914485165794,960.6143106457242,909.7539267015707,958.958115183246,923.2408376963351,851.1256544502618,1059.7696335078533,947.6038394415358,965.9965095986039,996.6666666666666,942.6614310645724,1025.1169284467715,961.1239092495637,976.3560209424083,1038.0994764397906,1018.956369982548,948.020942408377,1004.5898778359511,936.6178010471205,948.5305410122164,1000.3560209424083,1067.6143106457243,1031.3525305410121,1070.4293193717278,1003.0488656195463,1024.5497382198953,982.282722513089,984.8080279232112,1041.630017452007,993.6282722513089,1001.5253054101222,1067.2233856893542,1041.0279232111693,1045.7260034904014,1020.4904013961606,1057.0296684118673,922.6003490401396,977.5584642233857,1198.6579406631763,1027.2425828970331,1114.476439790576,1081.8342059336824,1056.7417102966842,1167.7731239092495,1200.9668411867365,1241.977312390925,1061.2024432809774,1061.0174520069809,991.8062827225131,978.280977312391,1029.1413612565445,1054.2024432809774,1006.8132635253054,1060.495636998255,1008.5602094240837,1060.656195462478,1042.783595113438,1026.6910994764398,998.9458987783595,1084.2041884816754,1006.7993019197207,1067.2233856893542,1115.6492146596859,1082.6858638743456,1020.9424083769634,957.2565445026178,967.3821989528795,1008.3961605584642,944.8237347294939,957.2286212914485,1082.762652705061,1095.3909249563699,966.869109947644,1008.5130890052357,1052.5549738219895,1207.195462478185,1160.5305410122164,1143.8551483420592,976.349040139616,1027.521815008726,1020.3961605584642,1056.0715532286213,1169.3525305410121,1191.7521815008727,1145.3525305410121,1005.2635253054101,989.1064572425829,1010.2094240837696,1027.9022687609074,1134.5549738219895,1103.8167539267015,1080.696335078534,1034.8429319371728,1060.6247818499128,1074.717277486911,1261.891797556719,1235.8603839441537,1280.9947643979058,1117.2547993019198,1089.6649214659685,990.6701570680628,981.3734729493892,1117.0732984293193,1062.9912739965096,983.3577661431065,1094.3001745200697,1107.6876090750436,1101.0575916230366,1123.7853403141362,1089.7312390924956,1042.5183246073298,1096.301919720768,1135.975567190227,1239.7521815008727,1049.7277486910996,1110.2792321116929,1115.2757417102966,1180.8342059336824,1176.5113438045375,1150.0139616055847,1085.3961605584643,1294.9895287958116,1195.219895287958,1121.3630017452008,1098.9214659685863,1130.630017452007,1126.5165794066318,1181.3368237347295,1119.4520069808027,1102.6858638743456,1041.56369982548,1130.0139616055847,1055.0994764397906,968.937172774869,1183.2443280977313,1129.235602094241,1097.9057591623036,1110.2495636998256,1142.715532286213,1233.3385689354275,1084.631762652705,1161.7417102966842,1193.3211169284468,1087.2547993019198,1127.4066317626528,1110.041884816754,989.0506108202443,1148.6160558464223,1076.8516579406632,1077.7783595113438,999.56369982548,1120.5130890052355,1081.1710296684118,1064.891797556719,1070.6701570680627,1037.4171029668412,997.0994764397906,1101.2303664921467,1061.6684118673647,1089.5340314136126,1092.9930191972078,1155.542757417103,1028.1396160558463,1115.9668411867365,1041.087260034904,1091.874345549738,1105.6352530541012,1192.914485165794,1171.5602094240837,1127.9650959860385,1187.4397905759163,1275.3333333333333,1152.8097731239093,1211.2059336823734,1164.9057591623036,1292.4432809773125,1175.9528795811518,1222.739965095986,1177.7347294938918,1036.174520069808,1104.8534031413612,1214.715532286213,1165.8132635253055,1187.4293193717278,1044.2582897033158,1073.589877835951,1054.7678883071553,1264.0366492146597,1308.2146596858638,1247.9965095986038,1114.5532286212915,1044.125654450262,1007.5567190226876,1207.4083769633507,1154.392670157068,1333.935427574171,1164.656195462478,1111.7225130890051,1281.2652705061082,1437.455497382199,1285.3909249563699,1157.479930191972,1044.2478184991273,1113.1361256544503,1075.738219895288,1137.9109947643979,1157.1675392670156,1165.7853403141362,1099.4240837696334,1085.1902268760907,1048.064572425829,1170.8150087260035,1165.2652705061082,1268.6841186736474,1054.9616055846423,1168.0157068062827,1032.9947643979058,1141.500872600349,1123.5357766143106,1374.9092495636999,1054.3856893542757,1041.806282722513,1003.4432809773124,1138.7853403141362,1160.2041884816754,1281.6143106457243,1044.064572425829,1044.931937172775,940.0506108202443,1096.499127399651,1286.1012216404886,1262.2408376963351,1093.4851657940662,1151.671902268761,1121.043630017452,1258.7190226876091,1160.4834205933682,1158.6369982547992,1122.6614310645725,1129.6684118673647,1205.1169284467715,1275.630017452007,1090.1012216404886,1038.5724258289704,1128.7905759162304,1359.1239092495637,1482.1413612565445,1625.6701570680627,1265.588132635253,1224.4607329842931,1130.1483420593368,1130.656195462478,1087.8760907504363,1141.7312390924956,1130.4921465968587,1330.1204188481674,1060.5532286212915,1075.4171029668412,965.4310645724258,1019.6579406631763,961.567190226876,1016.8865619546248,1086.7923211169284,1252.806282722513,1206.043630017452,1139.5514834205933,1121.5916230366493,1228.7661431064573,1151.9441535776614,1257.4467713787085,1255.7120418848167,1249.8848167539268,1078.6125654450261,1071.9912739965096,1058.956369982548,1117.043630017452,1073.8027923211168,1151.0488656195462,1098.865619546248,1215.694589877836,1314.7574171029669,1488.478184991274,1161.7294938917976,1194.2216404886562,1037.914485165794,1042.3996509598603,984.9528795811518,1124.024432809773,1075.5479930191973,1288.1588132635254,1312.78184991274,1547.0506108202444,1597.282722513089,1200.2076788830716,1196.5916230366493,1228.3996509598603,1152.891797556719,1545.6160558464223,1791.4851657940662,1687.21815008726,1876.4450261780105,1535.760907504363,1096.5933682373472,1179.4432809773125,1071.6666666666667,1184.5061082024433,1200.0523560209424,1547.3839441535777,1905.7312390924956,1593.6020942408377,1422.5078534031413,1597.6928446771378,1471.286212914485,1509.1588132635254,1416.2041884816754,1814.890052356021,2693.326352530541,3284.431064572426,2524.979057591623,1989.260034904014,1625.4851657940662,1538.0314136125655,1658.1012216404886,2417.383944153578,2740.019197207679,1592.56369982548,1394.6684118673647,1343.6387434554974,1351.2914485165793,1357.0,1175.2094240837696,1320.8184991273997,1236.4205933682374,1613.328097731239,1750.6457242582896,1456.78184991274,1154.6387434554974,1246.1116928446772,1200.3158813263526,1519.5270506108202,1988.4816753926702,2503.13612565445,2712.5986038394417,2235.581151832461,1486.4834205933682,1768.8638743455497,1430.8027923211168,1423.975567190227,1597.7748691099475,2049.8167539267015,1759.5113438045375,1379.8376963350786,1500.479930191972,1430.8097731239093,1443.8342059336824,1954.2879581151833,1638.153577661431,1454.4851657940662,1642.586387434555,1521.6422338568937,1222.1465968586388,1372.478184991274,1607.5828970331588,2249.844677137871,1816.1623036649214,1887.3246073298428,1591.9040139616056,1394.975567190227,1283.7469458987784,1332.6876090750436,1438.7731239092495,1816.9075043630016,1976.1029668411868,1905.2966841186737,2508.528795811518,3244.005235602094,3954.123909249564,3076.9232111692845,2484.7870855148344,1968.7190226876091,1771.3193717277486,1509.8603839441537,1220.1134380453752,1359.1186736474694,1530.2635253054102,2000.3350785340315,2488.4118673647467,1768.7207678883071,1354.9301919720767,1326.2216404886562,1487.8307155322861,1526.7993019197208,1167.3141361256544,1412.935427574171,1493.3542757417104,2053.1396160558465,3009.1692844677136,3644.832460732984,1807.7190226876091,1462.151832460733,1381.1151832460732,1841.3228621291448,2385.1623036649216,2227.675392670157,1517.9720767888307,1457.9476439790576,1389.6509598603839,1673.8813263525306,1548.565445026178,1898.5497382198953,2653.4380453752183,3619.260034904014,2254.1448516579408,2284.802792321117,2523.677137870855,1730.43630017452,1391.132635253054,1500.7417102966842,1755.024432809773,2655.0366492146595,3333.8516579406632,2469.2286212914487,1741.4607329842931,1860.5794066317626,2329.12739965096,1593.0261780104713,1236.808027923211,1392.1064572425828,1265.9598603839443,1337.5549738219895,1292.9965095986038,1558.631762652705,1257.6422338568937,1390.2041884816754,1244.3368237347295,1245.7294938917976,1158.4746945898778,1284.0593368237348,1339.043630017452,1735.935427574171,1679.0994764397906,1923.4869109947645,1394.958115183246,1409.3996509598603,1215.1483420593368,1324.3211169284468,1431.495636998255,1671.4869109947645,1675.1692844677139,1809.8115183246073,1721.783595113438,1716.2705061082024,1517.9947643979058,1664.8865619546248,1873.3734729493892,1695.5410122164049,1627.4869109947645,2085.1884816753927,1818.565445026178,1644.5130890052355,1499.371727748691,1496.914485165794,1448.5741710296684,1824.7033158813263,2363.7329842931936,2594.9476439790574,1772.4834205933682,1391.8883071553228,1463.176265270506,2014.783595113438,1636.3298429319373,1887.497382198953,2072.3333333333335,2039.8289703315882,1939.6195462478186,1835.8167539267015,1641.9005235602094,1750.9476439790576,1355.8027923211168,1442.7102966841187,1408.5270506108202,1536.56369982548,1408.631762652705,1507.764397905759,1378.7190226876091,1535.4729493891798,1784.0698080279233,1700.0820244328097,1465.8202443280977,1572.1465968586388,1502.3769633507854,1635.191972076789,1849.3996509598603,1937.8935427574172,1892.434554973822,1863.671902268761,1713.3734729493892,2013.1780104712043,2350.670157068063,2776.478184991274,2760.1623036649216,2321.980802792321,1931.8394415357766,2253.4223385689356,2301.12739965096,2123.748691099476,2046.1116928446772,2060.2286212914487,1875.2914485165793,1916.4083769633507,1826.041884816754,1789.8795811518326,1848.8621291448517,1933.694589877836,1842.6893542757416,2998.174520069808,3066.5043630017453,2024.022687609075,1871.024432809773,2208.8219895287957,1619.4677137870856,1891.2041884816754,1755.8342059336824,1692.369982547993,1864.8708551483421,2287.5619546247817,2882.506108202443,3123.802792321117,1839.4310645724258,2105.996509598604,2935.2966841186735,4185.4502617801045,5121.919720767888,3902.523560209424,2503.694589877836,2031.7417102966842,2350.581151832461,2938.019197207679,3207.062827225131,4340.532286212914,4180.181500872601,4102.713787085515,4895.160558464223,5334.363001745201,5040.452006980803,3377.8743455497383,2727.368237347295,3445.6003490401395,2384.458987783595,1713.150087260035,1723.5148342059338,2102.8778359511343,2182.040139616056,2128.914485165794,1917.1047120418848,2173.4520069808027,2288.7242582897034,1838.6439790575917,1983.958115183246,3085.30017452007,3137.242582897033,2531.3315881326353,2263.7068062827225,2537.2233856893545,1925.3909249563699,1975.6143106457243,2162.783595113438,2598.2268760907505,2678.4066317626525,2402.867364746946,1861.7975567190226,1679.5986038394415,1524.6038394415357,1956.696335078534,2692.2321116928447,3035.6631762652705,2482.2286212914487,2202.150087260035,1882.8446771378708,2576.0750436300173,2858.6439790575914,2330.019197207679,3010.743455497382,3216.952879581152,2524.4607329842934,3115.867364746946,3014.5078534031413,2963.9232111692845,2307.677137870855,1970.328097731239,2224.616055846422,2967.8795811518326,4019.2757417102966,5185.347294938918,4455.944153577661,4408.73647469459,3656.977312390925,3618.914485165794,3316.9581151832463,3700.5584642233857,4122.2722513089,3821.82722513089,4600.244328097731,4931.158813263525,3246.6596858638745,2486.2478184991273,1965.2565445026178,2311.2966841186735,2544.5619546247817,3531.9458987783596,3854.017452006981,3523.092495636998,3659.846422338569,3977.5794066317626,4851.169284467714,5348.094240837696,3703.86387434555,4272.404886561954,4130.120418848168,3094.3019197207677,3465.193717277487,4201.282722513089,3753.369982547993,3568.5916230366493,3142.7242582897034,4014.9860383944156,3990.1815008726003,4089.303664921466,4085.8830715532285,4847.860383944154,3800.832460732984,3219.4171029668414,3210.0139616055844,3966.239092495637,4037.2495636998256,3417.089005235602,2537.020942408377,2023.8132635253055,1592.0383944153577,1822.762652705061,1665.1204188481674,1536.652705061082,1499.8097731239093,1699.848167539267,1445.8865619546248,1509.347294938918,1512.1134380453752,1507.561954624782,1457.1588132635254,1580.064572425829,1705.7434554973822,1877.8586387434555,1818.6649214659685,2706.9249563699827,3620.2041884816754,3143.5759162303666,2318.322862129145,1577.0139616055847,1350.912739965096,1672.0732984293193,1957.0767888307155,2288.56369982548,1515.4485165794067,1679.3315881326353,1574.1239092495637,1706.7364746945898,1868.1396160558463,1890.6108202443281,1316.5602094240837,1437.0174520069809,1483.1605584642234,1740.2670157068062,1899.6143106457243,2108.366492146597,2608.019197207679,3249.9092495636996,2463.9703315881325,2139.589877835951,2365.867364746946,1672.7766143106458,1425.0034904013962,1509.2879581151833,1460.542757417103,1810.7312390924956,2541.0593368237346,3210.3717277486912,1914.1657940663176,2003.0069808027922,2381.7766143106455,2928.677137870855,3697.734729493892,2616.0593368237346,1785.696335078534,2497.0767888307155,2084.9267015706805,1711.2914485165793,1360.0715532286213,1745.7556719022687,2138.977312390925,2748.6020942408377,1997.5584642233857,2377.7329842931936,2497.959860383944,2236.7521815008727,1380.0610820244328,1521.495636998255,1565.5078534031413,2016.2530541012216,2825.13612565445,4801.094240837696,5875.888307155323,6144.729493891798,3370.4886561954627,1830.1413612565445,1398.3961605584643,1437.3612565445026,1277.6614310645725,1514.0471204188482,1544.9546247818498,2173.8150087260033,2572.3542757417104,3163.973821989529,3687.6195462478186,4445.7696335078535,2267.5095986038395,1957.495636998255,1862.804537521815,2107.1186736474697,2217.151832460733,3210.8394415357766,4166.835951134381,3380.5305410122164,2455.4904013961605,3312.607329842932,2478.4642233856894,1648.8202443280977,1474.6771378708552,1780.5287958115184,2203.476439790576,3395.3420593368237,2646.499127399651,1886.1623036649214,1818.022687609075,2118.832460732984,2244.692844677138,2519.933682373473,2091.848167539267,1743.588132635253,2145.549738219895,2194.6195462478186,2058.7748691099478,3359.3769633507854,3124.8778359511343,1974.0715532286213,1881.4938917975567,2897.246073298429,3045.4851657940662,2449.0802792321115,2828.734729493892,4106.038394415358,5630.636998254799,3934.1919720767887,2009.434554973822,1616.216404886562,1294.5602094240837,1457.6125654450261,1408.0087260034904,1851.0715532286213,1581.6596858638743,1485.9406631762652,1301.0209424083769,1387.739965095986,1138.5811518324608,1261.2006980802792,1292.4869109947645,1346.9528795811518,1374.4712041884816,1375.7591623036649,1111.303664921466,1458.3141361256544,1487.500872600349,1373.434554973822,1137.4816753926702,1278.5305410122164,1138.846422338569,1258.3071553228622,1195.0087260034904,1349.2408376963351,1118.286212914485,1280.4153577661432,1100.0174520069809,1413.368237347295,1217.0401396160557,1260.2286212914485,1122.4258289703316,1234.7085514834207,1144.7521815008727,1241.4450261780105,1222.3507853403141,1472.4397905759163,1163.2111692844678,1250.8952879581152,1155.4921465968587,1231.1448516579408,1081.8952879581152,1184.068062827225,1362.3420593368237,1524.6247818499128,1509.7853403141362,1443.4607329842931,1432.5392670157069,1800.6788830715532,1893.933682373473,1643.6701570680627,1773.125654450262,2434.5549738219897,1610.6893542757416,1307.0104712041884,1160.8603839441537,1265.174520069808,1259.4205933682374,1184.8097731239093,1103.931937172775,1333.8935427574172,1102.4083769633507,1323.565445026178,1114.7015706806283,1269.0314136125655,1186.2111692844678,1177.3909249563699,1094.2984293193717,1198.0488656195462,1208.7364746945898,1573.4048865619545,1844.0104712041884,1696.605584642234,1369.607329842932,1329.977312390925,1501.5968586387435,1494.12739965096,1307.2914485165793,1492.9860383944153,1537.7207678883071,1717.8115183246073,1310.2425828970331,1198.0593368237348,1178.260034904014,1319.7748691099475,1303.1239092495637,1735.916230366492,2025.739965095986,1823.1378708551483,1295.3804537521814,1375.7905759162304,1481.0785340314137,1991.457242582897,1475.261780104712,1472.4432809773125,1563.8411867364746,1927.3193717277486,2081.9633507853405,2091.977312390925,1637.0924956369984,1506.3961605584643,1346.8376963350786,1675.9668411867365,1362.3123909249564,1285.3734729493892,1098.2897033158813,1281.523560209424,1431.2687609075044,1482.3979057591623,1576.4624781849914,1819.607329842932,1447.500872600349,1759.9511343804538,2187.4851657940662,2318.916230366492,1607.7417102966842,1729.914485165794,1874.7905759162304,1687.2216404886562,1574.1849912739965,1810.8184991273997,1980.0715532286213,2315.3315881326353,1652.4328097731238,1966.4712041884816,2358.0785340314137,3130.062827225131,1989.0471204188482,1824.7940663176266,1760.1204188481674,1828.3961605584643,2281.369982547993,3730.734729493892,4712.3368237347295,3488.366492146597,2824.731239092496,3395.546247818499,2099.980802792321,1698.0191972076789,2061.8376963350784,2954.8359511343806,2445.9895287958116,2777.198952879581,2493.280977312391,2674.2094240837696,2572.387434554974,3587.5951134380452,2761.349040139616,1968.825479930192,1566.3787085514834,1792.5776614310646,2331.431064572426,2095.312390924956,1429.2303664921467,1856.5602094240837,2797.7818499127397,3847.4031413612565,2595.3979057591623,3186.910994764398,3297.7870855148344,3224.930191972077,4423.940663176265,3464.678883071553,2437.368237347295,4120.595113438046,5055.794066317627,2848.6614310645723,2230.8132635253055,3442.347294938918,5178.921465968587,5758.303664921466,4977.95462478185,3812.7940663176264,2931.4031413612565,3194.233856893543,5179.01745200698,7223.284467713787,4821.452006980803,3440.9458987783596,5401.883071553229,8810.931937172774,5861.178010471204,3536.113438045375,2142.0541012216404,1903.7556719022687,2134.722513089005,3308.0069808027924,3457.4031413612565,3505.413612565445,4432.50959860384,6678.324607329843,4551.972076788831,2718.413612565445,2046.2547993019198,1524.8272251308902,1349.125654450262,1664.4659685863874,1642.6195462478186,2071.153577661431,3222.9022687609076,3450.973821989529,2111.179755671902,1793.478184991274,1836.4712041884816,1801.3769633507854,1465.912739965096,1815.713787085515,2452.4013961605583,3603.7731239092495,2735.1186736474697,2388.4520069808027,2393.6457242582896,1793.935427574171,1511.6108202443281,1746.34554973822,2470.6579406631763,2477.0069808027924,1614.8603839441537,1656.174520069808,1564.6492146596859,1939.4467713787085,1485.3734729493892,1575.8568935427575,1578.0279232111693,2248.3403141361255,2604.6195462478186,2328.478184991274,1845.3891797556719,1539.2059336823734,1407.6474694589879,1610.542757417103,1509.8429319371728,1587.916230366492,1969.1588132635254,1864.6893542757416,1490.068062827225,1548.9912739965096,1344.6160558464223,1629.5549738219895,2190.9877835951133,3436.610820244328,2408.8656195462477,1673.8376963350786,1581.891797556719,1508.804537521815,1418.502617801047,1713.4397905759163,1402.9947643979058,1507.2478184991273,1684.2897033158813,2376.7242582897034,2606.493891797557,2300.0069808027924,1550.890052356021,1763.544502617801,2281.4904013961605,2617.0331588132635,1674.7294938917976,1516.958115183246,1448.022687609075,2109.6143106457243,1708.7975567190226,1502.2094240837696,1500.087260034904,1713.1064572425828,1961.2408376963351,2331.9022687609076,1625.301919720768,1705.808027923211,2105.500872600349,2279.525305410122,1383.867364746946,1402.2582897033158,1179.6422338568937,1316.2460732984293,1256.715532286213,1457.3664921465968,1408.455497382199,1915.7469458987784,2862.3979057591623,2396.066317626527,1301.0261780104713,1329.0331588132635,1351.1291448516579,1684.0732984293193,1262.9808027923211,1468.195462478185,1168.0523560209424,1463.0104712041884,1332.8150087260035,1274.108202443281,1260.6369982547992,1370.7591623036649,1367.7015706806283,1930.0959860383944,2312.6596858638745,1796.7085514834207,1640.0541012216404,2634.696335078534,2604.392670157068,1563.6195462478186,1427.0575916230366,1654.1780104712043,1569.9546247818498,1546.3787085514834,1236.0732984293193,1553.7434554973822,1931.6666666666667,2444.25479930192,2802.933682373473,2059.312390924956,1434.9633507853403,1625.8132635253055,1689.2513089005236,2311.1116928446772,1747.9930191972078,1796.975567190227,1751.2809773123909,2321.4066317626525,1690.1204188481674,1661.1588132635254,1982.5130890052355,2203.5113438045373,1416.0209424083769,1481.8429319371728,1725.125654450262,2952.174520069808,3722.0506108202444,2184.99127399651,1770.5322862129144,1950.804537521815,1476.696335078534,1555.3507853403141,1636.958115183246,1825.3176265270506,1514.7329842931938,1512.5933682373472,1341.3542757417104,1893.0732984293193,2795.8534031413615,2460.8534031413615,1389.5479930191973,1469.5061082024433,1308.0401396160557,1378.7225130890051,1446.2949389179755,1681.2897033158813,1417.849912739965,2019.8272251308902,1856.6841186736474,1765.0052356020942,1287.410122164049,1281.5724258289704,1127.9301919720767,1302.631762652705,1239.9947643979058,1532.9720767888307,1773.2233856893542,1976.4083769633507,1445.6195462478186,1374.7853403141362,1250.176265270506,1548.586387434555,1637.589877835951,1758.4607329842931,1758.1204188481674,2324.457242582897,2065.5828970331586,1502.4834205933682,1437.6910994764398,1716.7207678883071,1932.5410122164049,2107.568935427574,2008.977312390925,2393.392670157068,1906.0541012216404,1766.975567190227,1418.8883071553228,1661.6579406631763,1771.4240837696334,1835.2425828970331,1410.7993019197208,1664.2897033158813,1806.8272251308902,2777.1151832460732,4235.570680628272,4585.525305410122,1794.5794066317626,1571.2460732984293,1601.958115183246,1455.9389179755672,1131.8778359511343,1396.1239092495637,1250.125654450262,1352.4415357766143,1508.764397905759,1521.132635253054,1224.2111692844678,1418.3979057591623,1281.2495636998256,1408.9214659685863,1287.0261780104713,1544.0139616055847,1434.022687609075,1628.3612565445026,1950.0575916230366,2612.0,1852.260034904014,1328.1867364746945,1183.5951134380455,1391.4188481675392,1340.9301919720767,1890.7574171029669,1670.3089005235602,1600.6352530541012,1227.7242582897034,1576.6492146596859,1691.2425828970331,1599.6020942408377,1208.542757417103,1309.848167539267,1191.8219895287957,1253.8848167539268,1197.5794066317626,1391.6771378708552,1306.261780104712,1540.216404886562,1483.368237347295,1573.5357766143106,1415.4013961605585,1428.2495636998256,1375.8376963350786,1697.1849912739965,2411.219895287958,2109.5165794066315,1210.1902268760907,1358.0,1254.6369982547992,1262.7713787085515,1203.9528795811518,1433.1675392670156,1545.7207678883071,2472.607329842932,2368.4659685863876,1991.3996509598603,1524.239092495637,1775.284467713787,1693.0732984293193,1667.4031413612565,1817.193717277487,2641.474694589878,3148.5619546247817,2380.2757417102966,1749.6509598603839,2197.4118673647467,2460.378708551483,2747.621291448517,1920.151832460733,2101.5043630017453,3426.7207678883074,4027.898778359511,1944.3804537521814,1567.7190226876091,1383.764397905759,1484.1815008726003,1412.1692844677139,1660.874345549738,1375.085514834206,1505.193717277487,1515.958115183246,2139.5392670157066,3215.980802792321,4837.87260034904,3160.42757417103,2293.788830715532,2003.5183246073298,2503.9685863874347,1851.3158813263526,2376.0069808027924,2750.368237347295,1815.9685863874345,1488.9232111692845,1931.6788830715532,2376.9232111692845,2731.171029668412,1788.2722513089004,1858.1169284467715,2345.219895287958,4169.6701570680625,6345.066317626527,4401.294938917976,3277.9860383944156,2896.0994764397906,2566.3769633507854,2029.4275741710296,1628.024432809773,2028.9476439790576,2699.312390924956,5175.626527050611,4787.546247818499,2318.106457242583,1624.8202443280977,2069.174520069808,2807.026178010471,4111.246073298429,2309.95462478185,2112.521815008726,2561.415357766143,3829.4223385689356,2373.251308900524,1711.0261780104713,1385.9389179755672,1521.5357766143106,1595.239092495637,2195.13612565445,3012.762652705061,4880.860383944154,4423.846422338569,5411.4101221640485,6934.6300174520065,3570.717277486911,2436.82722513089,3644.757417102967,5747.771378708551,5729.657940663176,3148.9458987783596,2469.286212914485,3333.0157068062827,6388.631762652705,7387.287958115183,2945.0506108202444,1667.6841186736474,1738.869109947644,1819.6596858638743,1843.0122164048867,1413.4712041884816,1482.5846422338568,1494.3525305410121,1963.9476439790576,1973.2739965095986,2991.731239092496,3736.378708551483,4697.748691099477,3444.022687609075,4524.129144851658,7123.387434554974,5630.636998254799,6036.801047120419,4580.9301919720765,2895.8342059336824,3226.8848167539268,3577.246073298429,2154.0994764397906,1571.8289703315882,1673.2687609075044,2230.638743455497,2566.99127399651,1973.9930191972078,2177.8830715532285,2006.6265270506108,2614.30017452007,4479.476439790576,7304.200698080279,3542.785340314136,2067.3455497382197,1936.3839441535777,1773.6684118673647,1829.1623036649214,2602.8603839441535,4537.361256544503,7835.928446771379,6409.938917975567,8322.204188481675,5122.85514834206,4656.158813263525,6207.919720767888,4405.040139616056,2471.982547993019,1941.1396160558463,1862.764397905759,2299.2495636998256,3530.87260034904,6195.841186736475,6575.801047120419,5959.50959860384,5395.394415357766,5704.492146596858,2766.624781849913,2755.8621291448517,3077.521815008726,2441.521815008726,1688.2216404886562,1613.1553228621292,1604.2914485165793,1870.656195462478,2436.3141361256544,3898.0820244328097,3146.8516579406632,4757.237347294939,4480.6038394415355,5949.752181500872,7443.994764397906,10705.589877835951,18633.49040139616,13795.689354275743,4551.471204188481,2661.6230366492146,2627.844677137871,4546.905759162304,4611.068062827225,5710.47294938918,9788.602094240838,7461.6561954624785,3308.061082024433,1843.411867364747,1605.1029668411868,2141.630017452007,3022.0122164048867,4873.551483420593,4958.993019197208,6207.123909249563,3447.9930191972076,1880.326352530541,1603.520069808028,1650.6666666666667,1579.3106457242584,1906.2303664921467,2329.219895287958,3481.502617801047,6816.157068062827,5685.73647469459,2451.694589877836,2208.9267015706805,2614.675392670157,4509.884816753926,4497.286212914485,7626.385689354276,6291.232111692844,4175.3961605584645,2018.1623036649214,1786.0279232111693,1911.7033158813263,2147.4485165794067,2271.849912739965,3866.113438045375,7524.649214659686,6124.647469458988,2544.6893542757416,1973.4415357766143,1749.1553228621292,2443.066317626527,2246.1832460732985,1736.4624781849914,1694.9301919720767,2324.0523560209426,2185.0314136125653,2363.8568935427575,2850.17277486911,2964.1343804537523,3216.2495636998256,6299.47294938918,9703.670157068063,5943.73647469459,7318.441535776615,5930.198952879581,2520.4520069808027,2148.0244328097733,1799.5584642233857,2156.848167539267,1533.2094240837696,1604.3158813263526,1593.7870855148342,1662.284467713787,1699.1553228621292,2458.942408376963,4202.5567190226875,8543.59162303665,5677.8167539267015,3029.7102966841185,1786.4188481675392,1585.523560209424,1371.134380453752,1360.5130890052355,1393.5270506108202,1481.7190226876091,1374.806282722513,1686.6143106457243,2136.179755671902,2922.7085514834207,5435.4834205933685,5958.977312390925,2435.280977312391,2103.631762652705,2004.762652705061,2020.9790575916231,1557.6230366492146,1728.849912739965,1666.6160558464223,1590.2949389179755,1519.0890052356021,2334.265270506108,2879.5759162303666,5740.546247818499,3377.9668411867365,1782.371727748691,1442.326352530541,1502.2129144851658,1384.0541012216404,1506.6108202443281,1426.2809773123909,1531.8970331588132,1458.9650959860385,1809.4310645724258,2152.804537521815,4085.092495636998,4046.502617801047,2173.4450261780103,2027.762652705061,2179.677137870855,1711.520069808028,1745.326352530541,1480.9947643979058,1566.3630017452008,1607.6841186736474,2016.9598603839443,2667.3577661431063,4000.5392670157066,8876.424083769634,15462.907504363002,11014.089005235603,5582.39092495637,3281.4694589877836,2371.2443280977313,1570.132635253054,1472.6666666666667,1245.195462478185,1397.4450261780105,1210.9616055846423,1286.914485165794,1137.7050610820245,1287.5567190226875,1172.7329842931938,1327.4223385689354,1388.760907504363,1720.9668411867365,1522.9389179755672,1664.0366492146597,1748.5567190226875,1480.5986038394415,1371.1064572425828,1483.7958115183246,1249.2547993019198,1495.56369982548,1853.4746945898778,2764.7068062827225,1653.0314136125655,1460.1029668411868,1382.413612565445,1941.6352530541012,2076.4677137870854,2274.7504363001744,1766.2547993019198,1599.9825479930191,1370.4520069808027,1767.7748691099475,1289.9738219895287,1575.631762652705,2132.6666666666665,3956.450261780105,3241.9581151832463,1953.9441535776614,1318.174520069808,1367.286212914485,1408.3158813263526,1633.1570680628272,1244.2146596858638,1331.739965095986,1370.9703315881327,2049.788830715532,3570.4240837696334,2740.5741710296684,2694.893542757417,2847.7696335078535,1808.5305410122164,1789.0977312390926,1574.282722513089,1518.87260034904,1295.8115183246073,1445.8621291448517,1351.5846422338568,1724.9842931937173,1923.4450261780105,1818.476439790576,1548.1378708551483,2013.0122164048867,2435.3158813263526,2896.265270506108,2864.60907504363,2656.4240837696334,1860.9912739965096,1549.0628272251308,1402.8883071553228,1558.4013961605585,1569.4694589877836,1604.890052356021,1419.9930191972078,1590.216404886562,1865.3769633507854,2625.694589877836,2979.7521815008727,2055.8743455497383,2252.9057591623036,2748.738219895288,2442.101221640489,2292.719022687609,1900.694589877836,2460.8568935427575,2994.129144851658,3595.759162303665,3378.7260034904016,2589.780104712042,1854.176265270506,2212.748691099476,3283.020942408377,3265.4432809773125,2630.6596858638745,2444.9249563699827,1773.931937172775,1967.8970331588132,1566.628272251309,1864.977312390925,2008.0575916230366,2627.3996509598605,2324.364746945899,2075.4729493891796,2226.7207678883074,1925.9825479930191,1678.7085514834207,2199.2356020942407,2737.9842931937173,2179.8376963350784,1801.7347294938918,1620.368237347295,1552.1047120418848,1923.1867364746945,1683.6369982547992,2422.7417102966842,3142.171029668412,2161.176265270506,1671.3664921465968,2288.1884816753927,2788.1623036649216,2362.2303664921465,2907.1186736474697,5085.073298429319,4267.5567190226875,2669.0157068062827,2393.982547993019,2137.057591623037,2042.9720767888307,2206.6666666666665,1994.694589877836,2416.2897033158815,1644.8534031413612,1792.043630017452,1923.6823734729494,1860.476439790576,2149.521815008726,3055.7766143106455,1986.8150087260035,1755.6666666666667,1975.5270506108202,2671.324607329843,3258.4223385689356,5324.6561954624785,7671.015706806283,5755.680628272251,3451.544502617801,2580.1396160558465,3151.675392670157,5830.347294938918,8230.987783595114,4067.1780104712043,2473.108202443281,2970.4258289703316,4724.2722513089,5272.87260034904,4586.3961605584645,2308.95462478185,1801.7033158813263,1835.3804537521814,1467.43630017452,2113.650959860384,2143.022687609075,4242.898778359511,3076.886561954625,2029.1972076788832,1800.2897033158813,1963.0506108202444,2644.3455497382197,3551.439790575916,3869.5113438045373,5625.373472949389,6954.507853403142,9244.261780104713,9560.521815008726,5696.671902268761,7507.5497382198955,11632.719022687608,6552.111692844677,4529.068062827225,5420.242582897034,3602.329842931937,3821.5165794066315,3236.0715532286213,2798.4258289703316,4936.5497382198955,8070.287958115183,4676.455497382199,3967.2949389179757,7724.102966841187,10086.392670157067,4331.385689354276,2648.0785340314137,3078.5794066317626,4127.837696335078,9769.006980802793,11966.047120418849,5798.933682373473,5917.04537521815,8483.657940663175,5103.734729493892,3797.5933682373475,4129.200698080279,4332.8167539267015,4021.717277486911,2587.1849912739967,2290.5130890052355,3933.6631762652705,3953.4013961605583,4032.73647469459,2629.176265270506,2103.624781849913,2475.216404886562,2268.3507853403144,1675.34554973822,1873.347294938918,2404.5794066317626,4911.366492146597,4058.7155322862127,2239.7015706806283,1619.565445026178,1547.434554973822,1607.8603839441537,2329.607329842932,3529.876090750436,5602.77312390925,2744.307155322862,2427.581151832461,3086.9685863874347,5134.167539267016,10819.931937172774,8024.068062827225,3908.8970331588134,2529.383944153578,1884.9458987783596,2344.5305410122164,2638.678883071553,2139.476439790576,1893.5986038394415,2117.907504363002,2473.886561954625,3193.12739965096,2069.303664921466,1774.9685863874345,1715.8603839441537,1796.193717277487,2056.5340314136124,1860.0802792321117,1662.8376963350786,1749.3647469458988,1766.4520069808027,1680.5741710296684,1512.8307155322861,1747.6178010471203,1603.7015706806283,1545.4607329842931,1514.7783595113438,2535.6143106457243,3010.8184991273997,4350.657940663176,2404.4729493891796,1706.0331588132635,1454.7713787085515,1717.282722513089,1435.083769633508,1580.6998254799303,1727.6178010471203,3293.8551483420592,3657.5741710296684,2232.5951134380452,1980.9493891797556,3364.6544502617803,8467.647469458987,6306.848167539267,2672.179755671902,1942.2495636998256,1608.7766143106458,1598.3664921465968,1490.8272251308902,1443.4223385689354,1460.4834205933682,1722.2233856893542,2430.7521815008727,2235.2582897033158,1572.7993019197208,1542.5078534031413,1561.0628272251308,1711.542757417103,1513.7923211169284,2295.673647469459,2061.4904013961605,2840.759162303665,5282.806282722513,7220.087260034904,3268.471204188482,2166.525305410122,1785.4642233856894,1692.4467713787085,1479.284467713787,2041.438045375218,2289.4240837696334,3546.675392670157,3409.9197207678885,2102.9650959860382,1600.497382198953,1455.764397905759,1238.5846422338568,1329.8132635253055,1190.7452006980802,1328.6230366492146,1422.6160558464223,1919.1465968586388,1323.0279232111693,1233.5968586387435,1067.846422338569,1155.8307155322861,1072.9633507853403,1181.5567190226875,1110.9808027923211,1341.4188481675392,1314.8027923211168,2092.6980802792323,2900.5392670157066,7798.956369982548,10312.856893542757,5456.191972076789,3154.378708551483,2047.891797556719,1414.6439790575917,1417.4642233856894,1537.1780104712043,1555.2687609075044,1216.2321116928447,1332.6230366492146,1170.151832460733,1308.8883071553228,1695.738219895288,2755.1256544502617,2309.8219895287957,1786.3507853403141,1460.764397905759,1521.7766143106458,1279.3420593368237,1336.134380453752,1268.1553228621292,1471.3909249563699,1412.5689354275742,1592.6876090750436,1382.9528795811518,1601.6265270506108,1811.7661431064573,2114.364746945899,2254.286212914485,2508.3158813263526,1668.4275741710296,1578.1483420593368,1326.0610820244328,1392.476439790576,1366.5479930191973,1838.7347294938918,2279.2286212914487,1832.9214659685863,1404.1221640488657,1441.7923211169284,1426.0157068062827,1433.0122164048867,1176.7923211169284,1166.438045375218,1336.764397905759,1424.125654450262,1318.150087260035,1799.4013961605585,1527.631762652705,1596.7225130890051,1780.9650959860385,1667.5253054101222,1525.9668411867365,1630.5095986038395,1533.2722513089004,1841.5130890052355,1626.8097731239093,2251.848167539267,1751.4240837696334,1470.3996509598603,1355.3821989528797,1885.9616055846423,1249.630017452007,1415.4642233856894,1288.1012216404886,1479.4467713787085,1530.6404886561954,1627.2966841186737,1490.2129144851658,1539.4694589877836,1295.0924956369984,1386.7870855148342,1468.5532286212915,1549.500872600349,1258.931937172775,1390.2338568935427,1664.8586387434555,1789.3141361256544,2169.621291448517,1922.783595113438,1687.2425828970331,1592.2652705061082,1402.78184991274,1564.713787085515,1415.6998254799303,1534.9214659685863,1319.3385689354275,1435.0890052356021,1510.867364746946,1526.0488656195462,1312.024432809773,1444.5968586387435,1348.5584642233857,1839.2809773123909,1350.9912739965096,1601.6352530541012,1759.9092495636999,2184.6980802792323,1614.1483420593368,1736.5410122164049,2084.537521815009,3969.5148342059338,3397.6230366492146,4658.998254799302,3076.8516579406632,2393.5392670157066,1790.5148342059338,1593.083769633508,1479.4397905759163,1616.6090750436301,1298.2059336823734,1381.2286212914485,1247.5305410122164,1428.3141361256544,1452.8429319371728,2106.9650959860382,2954.4904013961605,2912.1396160558465,3768.3158813263526,3724.982547993019,2329.3141361256544,2023.7085514834207,1857.931937172775,2239.2879581151833,3495.087260034904,3259.0732984293195,1931.8621291448517,1771.520069808028,1474.3106457242584,1573.738219895288,1693.9965095986038,1645.2233856893542,1469.2879581151833,1595.2321116928447,1453.495636998255,1712.1902268760907,2098.844677137871,3558.3507853403144,6449.012216404886,5296.722513089006,3285.5270506108204,3061.150087260035,2301.005235602094,1899.4712041884816,1696.891797556719,1987.1832460732985,1840.3542757417104,1912.6265270506108,2791.00872600349,5148.986038394415,3028.952879581152,2311.3996509598605,2507.647469458988,3199.8080279232113,3017.7678883071553,2412.4066317626525,2931.994764397906,5695.741710296684,3319.0,2816.1867364746945,3554.5759162303666,6746.762652705061,11536.88132635253,6663.975567190227,3553.4886561954627,2740.9720767888307,2562.8429319371726,2470.092495636998,2311.265270506108,2314.500872600349,2814.4485165794067,6384.08202443281,4918.677137870855,4357.376963350785,5415.511343804537,3656.092495636998,2506.844677137871,2464.0558464223386,3662.104712041885,6363.671902268761,5789.90052356021,3448.5322862129146,2403.7120418848167,1959.2897033158813,1683.457242582897,2213.6666666666665,4004.2356020942407,4288.1099476439795,3916.757417102967,6222.738219895288,4975.935427574171,4039.6003490401395,5065.191972076789,10024.556719022688,11451.273996509599,7614.186736474695,5736.883071553229,3522.652705061082,2376.2722513089006,2023.0383944153577,1780.628272251309,2191.321116928447,1866.869109947644,2020.565445026178,2960.4118673647467,2387.0418848167537,1797.9598603839443,1798.5567190226875,1665.628272251309,2138.5183246073298,2576.237347294939,2674.626527050611,2518.2705061082024,2930.5794066317626,5344.7766143106455,16142.298429319371,23084.317626527052,12613.429319371728,7875.734729493892,6302.507853403142,7338.303664921466,10468.20942408377,6916.040139616056,7961.162303664922,5590.499127399651,4919.8237347294935,4412.722513089006,3410.25479930192,2462.785340314136,2263.678883071553,2174.2076788830714,3506.280977312391,2876.73647469459,3492.113438045375,4940.532286212914,4121.57242582897,3030.1378708551483,2290.8568935427575,1756.5986038394415,1807.956369982548,1748.0907504363001,2051.6230366492146,1926.760907504363,2283.610820244328,3776.0541012216404,3454.6195462478186,3203.980802792321,3445.673647469459,2583.3804537521814,3536.040139616056,3418.3455497382197,2484.1204188481674,1970.8935427574172,2411.0506108202444,1971.8376963350786,3448.870855148342,9076.392670157067,7614.973821989529,4109.851657940663,2843.5340314136124,2349.233856893543,2863.3420593368237,2433.00872600349,2189.7417102966842,2001.804537521815,2964.603839441536,2586.4293193717276,2752.453752181501,2468.3856893542757,2478.630017452007,3124.5951134380452,7083.991273996509,12998.977312390925,9938.839441535776,11228.994764397905,6117.513089005236,3858.584642233857,2907.8219895287957,2136.998254799302,1894.453752181501,1721.5759162303666,1850.7521815008727,1872.453752181501,2166.0959860383946,2163.4031413612565,2757.092495636998,2167.6020942408377,2700.061082024433,3183.57242582897,2508.8883071553228,1963.2705061082024,1843.916230366492,1810.806282722513,2224.479930191972,2730.7783595113438,4625.5898778359515,10496.705061082024,8705.075043630017,4555.638743455497,3815.7329842931936,4700.1500872600345,3592.820244328098,2491.3996509598605,2564.9668411867365,3157.9703315881325,2681.7678883071553,3266.349040139616,6488.162303664922,9884.652705061082,6458.20942408377,3586.8656195462477,2660.952879581152,2354.7643979057593,2188.565445026178,1669.5532286212915,1701.9650959860385,1452.413612565445,1918.4432809773125,1458.5165794066318,1935.3804537521814,2094.12739965096,2038.0488656195462,2673.8970331588134,2404.048865619546,1931.0785340314137,2395.677137870855,2224.198952879581,2176.6422338568937,2717.802792321117,2668.982547993019,1925.1169284467715,2037.6038394415357,2298.4642233856894,4146.085514834206,8951.422338568935,6335.575916230367,5587.488656195463,3838.500872600349,3112.1919720767887,2552.2949389179757,1866.0820244328097,1812.3542757417104,1865.4520069808027,1973.0942408376964,2069.3350785340313,3651.190226876091,9307.485165794067,7119.376963350785,4621.027923211169,4138.825479930192,3821.5828970331586,6977.116928446771,6323.774869109948,7598.441535776615,18010.994764397907,15408.212914485166,8847.813263525306,6959.17277486911,4467.380453752182,3868.675392670157,4685.448516579407,4082.4904013961605,2819.174520069808,2786.5305410122164,3874.5828970331586,7719.293193717277,7427.628272251309,4445.788830715533,3230.260034904014,3048.3717277486912,4483.17277486911,8792.923211169284,6305.080279232112,5872.8900523560205,4172.839441535777,3271.6143106457243,3039.8132635253055,4903.79057591623,10213.830715532285,12521.530541012216,13712.293193717278,9223.6352530541,5519.5968586387435,4108.075043630018,2995.251308900524,3107.432809773124,3659.5706806282724,2700.1832460732985,2368.973821989529,2650.541012216405,2579.8342059336824,2105.303664921466,1796.78184991274,1839.5828970331588,1482.8289703315882,1627.4921465968587,1963.1116928446772,2715.286212914485,3641.5986038394417,6724.460732984293,10619.534031413612,19348.61605584642,12017.886561954625,8500.521815008726,9800.88132635253,7495.364746945898,8084.650959860384,12843.729493891797,7403.895287958115,4876.141361256545,3451.2670157068064,2848.040139616056,2124.8429319371726,2322.823734729494,1733.2897033158813,1881.7958115183246,2551.9493891797556,6575.689354275742,17760.347294938918,13090.413612565446,8314.394415357767,5973.486910994764,4440.4834205933685,4430.994764397906,6767.2565445026175,18588.8184991274,34858.24956369983,20949.56369982548,13039.492146596858,10851.617801047121,7113.048865619547,5716.193717277487,6060.321116928447,4491.839441535777,4789.6561954624785,4365.732984293194,3337.9249563699827,3073.39092495637,2497.109947643979,2882.43630017452,3269.942408376963,3076.6893542757416,4498.818499127399,13860.394415357767,29351.23385689354,20058.720767888306,11894.647469458987,7986.417102966841,6346.862129144852,8548.211169284468,16040.83595113438,21148.7242582897,17955.3647469459,17169.488656195463,14647.35427574171,9804.520069808028,8259.774869109948,7615.064572425829,5068.198952879581,3300.1832460732985,2637.692844677138,2333.7033158813265,2002.1064572425828,2185.1378708551483,2674.129144851658,3245.3507853403144,4655.087260034904,3569.502617801047,2612.886561954625,2320.9441535776614,2153.801047120419,2249.1884816753927,1965.5130890052355,2488.349040139616,2753.6614310645723,2345.471204188482,1857.497382198953,2278.647469458988,2538.0296684118675,4173.474694589878,5857.715532286213,4622.39965095986,3886.912739965096,6962.169284467714,9453.083769633507,9604.919720767888,10952.602094240838,6981.406631762653,7718.380453752182,17292.92495636998,14882.458987783595,14303.349040139616,11494.956369982548,7098.198952879581,5321.523560209424,4502.162303664922,3539.6195462478186,3197.7260034904016,3102.361256544503,3180.219895287958,2563.13612565445,2724.5340314136124,3225.9703315881325,4788.116928446771,8822.661431064573,17573.73647469459,19399.076788830716,12320.01919720768,7788.09947643979,7600.2303664921465,10541.123909249563,9444.020942408377,6230.959860383944,5811.469458987784,4433.01745200698,3732.2303664921465,3567.520069808028,2809.616055846422,2071.6457242582896,1940.2984293193717,1714.546247818499,1789.495636998255,1533.1849912739965,1805.4694589877836,2788.1780104712043,5985.851657940663,17229.193717277485,18202.703315881325,11258.326352530541,7932.005235602094,6143.181500872601,6349.546247818499,5292.178010471204,4141.539267015707,3702.9685863874347,3684.431064572426,3310.956369982548,4342.968586387435,4554.677137870855,3234.9179755671903,3223.612565445026,6389.181500872601,4340.687609075044,3043.743455497382,2231.8551483420592,2363.3717277486912,2838.1221640488657,2903.7923211169286,2461.631762652705,2957.1692844677136,3574.979057591623,3274.0523560209426,4870.975567190227,14622.523560209424,13825.769633507853,9126.834205933683,10365.724258289703,9265.930191972076,6801.9703315881325,8103.6631762652705,6521.633507853403,4128.867364746946,2822.0418848167537,2501.86387434555,1967.8621291448517,2173.912739965096,2666.4380453752183,2702.5392670157066,2304.415357766143,2159.04537521815,1890.9005235602094,1900.3542757417104,2184.525305410122,2916.7748691099478,1906.3909249563699,1774.6212914485166,1504.4729493891798,1499.2984293193717,1620.7207678883071,1869.0,1790.303664921466,2059.3996509598605,1683.4502617801047,1720.8150087260035,1719.12739965096,2199.237347294939,2271.6143106457243,2172.9197207678885,2842.317626527051,4824.5636998254795,4369.013961605585,3218.057591623037,2334.757417102967,1954.7469458987784,1682.2251308900525,1810.193717277487,1628.0209424083769,1791.717277486911,1723.521815008726,1733.174520069808,2333.7207678883074,2969.589877835951,5404.106457242583,5838.073298429319,3971.366492146597,4431.815008726004,7768.106457242583,7666.741710296684,5702.51832460733,4985.49040139616,6742.331588132635,6350.877835951134,5360.891797556719,5743.448516579407,4570.01745200698,3685.2879581151833,5246.605584642234,5593.1902268760905,7373.202443280978,12050.03490401396,7922.4363001745205,6199.452006980803,6671.258289703316,5264.4363001745205,4344.413612565445,3247.369982547993,2308.4834205933685,2163.190226876091,2341.431064572426,4694.504363001745,6004.212914485166,5337.766143106457,4237.197207678883,3051.219895287958,2484.5305410122164,3175.0104712041884,2838.502617801047,2844.6457242582896,2154.2478184991273,2033.4607329842931,2453.3368237347295,5490.579406631763,5314.853403141361,3972.6422338568937,2959.4485165794067,3313.324607329843,4059.717277486911,4840.668411867365,6182.2966841186735,10060.872600349041,6579.09947643979,6511.167539267016,8905.153577661431,10639.771378708552,9547.643979057591,14213.253054101222,9189.575916230366,5870.397905759162,4523.65445026178,3542.9720767888307,2394.2129144851656,1909.3368237347295,1472.3228621291448,1429.739965095986,1308.8324607329844,1665.1291448516579,2815.43630017452,4288.113438045375,3126.7207678883074,2897.3856893542757,2913.898778359511,4129.767888307156,12338.43630017452,19740.652705061082,12328.760907504364,9415.050610820244,9089.535776614312,12734.897033158813,8671.523560209424,5881.062827225131,5834.787085514834,4353.191972076789,3145.541012216405,2956.4066317626525,5624.026178010471,12628.656195462478,12825.486910994765,7907.8900523560205,5021.621291448517,4038.106457242583,4080.2844677137873,3897.7870855148344,3366.265270506108,5799.383944153577,8032.113438045375,12327.670157068063,11505.417102966841,24652.165794066317,30326.71727748691,19922.298429319373,15097.280977312392,22227.3647469459,19023.116928446772,13494.389179755672,9007.03490401396,6691.328097731239,5292.500872600349,4162.4363001745205,2927.9092495636996,2638.109947643979,3510.0977312390924,9052.53752181501,14210.438045375218,9866.715532286213,8594.977312390925,18812.759162303664,22714.994764397907,15103.012216404886,10735.392670157067,11532.106457242582,17422.179755671903,20878.56544502618,29065.05410122164,19324.17102966841,11661.549738219896,7728.649214659686,5375.022687609075,3976.3944153577663,3637.478184991274,4318.132635253054,3081.6369982547994,2500.2251308900522,2042.7766143106458,2456.7696335078535,3072.7521815008727,5087.778359511344,15429.073298429319,18274.923211169284,11326.982547993019,8760.21815008726,7553.026178010471,5624.5165794066315,3903.7417102966842,3124.092495636998,3207.5567190226875,9127.253054101222,16183.928446771379,10709.478184991274,10276.05410122164,11410.605584642233,8785.17277486911,14915.212914485166,14799.338568935427,9280.00872600349,5790.910994764398,4140.73647469459,3553.952879581152,2975.4223385689356,2059.589877835951,1804.6404886561954,1561.5410122164049,1528.0401396160557,1517.5567190226875,1611.9197207678883,1890.523560209424,2314.499127399651,1828.542757417103,2330.6893542757416,2076.109947643979,2054.439790575916,2235.4240837696334,2358.682373472949,2297.2076788830714,2045.931937172775,1677.9738219895287,1861.1692844677139,1753.846422338569,1870.7015706806283,1561.9389179755672,1469.130890052356,1489.2006980802792,1576.0261780104713,2301.2129144851656,4432.001745200698,4655.186736474695,5777.148342059337,11743.8184991274,8915.85514834206,6155.532286212914,5781.602094240838,6315.301919720768,4689.891797556719,3383.2216404886562,2963.2268760907505,2503.788830715532,2802.6282722513088,3575.8516579406632,6902.968586387435,13154.746945898778,9484.907504363002,6069.671902268761,5068.937172774869,7762.225130890052,11391.125654450261,15613.396160558465,15499.787085514834,15757.825479930192,9883.186736474694,6630.582897033159,5661.933682373473,4474.521815008726,3199.101221640489,2478.9842931937173,2380.305410122164,2643.7993019197206,6529.493891797557,6844.212914485166,7084.389179755672,7669.848167539267,6928.514834205934,5126.455497382199,4516.034904013962,3553.3507853403144,2813.898778359511,2449.6369982547994,2481.7033158813265,2438.0942408376964,4017.549738219895,10916.813263525306,9991.139616055847,7141.2966841186735,6882.965095986038,11614.160558464224,25607.52879581152,19672.273996509597,12474.504363001744,8496.623036649215,6385.157068062827,5025.825479930192,5840.294938917976,16559.752181500873,28619.958115183246,22853.32809773124,15554.99127399651,10215.061082024433,7543.9162303664925,7020.636998254799,14303.324607329843,15655.897033158813,17738.59162303665,27467.06980802792,20112.732984293194,16690.722513089004,26269.783595113437,21147.0890052356,13353.165794066317,8603.380453752181,5995.0296684118675,4544.530541012216,3367.844677137871,2435.378708551483,2660.7417102966842,3851.682373472949,9146.347294938918,19636.867364746948,14144.51832460733,8885.558464223386,7025.228621291449,6006.366492146597,4413.979057591623,3066.7294938917976,2790.5881326352533,4613.115183246074,6889.211169284467,16118.813263525306,27715.630017452007,25251.052356020944,15432.8184991274,10414.125654450261,10048.493891797556,7354.392670157068,4864.0366492146595,3739.7155322862127,3489.56369982548,4044.757417102967,6809.44502617801,5463.879581151832,3942.910994764398,3043.3106457242584,3352.303664921466,9402.460732984293,13092.0,11226.026178010472,7819.783595113438,5409.458987783595,5312.581151832461,3870.457242582897,3062.0,2637.7521815008727,2582.0523560209426,3656.60907504363,11417.066317626526,11534.424083769634,7443.368237347295,5310.657940663176,5371.102966841187,9468.98080279232,21696.71902268761,21530.73647469459,13712.664921465968,9174.059336823735,6336.680628272251,4448.420593368237,3706.4432809773125,5044.052356020942,5497.247818499128,7385.268760907505,13116.10994764398,8896.650959860384,6859.677137870855,6298.652705061082,4784.944153577661,3308.8830715532285,2926.0,2752.450261780105,2592.4886561954627,2275.4921465968587,3584.5933682373475,8691.307155322862,13505.780104712041,9564.211169284468,8186.6038394415355,5351.551483420593,3851.0104712041884,2991.7469458987784,2646.6614310645723,2402.5043630017453,5167.041884816754,16769.0890052356,24065.745200698082,16853.485165794067,10349.684118673647,6713.333333333333,4809.055846422339,3382.998254799302,2667.39092495637,2407.86387434555,3205.104712041885,2883.5148342059338,3284.6579406631763,3727.3542757417104,7514.188481675393,18179.29144851658,21468.6352530541,17637.902268760907,14955.43630017452,19635.560209424082,14101.104712041884,8572.340314136125,5896.071553228621,4475.462478184992,3696.5165794066315,3243.2478184991273,3113.347294938918,4538.689354275742,4621.513089005236,3657.392670157068,4935.95462478185,11221.898778359511,8629.849912739965,5571.340314136126,5523.075043630018,7725.752181500872,6146.026178010471,7284.0837696335075,13553.101221640489,9890.870855148341,6656.031413612565,4582.835951134381,4767.7277486911,13026.190226876091,15616.314136125655,10616.331588132634,7139.560209424084,5211.959860383944,5323.464223385689,7280.125654450262,7857.705061082024,5383.101221640489,4786.01745200698,3204.5514834205933,2736.057591623037,2790.106457242583,2424.731239092496,2209.0383944153577,1979.958115183246,1620.6090750436301,1515.455497382199,1672.671902268761,2179.753926701571,1780.6649214659685,1721.4310645724258,1442.7888307155322,1931.8883071553228,3895.5828970331586,4502.991273996509,4069.2879581151833,5969.4031413612565,5263.349040139616,6139.614310645724,11819.132635253054,8834.273996509599,5851.713787085515,4774.961605584642,9946.293193717278,12125.061082024433,7342.755671902269,4845.787085514834,3705.541012216405,4493.050610820244,4657.842931937173,3780.326352530541,4887.783595113438,13532.924956369983,10976.219895287959,7564.60034904014,6988.0767888307155,14183.40837696335,11552.570680628272,7350.586387434555,4846.547993019197,4353.821989528796,3503.612565445026,3033.087260034904,2139.343804537522,1857.0279232111693,2595.2356020942407,3031.0418848167537,2310.0994764397906,2290.00872600349,1934.478184991274,1726.132635253054,1363.4642233856894,1400.912739965096,1359.1151832460732,2206.462478184991,2408.418848167539,2421.303664921466,2880.5392670157066,2607.6719022687607,2063.895287958115,1961.9214659685863,2238.349040139616,2423.8568935427575,1705.6212914485166,1914.6108202443281,2628.9441535776614,3552.8586387434557,4540.383944153577,5316.628272251309,4419.977312390925,4838.712041884817,4006.0593368237346,4742.094240837696,3471.3385689354277,3697.8848167539268,3700.2897033158815,2986.616055846422,2373.979057591623,2154.092495636998,2192.832460732984,3444.951134380454,8527.856893542757,8870.267015706806,5816.368237347295,4014.616055846422,2882.542757417103,2261.7958115183246,1779.9092495636999,1765.3821989528797,1557.041884816754,1686.5794066317626,1627.4240837696334,2242.0296684118675,2344.9685863874347,2306.4607329842934,2031.21815008726,2103.87260034904,3466.190226876091,5895.097731239092,6144.17277486911,6104.85514834206,5218.08202443281,7654.1431064572425,18808.757417102966,14569.760907504364,9616.232111692845,7207.5497382198955,5804.5497382198955,3838.280977312391,2662.5619546247817,2245.7242582897034,2047.191972076789,1866.5078534031413,1524.8115183246073,1620.5951134380455,1878.7504363001744,2645.5479930191973,3387.497382198953,4384.539267015707,2973.783595113438,2273.193717277487,1727.3211169284468,1592.865619546248,1341.6038394415357,1971.630017452007,2250.0785340314137,2011.1116928446772,1640.3176265270506,2776.6439790575914,2817.802792321117,2312.2286212914487,2148.86387434555,2423.005235602094,2061.687609075044,1707.368237347295,1370.7748691099475,1348.9197207678883,1183.5706806282722,1488.2879581151833,1555.455497382199,1593.301919720768,1388.1780104712043,1357.3350785340315,1191.673647469459,1281.087260034904,1191.8708551483421,1508.2652705061082,1271.6858638743456,1504.8150087260035,1791.6003490401397,2126.246073298429,4359.293193717277,6880.1500872600345,5903.593368237347,3972.677137870855,2614.2739965095984,2254.9458987783596,1961.520069808028,1901.6876090750436,1759.9458987783596,1693.5776614310646,1435.849912739965,1551.5061082024433,1836.3560209424083,3863.682373472949,14509.940663176265,13186.101221640489,8385.047120418849,6294.411867364747,4862.115183246074,3345.214659685864,2296.373472949389,2355.2286212914487,3655.603839441536,2913.3403141361255,2151.82722513089,1869.9232111692845,1537.2041884816754,1437.7556719022687,1317.4694589877836,1921.694589877836,3435.396160558464,3418.251308900524,2313.5113438045373,2002.9476439790576,2203.5130890052355,2759.9319371727747,2267.9581151832463,2167.6631762652705,1662.1797556719023,1627.9598603839443,1327.4746945898778,1411.652705061082,1685.2059336823734,3857.610820244328,3074.565445026178,2263.6457242582896,1722.8516579406632,1824.8376963350786,2341.823734729494,2152.9284467713787,1628.7556719022687,1564.4921465968587,1202.7556719022687,1182.7277486910996,1221.9965095986038,1302.1221640488657,1490.6003490401397,2460.9179755671903,6542.013961605585,7788.434554973822,5158.291448516579,4407.661431064573,5794.089005235602,6248.3961605584645,4284.661431064573,5256.462478184992,3818.8795811518326,2973.809773123909,2098.7469458987784,1768.6788830715532,1406.1064572425828,1423.586387434555,1183.8429319371728,1348.4083769633507,1251.7102966841187,1577.4328097731238,1987.7434554973822,2597.5113438045373,2028.125654450262,1758.4310645724258,1590.1623036649214,2325.891797556719,3153.155322862129,5043.153577661431,18501.027923211168,36308.16230366492,23405.769633507854,13631.237347294938,8515.877835951134,5609.062827225131,3486.0942408376964,2443.6858638743456,1706.958115183246,1607.064572425829,1425.671902268761,1550.0104712041884,1656.2268760907505,1795.5567190226875,1628.3141361256544,1658.6125654450261,1891.3647469458988,2509.167539267016,2101.549738219895,1958.8289703315882,1587.7277486910996,1700.500872600349,1846.8411867364746,2090.251308900524,1833.2914485165793,1897.7015706806283,1607.8359511343804,1656.1780104712043,1672.502617801047,2739.8586387434557,4791.673647469459,14343.746945898778,30024.455497382198,19331.626527050612,10964.029668411868,7278.389179755672,4688.574171029669,3789.717277486911,4389.9633507853405,4834.279232111693,4353.605584642234,3122.366492146597,2260.6980802792323,2331.3856893542757,3252.2966841186735,8132.797556719022,26808.212914485164,20391.340314136127,11216.668411867366,7447.991273996509,5297.057591623036,4211.881326352531,3007.2739965095984,2537.4031413612565,3363.9493891797556,4385.375218150088,2910.5951134380452,2476.155322862129,2269.5113438045373,2143.6719022687607,2291.8656195462477,2400.8376963350784,1899.0732984293193,1696.7958115183246,1475.865619546248,1458.916230366492,1602.239092495637,1961.392670157068,2653.5619546247817,3922.109947643979,3774.4834205933685,2784.195462478185,2089.237347294939,1879.0052356020942,1442.5061082024433,1376.5951134380455,1250.931937172775,1366.975567190227,1193.8289703315882,1250.9965095986038,1223.2338568935427,1288.715532286213,1273.2443280977313,1409.8795811518326,1099.2635253054102,1154.4467713787085,1061.8010471204188,1283.3350785340315,1493.9476439790576,1981.7347294938918,1573.174520069808,1502.4031413612565,1829.9790575916231,2023.371727748691,1515.8167539267015,1365.3647469458988,1369.132635253054,1574.1588132635254,1677.561954624782,1559.1134380453752,1204.6038394415357,1217.867364746946,1171.282722513089,1553.6666666666667,1371.5828970331588,1295.628272251309,1198.8848167539268,1467.8708551483421,1881.5532286212915,3507.305410122164,2411.240837696335,1943.806282722513,1905.7015706806283,2936.066317626527,2039.1012216404886,1638.589877835951,1325.7260034904014,1330.0052356020942,1408.9284467713787,1664.9441535776614,1422.6910994764398,2033.0052356020942,1786.715532286213,1511.21815008726,1227.0785340314137,1222.3420593368237,1170.4607329842931,1657.3734729493892,5392.877835951134,6198.760907504363,3789.783595113438,3049.4904013961605,2278.788830715532,1776.9912739965096,1883.6160558464223,2038.6771378708552,1641.5095986038395,1583.2146596858638,1418.2582897033158,1325.6910994764398,1232.542757417103,1828.808027923211,2024.0034904013962,1767.066317626527,2480.1919720767887,2842.00872600349,1832.0575916230366,1606.5951134380455,1252.9476439790576,1259.6998254799303,1315.9930191972078,2579.848167539267,12527.535776614312,12826.57242582897,7914.68237347295,5223.778359511344,4392.2565445026175,6030.77312390925,3763.158813263525,2407.7050610820243,2029.5375218150086,2918.801047120419,2296.586387434555,1712.4013961605585,1286.499127399651,1256.0785340314137,1161.0401396160557,1237.6020942408377,1129.369982547993,1225.0087260034904,1409.34554973822,2015.3891797556719,7222.0698080279235,20208.93019197208,15594.392670157067,8237.554973821989,4778.8568935427575,3034.2059336823736,1914.8516579406632,1899.7713787085515,2468.5270506108204,2045.1849912739965,1705.739965095986,2172.1431064572425,1885.1134380453752,1692.6631762652705,1363.5846422338568,1502.3385689354275,1632.239092495637,1632.1064572425828,1962.4624781849914,4374.361256544503,6978.181500872601,6266.425828970331,3992.7242582897034,3069.656195462478,4539.1762652705065,4082.565445026178,3822.462478184991,3435.047120418848,2949.493891797557,2285.502617801047,1712.0122164048867,1519.2879581151833,1307.5689354275742,1289.6003490401397,1065.713787085515,1099.5671902268762,1054.5392670157069,1143.286212914485,1043.9406631762652,1222.7993019197208,1043.8289703315882,1112.455497382199,950.9109947643979,1085.6125654450261,1126.9895287958116,1352.7748691099475,1223.3350785340315,1256.8516579406632,1252.151832460733,2024.371727748691,2141.7155322862127,2691.841186736475,2747.2495636998256,2497.198952879581,2167.104712041885,1848.5148342059338,1805.631762652705,2710.589877835951,3985.7050610820243,3609.748691099476,2901.2582897033158,2502.5828970331586,1980.219895287958,1725.5113438045375,1436.804537521815,1375.1186736474694,1241.5968586387435,1578.6614310645725,4211.567190226876,7684.164048865619,5097.888307155323,3409.237347294939,2171.678883071553,1911.760907504363,3063.7102966841185,2981.9493891797556,2153.366492146597,2806.4048865619548,8299.956369982548,11641.623036649215,10935.631762652705,6279.989528795812,3653.5567190226875,2572.0558464223386,1881.7364746945898,2535.95462478185,6555.940663176265,5278.701570680629,2921.277486910995,2003.7539267015707,1451.2530541012216,1340.9633507853403,1577.5497382198953,3184.506108202443,3224.766143106457,3084.352530541012,2223.9197207678885,2519.0506108202444,7618.232111692844,12584.438045375218,14468.410122164049,8092.324607329843,4358.8097731239095,3458.3804537521814,5138.221640488656,15928.048865619547,10849.567190226877,5479.457242582897,4122.197207678883,3557.542757417103,2071.7678883071553,1723.0122164048867,1337.1151832460732,1441.607329842932,1663.0506108202444,1542.1029668411868,1386.0488656195462,1685.0349040139615,1557.4258289703316,2062.366492146597,4310.335078534032,3373.4380453752183,1870.2722513089004,1504.2792321116929,1162.5933682373472,1277.7347294938918,1620.0069808027922,1440.1134380453752,1127.7085514834207,1374.738219895288,1947.0157068062827,2213.3420593368237,1864.4834205933682,2794.977312390925,2166.4607329842934,2105.30017452007,4877.492146596858,4438.294938917976,2768.13612565445,2010.8830715532285,1587.4153577661432,3544.678883071553,3645.9092495636996,2404.677137870855,2318.2914485165793,3547.757417102967,3001.1884816753927,3589.0802792321115,3430.734729493892,3190.935427574171,5858.935427574171,11130.726003490401,7294.432809773124,4028.9720767888307,2352.525305410122,1892.1204188481674,1382.7783595113438,1321.108202443281,1164.865619546248,1271.630017452007,1468.43630017452,3305.7521815008727,7361.055846422339,5324.2722513089,3016.0820244328097,3892.635253054101,11649.439790575916,10037.867364746946,4935.375218150088,3157.04537521815,2850.4380453752183,4175.940663176265,4250.534031413613,3544.083769633508,2452.277486910995,1812.9179755671903,1257.064572425829,1111.8848167539268,1089.5532286212915,1255.694589877836,1103.2251308900525,1082.5846422338568,1245.3856893542757,2038.8813263525306,1892.0802792321117,1728.4485165794067,2128.286212914485,4311.741710296684,3731.86387434555,2611.8813263525303,1932.0610820244328,5151.673647469459,13582.966841186737,20025.586387434556,12442.897033158813,5518.547993019197,2629.375218150087,1742.808027923211,1255.9214659685863,1665.5357766143106,1577.9947643979058,1380.1116928446772,1136.1727748691098,1177.4904013961605,1057.9790575916231,1144.5095986038395,1110.6771378708552,1405.6020942408377,1562.4013961605585,2809.167539267016,12923.647469458987,23072.040139616056,12953.748691099476,5612.55497382199,2910.832460732984,1895.9633507853403,1363.5706806282722,1405.6596858638743,1325.3891797556719,1305.6998254799303,1195.8568935427575,1208.4310645724258,1275.87260034904,1551.630017452007,1783.2286212914485,1766.2757417102966,1476.5287958115184,1551.65445026178,1646.8184991273997,4034.2705061082024,15109.534031413612,29675.696335078534,23005.05584642234,9991.832460732985,4399.015706806283,2572.4694589877836,1874.8638743455497,1949.260034904014,1464.1902268760907,1310.410122164049,1241.8708551483421,1374.5392670157069,1202.43630017452,1253.4240837696334,1025.7661431064573,1047.8202443280977,1179.2111692844678,1201.696335078534,1114.7993019197208,1483.8935427574172,4129.424083769633,6645.157068062827,3770.202443280977,2014.3595113438046,1313.520069808028,1258.1012216404886,1457.5095986038395,1503.4921465968587,1193.4205933682374,1274.0401396160557,1128.7731239092495,1282.762652705061,1211.1047120418848,1355.024432809773,1429.504363001745,1569.5584642233857,1346.2094240837696,1410.4013961605585,1260.1239092495637,1309.2129144851658,1295.5532286212915,3280.366492146597,8335.13612565445,7679.448516579407,3425.6684118673647,1899.457242582897,1256.891797556719,1122.3577661431063,1178.1849912739965,1671.411867364747,2316.6020942408377,6739.579406631763,9422.602094240838,5635.65445026178,2713.3769633507854,1776.9092495636999,1323.2146596858638,1391.0907504363001,1187.497382198953,1183.2966841186737,1071.286212914485,1227.7556719022687,1356.2041884816754,1750.502617801047,1619.2268760907505,1917.8760907504363,4946.462478184992,17686.640488656194,23051.204188481675,12730.464223385688,5911.368237347295,3439.387434554974,1946.9371727748692,1482.7713787085515,1048.738219895288,1135.9197207678883,973.9982547993019,1033.8202443280977,998.9685863874346,1317.977312390925,3213.4066317626525,4943.912739965096,3256.8150087260033,1819.544502617801,1255.0139616055847,1160.3071553228622,1010.3071553228622,1082.2076788830716,945.5357766143106,1067.4502617801047,920.0732984293194,1107.4624781849914,1054.1396160558463,1120.0698080279233,1128.0488656195462,1135.6596858638743,1002.1588132635253,1294.8830715532285,1777.0890052356021,6683.0837696335075,18042.523560209425,23640.56369982548,13175.333333333334,5928.488656195463,2972.8568935427575,1932.2897033158813,1234.4816753926702,1195.6160558464223,1024.848167539267,1102.3787085514834,911.7539267015707,1010.1745200698081,1065.546247818499,1102.7661431064573,1001.2530541012217,1062.239092495637,959.3246073298429,1074.237347294939,955.2425828970331,1095.2966841186737,1659.2914485165793,2824.549738219895,3251.743455497382,2208.8621291448517,1340.0209424083769,1168.455497382199,977.9982547993019,1082.4520069808027,946.1448516579406,1056.6247818499128,966.6160558464223,1036.1047120418848,1033.2076788830716,1187.1431064572425,1162.0349040139615,1196.8394415357766,1046.6509598603839,1153.4205933682374,1020.7591623036649,1177.8446771378708,1105.8848167539268,1147.7085514834207,957.2792321116929,1041.3787085514834,1094.9476439790576,1038.235602094241,1003.6998254799302,1137.9808027923211,1204.6806282722514,1871.8708551483421,2346.825479930192,2907.9720767888307,1986.3298429319373,1390.9424083769634,1025.219895287958,1039.6247818499128,961.7748691099476,1053.975567190227,890.9650959860384,1033.8551483420592,1035.6108202443281,1305.5968586387435,1267.869109947644,1184.476439790576,1020.933682373473,1088.001745200698,1023.1221640488657,1101.2129144851658,953.4956369982548,1097.4677137870856,972.5619546247818,1107.7539267015707,1019.7469458987783,1060.6788830715532,930.8202443280977,1070.6457242582896,1178.2094240837696,1456.8150087260035,1441.0610820244328,1708.0488656195462,1442.0087260034904,1697.4851657940662,1867.6893542757416,2094.3577661431063,1515.2408376963351,1244.8010471204188,1032.0785340314137,1108.6928446771378,1107.4328097731238,1268.5671902268762,1178.0261780104713,1297.698080279232,1578.3350785340315,2196.7102966841185,2619.7748691099478,2596.104712041885,1637.21815008726,1269.4240837696334,1093.5986038394415,1129.3752181500872,1022.4834205933682,1187.5305410122164,1110.479930191972,1374.8027923211168,1480.3752181500872,2568.322862129145,7616.273996509599,16444.977312390925,23441.966841186735,25960.769633507854,14739.101221640489,6302.570680628272,2776.9895287958116,1903.1605584642234,1437.738219895288,1523.0942408376964,1694.3542757417104,2019.132635253054,1951.6684118673647,1758.914485165794,1372.7696335078533,1411.3176265270506,1359.7556719022687,1425.5497382198953,1239.7452006980802,1204.495636998255,1011.1710296684118,1117.8935427574172,915.1553228621292,1137.0052356020942,979.7015706806283,1087.1849912739965,960.7294938917976,995.5933682373472,869.8342059336824,958.260034904014,935.3577661431065,1045.7923211169284,905.411867364747,1037.1623036649214,1297.3123909249564,1431.0366492146597,1357.2024432809774,1508.2233856893542,1414.500872600349,2837.17277486911,7418.767888307156,11902.221640488657,15794.565445026177,16777.69982547993,9728.015706806284,4198.785340314136,2217.066317626527,1941.2984293193717,1868.7940663176266
578.2881040892194,501.2230483271375,527.3215613382899,463.19888475836433,589.7026022304833,428.3717472118959,539.6672862453531,523.4869888475837,554.8234200743494,524.1189591078067,581.3866171003717,505.5483271375465,614.6133828996283,474.8791821561338,593.8345724907064,613.9479553903345,653.9851301115242,612.2881040892194,592.0148698884758,566.635687732342,606.3531598513011,566.6579925650558,676.7472118959108,598.2434944237918,693.4163568773234,675.6171003717473,647.8215613382899,590.4442379182157,640.1003717472119,579.6802973977696,690.042750929368,608.4702602230483,706.9293680297397,635.4126394052045,707.7137546468401,607.7862453531599,727.3457249070632,588.4721189591078,709.8977695167287,596.6208178438661,710.092936802974,640.910780669145,625.2657992565056,716.5241635687732,667.6877323420074,532.3959107806692,647.8921933085502,724.8401486988847,748.9349442379182,629.2174721189591,719.7211895910781,688.7620817843866,714.2788104089219,689.0724907063197,743.8773234200744,596.6747211895911,723.4293680297397,650.9907063197026,688.0408921933085,631.3159851301115,699.4014869888476,638.5092936802974,685.9665427509294,622.5631970260223,736.2286245353159,653.449814126394,725.5724907063197,670.0,620.5985130111524,728.1338289962825,678.3382899628252,667.6226765799256,726.2230483271376,642.410780669145,712.8457249070632,676.2509293680297,741.0,677.3029739776952,692.9479553903345,820.2174721189591,770.1542750929368,671.7081784386617,730.492565055762,715.2899628252788,740.3197026022304,692.2249070631971,778.8531598513011,649.4684014869888,708.4368029739777,710.9869888475837,746.7397769516729,659.903345724907,777.3085501858736,760.1654275092936,722.8773234200744,746.4739776951673,751.8624535315985,725.2732342007434,788.2100371747212,701.4981412639405,789.4293680297397,716.3587360594795,748.7657992565056,704.4368029739777,678.457249070632,694.3364312267659,809.2249070631971,667.5241635687732,767.4628252788104,700.542750929368,645.4126394052045,835.8550185873606,830.9405204460967,743.5743494423792,775.6412639405205,734.503717472119,842.2527881040892,715.8011152416357,798.135687732342,769.8345724907064,769.3308550185874,775.4126394052045,823.182156133829,737.1115241635688,795.4944237918215,706.3494423791822,766.6747211895911,721.0130111524163,842.8475836431227,795.3531598513011,816.6988847583643,760.6078066914498,839.8773234200744,736.596654275093,753.550185873606,738.0985130111524,816.5260223048327,777.8457249070632,820.5408921933085,665.6431226765799,771.5762081784386,689.5817843866171,675.5594795539033,822.3066914498141,858.2918215613383,756.8847583643122,776.9516728624535,771.2193308550186,784.2992565055762,797.2843866171004,785.8587360594795,727.5780669144981,766.414498141264,743.5669144981413,845.8661710037175,799.8903345724907,786.9200743494424,781.7676579925651,766.3382899628252,687.3624535315985,828.8289962825279,797.0613382899628,765.0055762081785,777.7546468401487,832.0018587360595,772.8122676579926,797.550185873606,794.403345724907,846.2397769516729,717.3141263940521,867.1691449814126,797.8234200743494,842.9368029739777,771.1710037174721,739.8513011152417,866.7379182156134,888.1022304832713,774.6059479553903,851.8252788104089,756.6672862453531,894.6301115241636,790.0631970260223,800.1133828996283,801.0910780669145,769.639405204461,753.7509293680297,833.5055762081785,812.7620817843866,792.0408921933085,819.7286245353159,824.3940520446097,807.9684014869888,841.9553903345725,775.2342007434944,858.4665427509294,766.7639405204461,861.2434944237918,818.1877323420074,826.507434944238,884.639405204461,805.2472118959108,833.7286245353159,873.7639405204461,824.3531598513011,850.9368029739777,772.2081784386617,732.7137546468401,911.9944237918215,815.8791821561339,834.4089219330855,873.8513011152417,803.4646840148699,861.3791821561339,796.2249070631971,856.2973977695167,813.7955390334572,862.3197026022304,782.3513011152417,819.6598513011153,793.0260223048327,842.1895910780669,839.6115241635688,876.7806691449814,811.042750929368,875.6524163568773,861.1951672862454,830.3011152416357,786.2249070631971,816.4200743494424,869.046468401487,876.864312267658,842.6914498141264,867.0799256505576,875.2955390334572,864.7174721189591,871.9349442379182,803.1301115241636,781.2230483271376,782.5148698884758,915.4553903345725,867.3810408921933,828.1040892193308,789.2434944237918,815.3011152416357,826.2750929368029,807.1059479553903,848.4200743494424,753.407063197026,813.2695167286246,836.9479553903345,785.503717472119,830.3513011152417,771.1784386617101,772.1672862453531,838.6133828996283,794.5353159851301,796.8587360594795,807.3122676579926,841.4888475836432,833.4721189591078,831.0557620817843,854.3475836431227,871.5334572490706,765.3550185873606,890.003717472119,808.3587360594795,842.0297397769517,883.3791821561339,835.0669144981413,811.8197026022304,880.7397769516729,946.6059479553903,897.1338289962825,812.8884758364312,943.4981412639405,857.0873605947955,865.9423791821562,866.0,850.9776951672862,844.7397769516729,879.507434944238,777.635687732342,813.8959107806692,848.6877323420074,845.6970260223048,882.2249070631971,857.8494423791822,875.8661710037175,854.7825278810409,779.4907063197026,878.8234200743494,807.8828996282527,835.6840148698885,842.2193308550186,872.4293680297397,847.0743494423792,887.1226765799256,799.4219330855019,863.2397769516729,817.2118959107806,862.6858736059479,813.5817843866171,786.3029739776952,973.7249070631971,897.9814126394052,891.5148698884758,833.1133828996283,810.5111524163568,862.7750929368029,839.5557620817843,854.8104089219331,885.9237918215614,827.8866171003717,834.1040892193308,894.3122676579926,830.8977695167287,910.5092936802974,814.6765799256506,846.4981412639405,868.1486988847583,898.3475836431227,856.2342007434944,897.7472118959108,900.6171003717473,891.9163568773234,846.3698884758364,879.0092936802974,890.1747211895911,839.1728624535316,915.6226765799256,915.0780669144981,855.6877323420074,900.4219330855019,811.4200743494424,778.3011152416357,1015.9182156133829,1044.325278810409,926.2788104089219,915.7509293680297,908.457249070632,948.7899628252788,845.7026022304833,921.6189591078067,840.6728624535316,882.1152416356878,938.7639405204461,822.2881040892194,919.1133828996283,978.0018587360595,922.1579925650558,961.6877323420074,909.2750929368029,915.5613382899628,902.8382899628252,941.7769516728624,940.3791821561339,928.9888475836432,891.0278810408922,900.589219330855,890.0111524163568,873.7955390334572,879.8345724907064,928.4739776951673,928.007434944238,931.9014869888476,853.5706319702603,822.8810408921933,960.9182156133829,958.7007434944238,920.0910780669145,946.8624535315985,997.6505576208178,1086.3587360594795,1015.864312267658,957.2323420074349,916.0985130111524,915.3234200743494,919.2825278810409,968.7304832713754,914.1877323420074,932.3661710037175,971.6765799256506,979.6003717472119,965.096654275093,984.9869888475837,911.6282527881041,1001.3345724907064,929.9814126394052,983.8513011152417,961.9163568773234,1036.5167286245353,1007.7453531598513,948.3828996282527,930.3736059479554,961.2825278810409,909.492565055762,959.2360594795539,923.085501858736,852.8717472118959,1059.135687732342,947.4944237918215,963.8531598513011,996.5520446096655,941.7750929368029,1025.185873605948,961.9684014869888,974.7602230483271,1036.5260223048326,1019.092936802974,945.1022304832713,1003.6096654275093,936.2546468401487,946.8847583643122,1002.8977695167287,1066.328996282528,1031.399628252788,1070.9869888475837,1002.9758364312268,1024.8698884758364,983.1672862453531,984.5315985130112,1039.018587360595,995.1040892193308,1000.7620817843866,1067.0483271375465,1039.3847583643123,1045.1468401486989,1019.0297397769517,1054.6245353159852,921.7936802973977,975.3624535315985,1197.3382899628252,1025.5260223048326,1111.9126394052046,1082.5743494423791,1056.481412639405,1165.4275092936803,1199.6970260223047,1245.263940520446,1062.1115241635687,1058.8048327137546,990.4368029739777,978.9832713754647,1027.9591078066915,1052.3828996282527,1007.3457249070632,1058.721189591078,1007.3475836431227,1060.9572490706319,1042.7881040892194,1026.8345724907063,998.1561338289963,1082.9237918215613,1006.9628252788104,1067.6579925650558,1120.081784386617,1086.0204460966543,1020.7360594795539,957.9832713754647,965.7397769516729,1007.9684014869888,944.6022304832713,957.1672862453531,1081.3736059479554,1095.7081784386617,964.7602230483271,1008.7750929368029,1053.9126394052046,1210.1115241635687,1164.2063197026023,1144.1505576208178,976.8736059479554,1025.817843866171,1020.1431226765799,1055.7230483271376,1168.0799256505577,1192.635687732342,1147.2434944237918,1004.6747211895911,988.996282527881,1010.682156133829,1028.3364312267659,1134.4256505576209,1105.4256505576209,1081.360594795539,1035.2973977695167,1062.9795539033457,1075.314126394052,1261.282527881041,1237.9405204460966,1285.8568773234201,1118.4089219330856,1088.3940520446097,992.542750929368,981.0650557620818,1117.810408921933,1061.8457249070632,982.5669144981413,1094.8085501858736,1106.3903345724907,1100.453531598513,1122.3457249070632,1088.1115241635687,1041.1301115241636,1094.9907063197027,1136.092936802974,1238.2695167286245,1050.4776951672864,1107.5390334572492,1112.7342007434945,1178.6988847583643,1175.7342007434945,1147.3420074349442,1082.7026022304833,1295.6245353159852,1196.8271375464683,1121.9721189591078,1098.1449814126395,1131.3884758364313,1126.5390334572492,1182.046468401487,1120.1282527881042,1102.2137546468402,1040.485130111524,1128.1412639405205,1054.0631970260224,969.6375464684015,1183.4163568773233,1127.3401486988848,1095.5650557620818,1108.1115241635687,1139.988847583643,1228.4628252788104,1083.1133828996283,1163.139405204461,1193.267657992565,1086.6486988847585,1127.767657992565,1109.8977695167287,988.3420074349442,1149.3345724907063,1074.771375464684,1076.0353159851302,998.2379182156134,1120.492565055762,1081.1524163568772,1064.6189591078066,1069.9981412639406,1037.6468401486989,997.7063197026023,1098.0985130111524,1062.4665427509294,1088.2602230483271,1091.507434944238,1153.671003717472,1027.403345724907,1116.9423791821562,1039.410780669145,1090.9628252788104,1104.825278810409,1190.3401486988848,1172.1951672862454,1124.9386617100372,1186.271375464684,1272.8085501858736,1150.7806691449814,1209.4944237918216,1161.9349442379182,1288.0501858736059,1175.5018587360594,1221.7695167286245,1177.046468401487,1034.6431226765799,1103.1579925650558,1210.7843866171004,1165.2342007434945,1185.4386617100372,1044.2063197026023,1075.182156133829,1055.6951672862454,1266.8420074349442,1308.3029739776953,1249.6579925650558,1115.4591078066915,1043.485130111524,1005.8531598513011,1205.717472118959,1151.674721189591,1329.6468401486989,1161.4312267657992,1108.8754646840148,1278.4423791821562,1434.6598513011152,1281.2267657992566,1155.018587360595,1042.2137546468402,1109.3587360594795,1073.3345724907063,1134.7453531598512,1153.9832713754647,1165.174721189591,1096.4646840148698,1083.3011152416357,1044.8048327137546,1170.17843866171,1163.2527881040892,1270.7397769516729,1052.1245353159852,1163.9163568773233,1031.4609665427508,1139.8085501858736,1125.453531598513,1377.9293680297399,1054.8438661710038,1041.4665427509294,1003.0799256505576,1136.10780669145,1158.3085501858736,1282.1914498141264,1045.2193308550186,1044.2007434944237,938.8773234200744,1094.368029739777,1284.306691449814,1261.0315985130112,1090.1654275092937,1149.193308550186,1116.9405204460966,1253.1431226765799,1155.9646840148698,1155.9237918215613,1126.2044609665427,1128.7137546468402,1202.778810408922,1273.6505576208178,1088.9721189591078,1038.8234200743495,1127.0576208178438,1357.7620817843865,1485.0241635687732,1633.7397769516729,1267.368029739777,1223.8438661710038,1130.2100371747213,1127.7657992565055,1087.1654275092937,1140.3327137546469,1128.604089219331,1328.3736059479554,1060.32156133829,1074.5167286245353,965.1765799256506,1017.3587360594795,962.1208178438661,1016.8866171003717,1086.6988847583643,1254.17843866171,1208.3513011152415,1138.5018587360594,1120.9126394052046,1226.4442379182155,1151.4349442379182,1254.7936802973977,1255.4944237918216,1250.0353159851302,1077.3438661710038,1068.907063197026,1058.7899628252787,1112.996282527881,1069.481412639405,1146.9368029739776,1097.189591078067,1214.514869888476,1313.8847583643123,1491.3531598513011,1161.8122676579926,1190.89219330855,1036.4368029739776,1041.8754646840148,983.9516728624535,1122.17843866171,1074.6152416356877,1285.17843866171,1313.1375464684015,1549.724907063197,1610.421933085502,1200.2695167286245,1194.9702602230484,1226.275092936803,1150.2267657992566,1550.317843866171,1801.0799256505577,1695.9014869888476,1890.3828996282527,1544.0223048327136,1095.3568773234201,1176.2081784386617,1069.806691449814,1182.3197026022306,1199.046468401487,1549.7397769516729,1915.9368029739776,1594.3884758364313,1415.6579925650558,1586.3457249070632,1459.271375464684,1501.2695167286245,1413.771375464684,1816.7304832713755,2708.5985130111526,3314.4591078066915,2539.1802973977697,1984.8420074349442,1616.4256505576209,1535.0539033457248,1661.1802973977694,2430.611524163569,2770.778810408922,1593.8810408921934,1390.6133828996283,1341.4200743494423,1350.0278810408922,1354.5762081784387,1171.6877323420074,1317.992565055762,1234.7063197026023,1611.7769516728624,1754.8048327137546,1455.4256505576209,1151.232342007435,1244.3773234200744,1201.868029739777,1522.1672862453531,2000.3754646840148,2520.871747211896,2738.208178438662,2246.193308550186,1484.104089219331,1772.8364312267659,1431.7546468401488,1422.3029739776953,1600.1579925650558,2062.9200743494425,1768.7081784386617,1379.903345724907,1499.278810408922,1431.671003717472,1444.182156133829,1964.4052044609666,1643.7118959107806,1450.485130111524,1636.589219330855,1523.6171003717473,1221.4907063197027,1373.0985130111524,1617.39219330855,2265.7137546468402,1827.0408921933085,1891.8736059479554,1597.7156133828996,1393.4200743494423,1277.7732342007434,1327.592936802974,1436.671003717472,1818.7193308550186,1986.3382899628252,1912.8159851301116,2527.433085501859,3271.3085501858736,3995.4795539033457,3092.624535315985,2495.3159851301116,1967.485130111524,1776.4330855018588,1508.1542750929368,1215.9052044609666,1356.895910780669,1530.5557620817845,2002.0743494423791,2507.529739776952,1774.4479553903345,1355.2583643122678,1323.7695167286245,1482.8401486988848,1525.4572490706319,1166.2434944237918,1407.868029739777,1494.8828996282527,2055.174721189591,3031.8921933085503,3689.825278810409,1811.0910780669144,1458.596654275093,1379.0557620817845,1844.2434944237918,2402.3513011152418,2236.6375464684015,1516.0594795539034,1453.1022304832713,1381.7509293680298,1669.2881040892194,1548.3884758364313,1902.9405204460966,2665.5780669144983,3646.8828996282527,2261.708178438662,2294.8122676579924,2543.745353159851,1729.414498141264,1388.6338289962825,1497.864312267658,1758.8457249070632,2668.3847583643123,3368.972118959108,2489.663568773234,1741.3866171003717,1871.2118959107806,2349.014869888476,1598.0427509293681,1229.8234200743495,1385.182156133829,1260.7527881040892,1332.6635687732341,1289.3457249070632,1554.6691449814127,1254.1486988847585,1383.639405204461,1236.7379182156135,1243.9776951672864,1156.8475836431228,1278.4684014869888,1335.9665427509294,1732.1301115241636,1679.2379182156135,1924.814126394052,1391.4460966542752,1406.6654275092937,1212.418215613383,1321.2026022304833,1427.7973977695167,1666.685873605948,1670.399628252788,1802.5799256505577,1720.7955390334573,1709.0557620817845,1511.6914498141264,1661.2732342007434,1873.7118959107806,1693.171003717472,1623.314126394052,2076.4795539033457,1807.3420074349442,1635.6338289962825,1489.6617100371748,1491.2118959107806,1442.8884758364313,1821.6542750929368,2363.910780669145,2589.561338289963,1764.418215613383,1386.325278810409,1451.7304832713755,2006.007434944238,1628.8438661710038,1885.8494423791822,2077.0836431226767,2039.2583643122678,1937.5724907063197,1830.0613382899628,1638.9237918215613,1746.8550185873605,1349.10780669145,1436.596654275093,1402.8438661710038,1524.282527881041,1399.6617100371748,1495.988847583643,1367.1914498141264,1526.814126394052,1778.275092936803,1689.3122676579926,1458.1691449814127,1560.6301115241636,1492.3624535315985,1629.7044609665427,1847.7973977695167,1936.0,1889.399628252788,1855.4442379182155,1706.7156133828996,2001.193308550186,2348.0520446096652,2780.542750929368,2770.1728624535317,2312.1338289962823,1925.6096654275093,2247.007434944238,2299.228624535316,2113.0037174721188,2031.2434944237918,2047.4869888475837,1856.0334572490706,1908.511152416357,1821.0315985130112,1780.671003717472,1839.217472118959,1928.014869888476,1838.6208178438662,3007.024163568773,3084.9293680297396,2021.3494423791822,1863.6524163568772,2197.5483271375465,1606.496282527881,1876.1728624535317,1737.8420074349442,1682.453531598513,1854.7843866171004,2279.14312267658,2879.9832713754645,3121.918215613383,1828.953531598513,2099.9832713754645,2931.5130111524163,4204.453531598513,5184.871747211896,3917.1765799256505,2500.3197026022303,2021.0018587360594,2341.388475836431,2939.5836431226767,3203.171003717472,4359.144981412639,4191.840148698885,4096.369888475836,4931.998141263941,5379.081784386617,5074.8624535315985,3364.7936802973977,2724.477695167286,3466.2267657992566,2392.522304832714,1697.0334572490706,1713.4275092936803,2087.3271375464683,2168.3382899628255,2117.3513011152418,1905.899628252788,2171.96468401487,2299.475836431227,1841.078066914498,1973.3345724907063,3077.1598513011154,3120.031598513011,2513.131970260223,2249.371747211896,2517.8345724907063,1916.0613382899628,1961.0557620817845,2140.381040892193,2581.5836431226767,2666.886617100372,2397.6654275092937,1858.185873605948,1673.671003717472,1518.3271375464683,1952.67843866171,2697.1598513011154,3036.960966542751,2476.9516728624535,2188.492565055762,1869.6970260223047,2561.724907063197,2852.2657992565055,2322.4014869888474,3009.4144981412637,3222.0762081784387,2515.5687732342008,3114.200743494424,3015.1003717472117,2949.3345724907063,2297.903345724907,1955.6115241635687,2207.0167286245355,2949.0910780669146,4013.732342007435,5206.059479553904,4457.936802973978,4416.24721189591,3655.3996282527883,3616.2509293680296,3314.046468401487,3698.128252788104,4121.011152416357,3820.0037174721188,4601.806691449814,4946.042750929368,3248.8382899628255,2464.9442379182155,1942.092936802974,2284.1691449814125,2518.6152416356877,3507.007434944238,3830.5724907063195,3500.2434944237916,3636.789962825279,3957.0055762081784,4817.682156133829,5309.407063197026,3673.0724907063195,4263.232342007435,4122.369888475836,3065.3698884758364,3446.6988847583643,4198.167286245353,3739.135687732342,3551.656133828996,3115.0910780669146,3990.1096654275093,3946.1951672862456,4040.0855018587363,4049.1022304832713,4800.472118959108,3746.381040892193,3185.7806691449814,3174.7193308550186,3939.4312267657992,4026.8903345724907,3406.217472118959,2515.527881040892,2002.5650557620818,1577.0669144981412,1806.3940520446097,1649.6468401486989,1523.7434944237918,1487.403345724907,1682.4739776951674,1431.1672862453531,1495.2769516728624,1502.1431226765799,1498.2007434944237,1449.0706319702601,1571.9684014869888,1696.3940520446097,1868.0501858736059,1812.9795539033457,2708.131970260223,3642.5111524163567,3161.700743494424,2328.0799256505575,1571.9405204460966,1344.9665427509294,1665.585501858736,1956.0092936802973,2287.933085501859,1510.4200743494423,1668.6022304832713,1563.8531598513011,1697.2509293680298,1857.011152416357,1879.8475836431228,1310.2081784386617,1431.4014869888476,1472.7602230483271,1736.5687732342008,1893.1375464684015,2097.9126394052046,2585.260223048327,3233.9014869888474,2462.1672862453534,2136.9442379182155,2371.2304832713753,1665.9349442379182,1416.5483271375465,1500.0260223048326,1449.7193308550186,1800.717472118959,2526.671003717472,3200.789962825279,1909.6524163568772,2005.693308550186,2391.9442379182155,2944.314126394052,3719.7267657992566,2621.275092936803,1770.507434944238,2465.550185873606,2061.245353159851,1703.7992565055763,1354.6022304832713,1742.9981412639406,2137.9237918215613,2756.754646840149,1991.4553903345725,2373.5706319702604,2488.306691449814,2229.4163568773233,1371.6245353159852,1514.771375464684,1558.9349442379182,2015.921933085502,2830.9163568773233,4832.691449814127,5926.302973977695,6213.654275092937,3381.0185873605947,1825.2118959107806,1394.6840148698884,1430.1802973977694,1270.100371747212,1503.7899628252787,1532.100371747212,2161.3996282527883,2556.8940520446095,3161.620817843866,3705.8773234200744,4478.933085501859,2263.7156133829,1937.1728624535317,1849.511152416357,2093.4907063197024,2209.8159851301116,3209.282527881041,4197.24907063197,3399.328996282528,2455.972118959108,3330.968401486989,2489.0855018587363,1642.7973977695167,1467.810408921933,1779.6152416356877,2210.0520446096652,3415.8234200743495,2649.9126394052046,1875.0204460966543,1807.5799256505577,2109.4275092936805,2241.85687732342,2527.6003717472117,2101.4368029739776,1739.6449814126395,2143.4553903345727,2195.202602230483,2059.910780669145,3376.3773234200744,3149.029739776952,1974.3754646840148,1882.0092936802973,2914.221189591078,3067.239776951673,2452.0111524163567,2830.957249070632,4133.529739776952,5693.42936802974,3959.972118959108,1995.9368029739776,1606.5706319702601,1289.2881040892194,1453.0278810408922,1400.368029739777,1844.6486988847585,1575.9907063197027,1479.2304832713755,1293.0408921933085,1382.6171003717473,1133.604089219331,1254.3197026022306,1284.6561338289962,1337.9591078066915,1367.9628252788104,1371.6449814126395,1109.0910780669144,1455.685873605948,1485.5985130111524,1369.9702602230484,1130.418215613383,1273.4721189591078,1133.4442379182155,1250.5873605947954,1185.903345724907,1342.4330855018588,1113.7007434944237,1274.5055762081784,1094.089219330855,1406.3457249070632,1209.8048327137546,1255.9646840148698,1119.1579925650558,1228.2973977695167,1140.1765799256505,1235.0985130111524,1214.9776951672864,1463.2118959107806,1156.0204460966543,1244.4665427509294,1150.0204460966543,1225.6635687732341,1077.546468401487,1179.895910780669,1350.6486988847585,1513.7565055762082,1496.5687732342008,1433.3085501858736,1424.7416356877322,1791.9665427509294,1888.8085501858736,1640.7416356877322,1763.2918215613383,2423.6449814126395,1603.481412639405,1299.0985130111524,1154.985130111524,1257.895910780669,1254.7509293680298,1182.5594795539034,1097.8773234200744,1331.8717472118958,1097.6486988847585,1317.3085501858736,1110.682156133829,1260.0947955390334,1179.6579925650558,1173.685873605948,1089.9405204460966,1193.3438661710038,1203.4498141263941,1571.4869888475837,1842.9609665427508,1693.081784386617,1354.9572490706319,1316.639405204461,1488.7546468401488,1481.6988847583643,1299.1022304832713,1478.9126394052046,1524.492565055762,1709.2434944237918,1305.3494423791822,1194.8791821561338,1173.5315985130112,1316.6877323420074,1293.8810408921934,1726.282527881041,2014.3977695167287,1805.2267657992566,1285.1617100371748,1366.7267657992566,1472.868029739777,1981.1152416356877,1465.5799256505577,1458.732342007435,1544.8977695167287,1899.9275092936803,2048.126394052045,2062.663568773234,1617.8866171003717,1495.8197026022306,1337.4368029739776,1669.5539033457248,1354.0353159851302,1280.5390334572492,1093.3661710037175,1276.1375464684015,1421.3438661710038,1474.2118959107806,1570.2416356877322,1811.5278810408922,1440.8345724907063,1748.7416356877322,2171.8457249070634,2313.8308550185875,1597.514869888476,1715.8866171003717,1859.3698884758364,1675.0687732342008,1560.1635687732341,1796.2342007434945,1964.8736059479554,2300.8197026022303,1647.0557620817845,1965.39219330855,2360.252788104089,3141.1059479553905,1980.604089219331,1818.1840148698884,1750.685873605948,1821.0799256505577,2273.3903345724907,3723.618959107807,4722.280669144981,3480.5780669144983,2812.470260223048,3403.4869888475837,2095.2862453531598,1696.6282527881042,2060.710037174721,2964.1078066914497,2438.871747211896,2755.8940520446095,2473.418215613383,2653.9869888475837,2558.639405204461,3595.433085501859,2760.968401486989,1957.3475836431228,1556.5613382899628,1783.1840148698884,2321.9591078066915,2083.460966542751,1422.5669144981412,1849.0371747211896,2794.631970260223,3843.972118959108,2573.8401486988846,3174.2732342007434,3293.8048327137544,3232.1951672862456,4438.542750929368,3470.9814126394053,2436.0762081784387,4140.083643122676,5104.7007434944235,2855.7620817843867,2223.470260223048,3437.806691449814,5206.5687732342,5797.57063197026,5005.578066914498,3826.8475836431226,2930.470260223048,3200.475836431227,5220.315985130112,7309.5687732342,4859.7992565055765,3454.252788104089,5451.505576208178,8929.161710037175,5914.371747211896,3522.1802973977697,2122.778810408922,1890.9944237918216,2122.542750929368,3289.470260223048,3434.6672862453534,3490.6598513011154,4443.736059479554,6737.514869888476,4574.323420074349,2708.620817843866,2030.0278810408922,1514.6096654275093,1338.8810408921934,1653.674721189591,1630.185873605948,2062.2843866171,3215.2379182156133,3438.0408921933085,2089.081784386617,1774.775092936803,1814.5204460966543,1786.9795539033457,1457.8698884758364,1808.5223048327136,2437.9275092936805,3614.985130111524,2734.17843866171,2367.618959107807,2370.6003717472117,1782.635687732342,1505.2955390334573,1736.7732342007434,2461.836431226766,2461.3977695167287,1600.810408921933,1644.2490706319702,1551.9442379182155,1920.9832713754647,1473.0947955390334,1567.6877323420074,1564.8977695167287,2233.9869888475837,2593.111524163569,2315.7490706319704,1836.492565055762,1527.604089219331,1398.6431226765799,1597.17843866171,1498.1282527881042,1581.825278810409,1961.4293680297399,1859.1412639405205,1482.5501858736059,1541.8271375464683,1338.267657992565,1623.3773234200744,2188.2379182156133,3452.754646840149,2415.360594795539,1658.5,1566.6152416356877,1498.3048327137546,1406.081784386617,1700.4237918215613,1394.7620817843865,1501.1449814126395,1677.104089219331,2365.9795539033457,2590.4219330855017,2269.113382899628,1538.189591078067,1754.174721189591,2269.7118959107806,2616.946096654275,1670.6877323420074,1508.9553903345725,1439.5836431226767,2099.1171003717473,1702.9684014869888,1488.9330855018588,1474.518587360595,1699.6375464684015,1952.2620817843865,2321.7955390334573,1618.763940520446,1698.9014869888476,2105.8661710037177,2281.873605947955,1377.4126394052046,1393.7565055762082,1174.2546468401488,1308.8159851301116,1248.6263940520446,1450.1245353159852,1403.7472118959108,1915.693308550186,2879.527881040892,2409.693308550186,1298.1728624535317,1320.2695167286245,1345.4702602230484,1675.9330855018588,1254.3234200743495,1458.6245353159852,1160.2509293680298,1454.4739776951674,1320.1226765799256,1268.2267657992566,1254.4981412639406,1363.4330855018588,1364.0501858736059,1928.7342007434945,2316.685873605948,1794.6524163568772,1629.1338289962825,2628.35687732342,2597.3847583643123,1552.1486988847585,1414.139405204461,1635.578066914498,1552.096654275093,1534.4442379182155,1229.5947955390334,1549.3438661710038,1924.5594795539034,2444.674721189591,2817.291821561338,2062.3847583643123,1421.3866171003717,1612.5334572490706,1669.7193308550186,2286.972118959108,1729.328996282528,1786.4368029739776,1740.8587360594795,2306.888475836431,1677.5557620817845,1650.8197026022306,1963.6728624535317,2183.4795539033457,1407.1765799256505,1475.3085501858736,1715.7806691449814,2942.8550185873605,3726.3401486988846,2185.5408921933085,1751.182156133829,1931.0687732342008,1468.100371747212,1547.5167286245353,1622.60780669145,1808.2007434944237,1501.4014869888476,1505.2881040892194,1336.2007434944237,1885.7769516728624,2789.6338289962823,2440.85687732342,1380.10780669145,1458.224907063197,1301.10780669145,1371.421933085502,1435.810408921933,1671.171003717472,1410.6542750929368,2007.4405204460966,1840.1282527881042,1754.9275092936803,1282.1449814126395,1276.907063197026,1124.6375464684015,1297.728624535316,1231.0631970260224,1520.8587360594795,1752.7657992565055,1956.104089219331,1437.7509293680298,1371.2453531598512,1241.907063197026,1529.224907063197,1620.007434944238,1741.82156133829,1741.0092936802973,2301.113382899628,2051.024163568773,1493.2267657992566,1429.671003717472,1705.0613382899628,1910.3438661710038,2088.5780669144983,1990.4368029739776,2376.410780669145,1894.7546468401488,1751.1970260223047,1409.3159851301116,1647.4702602230484,1753.0297397769516,1824.9665427509294,1398.825278810409,1655.4014869888476,1794.0334572490706,2758.7565055762084,4218.888475836431,4585.605947955391,1790.8624535315985,1560.7156133828996,1591.9275092936803,1450.7118959107806,1127.1672862453531,1388.3382899628252,1241.0427509293681,1346.4126394052046,1496.3568773234201,1511.2342007434945,1218.7899628252787,1410.0018587360594,1271.2918215613383,1402.0167286245353,1279.7881040892194,1532.8624535315985,1422.6263940520446,1612.996282527881,1929.0743494423791,2582.2434944237916,1834.2973977695167,1323.6840148698884,1178.2695167286245,1386.4256505576209,1331.314126394052,1877.314126394052,1651.317843866171,1586.0204460966543,1218.8438661710038,1561.5278810408922,1666.914498141264,1586.9089219330856,1203.0539033457248,1302.9275092936803,1187.9721189591078,1248.6951672862454,1191.5557620817845,1385.5223048327136,1293.4312267657992,1525.2899628252787,1473.081784386617,1562.810408921933,1397.6840148698884,1421.011152416357,1369.8327137546469,1692.8940520446097,2414.7156133829,2112.1486988847582,1205.635687732342,1352.1412639405205,1244.6189591078066,1257.9758364312268,1196.9014869888476,1423.6561338289962,1528.3587360594795,2444.388475836431,2333.9293680297396,1975.2918215613383,1507.6133828996283,1751.2118959107806,1672.3345724907063,1647.8308550185873,1789.585501858736,2592.542750929368,3083.5910780669146,2340.539033457249,1724.4014869888476,2167.853159851301,2430.9832713754645,2725.6802973977697,1903.2806691449814,2080.1171003717473,3401.2732342007434,4004.2620817843867,1928.0985130111524,1556.2156133828996,1372.806691449814,1473.3345724907063,1403.1171003717473,1652.9368029739776,1366.7007434944237,1496.5687732342008,1507.046468401487,2129.5408921933085,3204.0018587360596,4843.724907063197,3134.7379182156133,2264.6524163568774,1976.185873605948,2478.946096654275,1836.3810408921934,2361.3234200743495,2745.3271375464683,1809.724907063197,1478.0687732342008,1920.0706319702601,2351.5092936802976,2712.5185873605947,1768.6449814126395,1848.1096654275093,2336.9052044609666,4152.8959107806695,6357.488847583643,4372.091078066915,3235.139405204461,2849.8773234200744,2514.7044609665427,2001.7899628252787,1610.4386617100372,2017.631970260223,2679.620817843866,5169.847583643123,4798.74721189591,2305.5018587360596,1616.4256505576209,2062.592936802974,2804.626394052045,4138.579925650558,2310.2862453531598,2088.527881040892,2519.7044609665427,3772.871747211896,2340.2156133829,1694.9237918215613,1375.092936802974,1511.185873605948,1584.0799256505577,2181.596654275093,3001.639405204461,4887.308550185873,4421.776951672862,5395.644981412639,6959.622676579926,3559.03717472119,2411.3308550185875,3607.368029739777,5721.157992565056,5765.815985130112,3151.5483271375465,2465.7267657992566,3342.232342007435,6467.24721189591,7508.526022304833,2958.403345724907,1660.282527881041,1726.732342007435,1798.224907063197,1826.2602230483271,1404.914498141264,1475.9200743494423,1483.6542750929368,1948.511152416357,1957.6412639405205,2973.9126394052046,3735.8345724907063,4701.728624535316,3430.5037174721188,4529.462825278811,7149.652416356877,5611.57434944238,6009.815985130112,4545.624535315985,2860.799256505576,3181.475836431227,3535.9219330855017,2132.289962825279,1557.5260223048326,1654.953531598513,2201.7657992565055,2531.7434944237916,1947.7583643122678,2147.6728624535317,1989.8698884758364,2605.336431226766,4489.003717472119,7347.644981412639,3543.1375464684015,2053.131970260223,1914.096654275093,1759.4981412639406,1817.2620817843865,2592.9739776951674,4524.171003717473,7844.184014869888,6394.916356877324,8332.711895910781,5108.769516728625,4591.788104089219,6118.039033457249,4342.979553903346,2436.817843866171,1917.0315985130112,1840.8122676579926,2280.5910780669146,3504.7695167286247,6170.485130111524,6600.327137546468,5983.172862453532,5370.172862453532,5694.901486988848,2748.061338289963,2713.185873605948,3015.8698884758364,2403.9962825278812,1669.096654275093,1601.1598513011152,1588.2546468401488,1846.1505576208178,2394.9052044609666,3838.3921933085503,3119.4089219330854,4754.760223048327,4463.903345724907,5916.312267657992,7432.423791821561,10772.698884758363,18851.89405204461,13882.82156133829,4547.096654275093,2651.1988847583643,2624.3828996282527,4565.711895910781,4626.843866171003,5697.656133828997,9800.57063197026,7449.5074349442375,3290.4126394052046,1830.9591078066915,1593.2546468401488,2119.4516728624535,2980.4479553903348,4801.438661710037,4895.804832713755,6118.8624535315985,3410.522304832714,1860.82156133829,1587.9646840148698,1635.5204460966543,1562.7193308550186,1887.4832713754647,2309.0557620817845,3477.4089219330854,6850.6208178438665,5689.615241635688,2430.953531598513,2184.1877323420076,2577.5724907063195,4439.451672862454,4411.641263940521,7499.377323420074,6182.420074349442,4119.105947955391,1998.8828996282527,1767.407063197026,1878.717472118959,2122.0947955390334,2256.5855018587363,3852.8828996282527,7540.172862453532,6143.589219330855,2520.120817843866,1954.1096654275093,1726.4163568773233,2399.604089219331,2215.6951672862456,1722.2695167286245,1670.8717472118958,2285.4665427509294,2145.433085501859,2322.349442379182,2795.163568773234,2925.938661710037,3193.0910780669146,6281.92936802974,9712.163568773234,5938.336431226766,7346.351301115242,5961.28624535316,2506.014869888476,2122.3104089219332,1780.9516728624535,2140.7620817843867,1519.6951672862454,1586.0557620817845,1573.5669144981412,1645.0408921933085,1684.0687732342008,2438.9237918215613,4167.881040892194,8528.968401486989,5662.078066914498,2991.8940520446095,1769.1877323420074,1572.1449814126395,1359.0204460966543,1351.018587360595,1383.3773234200744,1471.1635687732341,1362.6375464684015,1669.639405204461,2109.946096654275,2905.386617100372,5434.003717472119,5959.319702602231,2422.8197026022303,2086.245353159851,1973.3327137546469,1996.6282527881042,1540.0576208178438,1707.4907063197027,1644.732342007435,1575.7546468401488,1506.5,2324.024163568773,2857.1486988847582,5722.412639405205,3369.449814126394,1770.7862453531598,1428.7007434944237,1495.0947955390334,1376.3401486988848,1494.414498141264,1414.2546468401488,1518.3773234200744,1446.3382899628252,1788.7044609665427,2126.7565055762084,4033.732342007435,4003.1096654275093,2147.9052044609666,1997.0576208178438,2140.8011152416357,1686.0371747211896,1723.1171003717473,1464.4442379182155,1549.589219330855,1587.2453531598512,1990.6672862453531,2627.4442379182155,3961.425650557621,8815.202602230484,15388.700743494424,10955.14869888476,5501.018587360595,3219.2565055762084,2339.1672862453534,1553.4776951672864,1463.4163568773233,1233.5241635687732,1386.810408921933,1200.9405204460966,1277.2379182156135,1128.32156133829,1278.1449814126395,1164.4776951672864,1315.1672862453531,1370.6988847583643,1694.395910780669,1497.589219330855,1641.092936802974,1725.5650557620818,1466.7044609665427,1352.6728624535317,1466.0743494423791,1238.1691449814127,1478.1728624535317,1821.8531598513011,2710.6988847583643,1629.5631970260224,1445.6654275092937,1368.6579925650558,1909.503717472119,2038.8364312267659,2233.6988847583643,1739.0353159851302,1579.3940520446097,1352.0390334572492,1755.135687732342,1276.7843866171004,1557.996282527881,2090.3401486988846,3868.092936802974,3169.8048327137544,1920.5241635687732,1304.6802973977694,1355.6022304832713,1388.018587360595,1610.67843866171,1232.5297397769516,1323.9237918215613,1359.8364312267659,2018.2546468401488,3510.282527881041,2696.721189591078,2641.3828996282527,2798.349442379182,1785.1226765799256,1765.1263940520446,1556.5631970260224,1503.631970260223,1284.2936802973977,1437.421933085502,1335.7955390334573,1704.2156133828996,1891.600371747212,1793.414498141264,1532.018587360595,1982.9869888475837,2387.6728624535317,2846.4814126394053,2799.291821561338,2606.8011152416357,1831.8531598513011,1534.9591078066915,1390.7044609665427,1543.6059479553903,1552.868029739777,1587.1263940520446,1407.4423791821562,1573.2973977695167,1833.9089219330856,2571.8847583643123,2909.081784386617,2018.9739776951674,2210.3159851301116,2692.379182156134,2402.8513011152418,2258.663568773234,1869.0223048327136,2415.081784386617,2921.8271375464683,3505.4962825278812,3292.35687732342,2537.938661710037,1823.8847583643123,2171.239776951673,3198.35687732342,3190.760223048327,2572.046468401487,2398.760223048327,1754.6059479553903,1948.3624535315985,1547.9200743494423,1840.4981412639406,1971.364312267658,2574.0799256505575,2281.918215613383,2046.3197026022306,2192.825278810409,1901.693308550186,1656.3159851301116,2164.1375464684015,2689.126394052045,2145.9795539033457,1770.6208178438662,1600.7657992565055,1533.0315985130112,1898.0539033457248,1656.9237918215613,2371.685873605948,3064.0520446096652,2121.693308550186,1644.1988847583643,2245.3234200743495,2721.732342007435,2312.613382899628,2834.8940520446095,4947.858736059479,4149.349442379182,2613.457249070632,2342.507434944238,2094.6486988847582,2006.4572490706319,2176.5910780669146,1954.2843866171004,2368.868029739777,1627.1375464684015,1771.4795539033457,1897.5724907063197,1830.6375464684015,2103.4888475836433,2982.446096654275,1951.7936802973977,1727.4758364312268,1938.5947955390334,2617.245353159851,3177.8271375464683,5177.578066914498,7484.373605947955,5617.271375464684,3378.0111524163567,2539.157992565056,3085.407063197026,5687.685873605948,8029.308550185873,3983.968401486989,2426.7843866171,2903.5483271375465,4595.055762081784,5131.053903345725,4473.67843866171,2269.663568773234,1774.0985130111524,1809.6654275092937,1451.9553903345725,2095.611524163569,2102.721189591078,4129.094795539034,3008.1802973977697,2001.1914498141264,1771.1579925650558,1931.9721189591078,2581.9869888475837,3460.542750929368,3763.6672862453534,5468.57434944238,6751.652416356877,8971.591078066915,9304.165427509293,5558.715613382899,7326.016728624535,11353.128252788105,6393.910780669145,4420.39219330855,5272.82156133829,3519.328996282528,3720.317843866171,3164.546468401487,2741.6654275092937,4797.986988847583,7846.442379182156,4562.195167286245,3867.8847583643123,7529.446096654275,9874.267657992565,4249.775092936803,2605.185873605948,3033.4869888475837,4043.395910780669,9549.912639405204,11761.185873605948,5688.037174721189,5783.845724907063,8299.553903345724,4979.302973977695,3703.7732342007434,4018.6003717472117,4220.191449814127,3921.0408921933085,2540.104089219331,2246.5185873605947,3841.3271375464683,3853.8104089219332,3936.6672862453534,2576.2657992565055,2067.728624535316,2424.574349442379,2235.871747211896,1657.6542750929368,1850.6914498141264,2353.156133828996,4785.027881040892,3965.442379182156,2204.135687732342,1600.7472118959108,1531.3457249070632,1587.1282527881042,2283.7342007434945,3435.2509293680296,5472.211895910781,2691.2044609665427,2387.4888475836433,3046.0631970260224,5107.933085501859,10933.717472118959,8052.260223048327,3882.4368029739776,2513.918215613383,1860.7583643122678,2301.368029739777,2577.739776951673,2103.440520446097,1861.3847583643123,2082.778810408922,2427.118959107807,3132.1171003717473,2039.1579925650558,1751.271375464684,1694.8698884758364,1771.514869888476,2020.3810408921934,1836.5408921933085,1646.8159851301116,1728.9516728624535,1738.6468401486989,1660.0520446096655,1495.6189591078066,1724.0594795539034,1579.407063197026,1524.7063197026023,1493.7620817843865,2492.849442379182,2940.7695167286247,4257.005576208178,2366.656133828996,1686.782527881041,1440.1059479553903,1694.8661710037175,1420.2342007434945,1562.1226765799256,1699.4368029739776,3215.721189591078,3582.0799256505575,2203.4814126394053,1969.992565055762,3375.2434944237916,8547.89033457249,6362.3959107806695,2677.96468401487,1934.4312267657992,1595.782527881041,1583.0985130111524,1474.3754646840148,1430.5539033457248,1441.185873605948,1698.9460966542752,2377.977695167286,2198.6970260223047,1555.8736059479554,1526.4628252788104,1535.771375464684,1688.9869888475837,1493.604089219331,2263.2193308550186,2020.6338289962825,2787.613382899628,5178.293680297398,7107.4312267658,3221.907063197026,2140.771375464684,1760.0334572490706,1671.5706319702601,1460.6133828996283,2004.0334572490706,2238.881040892193,3453.3401486988846,3323.388475836431,2066.139405204461,1579.100371747212,1439.775092936803,1227.7081784386617,1318.8866171003717,1181.3345724907063,1316.9460966542752,1400.6059479553903,1885.9200743494423,1308.828996282528,1224.2137546468402,1061.9665427509294,1146.671003717472,1064.7695167286245,1173.7304832713755,1102.4423791821562,1331.2732342007434,1302.2695167286245,2072.843866171004,2843.6598513011154,7619.916356877324,10098.377323420074,5346.652416356877,3095.5185873605947,2023.2118959107806,1399.4423791821562,1403.224907063197,1513.0018587360594,1534.8661710037175,1207.317843866171,1322.9832713754647,1159.6375464684015,1296.7379182156135,1674.4405204460966,2694.1988847583643,2264.042750929368,1758.418215613383,1444.6338289962825,1506.046468401487,1265.6877323420074,1325.2973977695167,1256.5501858736059,1455.3011152416357,1395.9646840148698,1574.7583643122678,1369.089219330855,1582.421933085502,1782.1431226765799,2076.4832713754645,2204.7304832713753,2473.1895910780668,1643.8810408921934,1559.4758364312268,1317.481412639405,1383.100371747212,1350.4869888475837,1808.9776951672864,2233.342007434944,1806.1486988847585,1389.4944237918216,1431.9442379182155,1408.9052044609666,1422.0724907063197,1168.9907063197027,1158.2490706319702,1327.4293680297399,1413.8773234200744,1304.9293680297399,1773.8513011152415,1506.3773234200744,1578.810408921933,1753.2193308550186,1648.6598513011152,1503.1152416356877,1611.3513011152415,1512.5743494423791,1816.364312267658,1601.89219330855,2206.8085501858736,1724.9368029739776,1457.4907063197027,1340.721189591078,1872.82156133829,1238.488847583643,1408.60780669145,1279.4516728624535,1467.7453531598512,1510.100371747212,1610.228624535316,1479.4386617100372,1526.418215613383,1283.9460966542752,1378.6988847583643,1450.4609665427508,1535.0260223048326,1248.3308550185873,1377.5520446096655,1645.0334572490706,1764.9405204460966,2122.6003717472117,1893.5055762081784,1657.7063197026023,1573.899628252788,1390.6226765799256,1547.9256505576209,1402.5483271375465,1520.9572490706319,1307.3884758364313,1422.104089219331,1493.2992565055763,1511.7955390334573,1301.0241635687732,1434.32156133829,1336.8550185873605,1830.364312267658,1340.2100371747213,1583.0985130111524,1723.981412639405,2140.868029739777,1590.2267657992566,1716.4089219330856,2046.3159851301116,3874.657992565056,3326.2118959107806,4560.990706319702,3021.381040892193,2353.349442379182,1766.1654275092937,1579.3159851301116,1463.9014869888476,1599.8197026022306,1285.368029739777,1372.3587360594795,1237.9684014869888,1419.4609665427508,1439.0520446096655,2068.8940520446095,2884.64312267658,2847.8159851301116,3665.457249070632,3625.806691449814,2281.745353159851,1992.721189591078,1825.7565055762082,2196.910780669145,3404.4944237918216,3194.306691449814,1899.9349442379182,1747.0371747211896,1460.9591078066915,1558.0985130111524,1673.2063197026023,1625.7100371747213,1453.5390334572492,1577.7583643122678,1437.9702602230484,1687.368029739777,2057.8940520446095,3468.0185873605947,6268.033457249071,5151.462825278811,3209.6226765799256,2989.9368029739776,2254.9144981412637,1872.7918215613383,1670.399628252788,1953.9423791821562,1809.7063197026023,1885.8513011152415,2733.046468401487,5026.193308550186,2973.842007434944,2278.4312267657992,2449.124535315985,3125.275092936803,2950.5037174721188,2369.8271375464683,2862.754646840149,5553.817843866171,3244.8234200743495,2758.613382899628,3472.5799256505575,6609.4312267658,11381.065055762081,6588.208178438662,3510.9089219330854,2708.9237918215613,2516.767657992565,2426.8159851301116,2263.624535315985,2277.938661710037,2756.457249070632,6241.509293680298,4829.042750929368,4268.161710037175,5290.9275092936805,3579.407063197026,2459.217472118959,2423.0446096654273,3571.5204460966543,6199.042750929368,5641.973977695167,3379.3345724907063,2358.6802973977697,1932.5706319702601,1660.9275092936803,2175.096654275093,3887.853159851301,4183.5687732342,3807.128252788104,6065.063197026022,4844.711895910781,3942.252788104089,4932.087360594795,9799.557620817845,11278.159851301116,7468.198884758364,5619.336431226766,3462.245353159851,2338.82156133829,1994.3810408921934,1756.8048327137546,2150.7806691449814,1835.981412639405,1982.7100371747213,2885.4293680297396,2342.120817843866,1769.5557620817845,1772.9368029739776,1638.1635687732341,2095.3104089219332,2506.9795539033457,2612.745353159851,2465.0724907063195,2883.0167286245355,5280.020446096654,16147.369888475836,23193.68401486989,12619.64312267658,7825.578066914498,6245.996282527881,7324.667286245353,10506.780669144982,6854.994423791822,7823.914498141264,5467.455390334572,4797.020446096654,4289.1691449814125,3326.1802973977697,2411.053903345725,2223.9237918215613,2130.886617100372,3420.4163568773233,2808.5111524163567,3401.3550185873605,4792.382899628253,4004.5947955390334,2956.46468401487,2251.029739776952,1729.4739776951674,1782.6486988847585,1719.903345724907,2015.2081784386617,1890.2769516728624,2235.042750929368,3658.6338289962823,3364.4962825278812,3114.6375464684015,3365.7769516728627,2523.3104089219332,3436.6654275092937,3331.282527881041,2432.8104089219332,1934.728624535316,2378.760223048327,1947.5390334572492,3439.475836431227,9136.39033457249,7657.85687732342,4108.644981412639,2829.8773234200744,2328.5334572490706,2806.745353159851,2381.0111524163567,2155.0910780669146,1962.8438661710038,2888.9237918215613,2526.8011152416357,2681.386617100372,2419.7769516728627,2437.2063197026023,3082.3308550185875,7067.280669144981,13022.189591078068,9915.414498141265,11224.665427509293,6103.485130111524,3839.1301115241636,2882.174721189591,2115.5185873605947,1873.8234200743495,1698.8197026022306,1828.1635687732341,1842.806691449814,2130.82156133829,2124.2936802973977,2711.460966542751,2123.5780669144983,2634.247211895911,3102.1895910780668,2460.014869888476,1926.6672862453531,1818.011152416357,1788.3568773234201,2188.5408921933085,2680.039033457249,4566.328996282527,10524.373605947956,8743.667286245352,4543.113382899628,3781.0855018587363,4597.579925650558,3520.1914498141264,2447.2955390334573,2511.3921933085503,3075.057620817844,2629.1654275092937,3196.185873605948,6352.197026022305,9817.507434944238,6412.470260223048,3555.539033457249,2644.581784386617,2321.8029739776953,2150.96282527881,1645.6691449814127,1683.4089219330856,1437.39219330855,1904.4330855018588,1442.8884758364313,1903.1375464684015,2054.1970260223047,2003.3513011152415,2604.3773234200744,2355.074349442379,1896.7490706319702,2341.67843866171,2177.6654275092937,2136.657992565056,2643.03531598513,2604.3513011152418,1885.8475836431228,2001.39219330855,2257.635687732342,4087.907063197026,8856.07249070632,6256.721189591078,5463.176579925651,3763.977695167286,3048.3550185873605,2499.7230483271373,1836.8327137546469,1785.9163568773233,1832.3475836431228,1942.6449814126395,2037.5520446096655,3607.297397769517,9222.055762081784,7033.141263940521,4544.118959107806,4069.425650557621,3728.6802973977697,6781.793680297398,6168.71375464684,7432.717472118959,17600.094795539033,15013.375464684015,8623.1375464684,6771.884758364312,4363.656133828997,3774.1022304832713,4539.009293680298,3963.282527881041,2748.7732342007434,2719.104089219331,3764.9553903345727,7455.592936802974,7185.438661710037,4328.2026022304835,3146.663568773234,2977.3513011152418,4349.111524163569,8511.42936802974,6113.026022304833,5689.039033457249,4056.2583643122675,3196.3940520446095,2961.6171003717473,4759.308550185873,9871.434944237919,12114.938661710037,13265.615241635687,8963.299256505576,5360.328996282527,4005.1988847583643,2926.3029739776953,3027.236059479554,3550.0408921933085,2637.050185873606,2315.817843866171,2587.146840148699,2517.828996282528,2066.146840148699,1767.7118959107806,1813.5947955390334,1460.2397769516729,1605.418215613383,1926.6914498141264,2653.64312267658,3545.3104089219332,6524.894052044609,10288.955390334573,18825.52602230483,11691.78624535316,8261.477695167287,9485.613382899628,7290.029739776952,7977.1375464684015,12783.553903345724,7342.466542750929,4825.460966542751,3400.7565055762084,2811.0055762081784,2098.120817843866,2297.53717472119,1710.2156133828996,1857.3494423791822,2512.8698884758364,6512.364312267658,17700.509293680298,12979.440520446096,8187.910780669145,5881.32156133829,4366.977695167287,4339.680297397769,6614.951672862454,18377.451672862455,34723.57063197026,20772.481412639405,12848.566914498142,10627.118959107807,6974.332713754647,5578.899628252788,5882.440520446096,4367.631970260223,4640.410780669145,4241.71375464684,3247.050185873606,3000.8085501858736,2441.7156133829,2812.2342007434945,3180.4907063197024,3011.4739776951674,4404.293680297398,13693.507434944238,29238.154275092937,19845.594795539033,11726.131970260223,7867.652416356877,6232.552044609665,8353.210037174722,15713.457249070632,20862.117100371746,17671.873605947956,16953.07249070632,14449.942379182155,9626.265799256505,8056.14312267658,7400.176579925651,4932.596654275093,3221.82156133829,2582.120817843866,2286.968401486989,1965.232342007435,2142.2193308550186,2602.9553903345727,3153.752788104089,4509.397769516729,3471.368029739777,2550.620817843866,2271.791821561338,2105.4479553903348,2198.7620817843867,1924.5223048327136,2428.200743494424,2685.778810408922,2300.410780669145,1826.5055762081784,2245.4814126394053,2473.4014869888474,4053.2230483271373,5694.182156133829,4502.960966542751,3790.881040892193,6769.260223048327,9210.585501858735,9425.82342007435,10799.741635687733,6884.587360594795,7609.353159851301,17211.776951672862,14762.492565055762,14003.189591078068,11216.076208178438,6947.3308550185875,5196.224907063197,4381.819702602231,3444.886617100372,3113.524163568773,3018.0111524163567,3096.806691449814,2502.317843866171,2659.7806691449814,3139.6412639405203,4657.369888475836,8590.635687732341,17370.765799256507,19224.98884758364,12154.730483271376,7671.094795539034,7472.622676579926,10308.172862453532,9238.381040892193,6081.191449814127,5652.434944237918,4315.760223048327,3636.860594795539,3469.2620817843867,2743.6654275092937,2027.7118959107806,1904.6561338289962,1690.4479553903345,1762.3327137546469,1508.310408921933,1775.3903345724907,2733.221189591078,5850.985130111524,17067.524163568774,18022.64126394052,11114.217472118959,7801.812267657992,6020.801115241636,6183.462825278811,5138.033457249071,4028.843866171004,3593.6059479553905,3578.53717472119,3214.163568773234,4211.171003717473,4429.5074349442375,3162.9163568773233,3149.557620817844,6245.531598513011,4248.336431226766,2987.5799256505575,2191.9553903345727,2318.254646840149,2764.624535315985,2832.6301115241636,2398.6802973977697,2878.3011152416357,3475.522304832714,3200.9163568773233,4788.185873605948,14556.442379182155,13762.421933085501,9031.150557620818,10169.957249070632,9055.815985130112,6646.029739776952,7925.048327137546,6386.855018587361,4058.410780669145,2775.527881040892,2457.050185873606,1934.3903345724907,2130.092936802974,2594.03717472119,2638.059479553903,2246.6728624535317,2113.674721189591,1847.9275092936803,1868.171003717472,2132.6542750929366,2853.053903345725,1869.2490706319702,1746.1282527881042,1479.7955390334573,1479.1914498141264,1593.9089219330856,1835.0297397769516,1755.4553903345725,2018.7342007434945,1651.8568773234201,1692.3327137546469,1684.3345724907063,2149.2881040892194,2213.3773234200744,2118.457249070632,2774.0836431226767,4684.814126394052,4236.884758364312,3139.291821561338,2282.4888475836433,1919.2862453531598,1654.4293680297399,1780.3903345724907,1600.2230483271376,1759.39219330855,1690.2992565055763,1703.6970260223047,2273.3234200743495,2896.460966542751,5237.609665427509,5693.193308550186,3879.5483271375465,4355.323420074349,7753.001858736059,7620.189591078067,5618.494423791822,4890.2342007434945,6548.806691449814,6172.098513011152,5211.881040892194,5574.197026022305,4450.812267657992,3592.550185873606,5072.802973977695,5430.871747211896,7258.903345724907,11937.557620817845,7829.618959107806,6088.685873605948,6489.131970260223,5134.079925650558,4229.0241635687735,3172.646840148699,2260.7304832713753,2119.82156133829,2287.3401486988846,4540.016728624535,5803.014869888476,5172.027881040892,4116.509293680298,2976.2434944237916,2425.7806691449814,3083.8104089219332,2762.5873605947954,2783.0780669144983,2103.9962825278812,1991.985130111524,2393.7509293680296,5301.24907063197,5135.5724907063195,3859.492565055762,2879.2434944237916,3219.185873605948,3934.542750929368,4701.585501858736,6122.293680297398,10086.737918215613,6553.325278810409,6393.869888475836,8690.245353159851,10401.007434944238,9410.031598513011,14123.931226765799,9117.60780669145,5826.695167286245,4462.355018587361,3493.817843866171,2366.3197026022303,1890.5167286245353,1457.364312267658,1415.8475836431228,1290.9591078066915,1639.8271375464683,2733.5855018587363,4149.877323420074,3034.236059479554,2835.379182156134,2844.881040892193,4042.46282527881,12219.408921933085,19658.24907063197,12220.485130111525,9278.083643122676,8968.07249070632,12731.202602230484,8659.32527881041,5849.358736059479,5730.962825278811,4283.373605947955,3091.6765799256505,2901.1654275092937,5475.442379182156,12474.524163568773,12703.53903345725,7820.57063197026,4960.410780669145,3986.3197026022303,3991.438661710037,3805.139405204461,3279.739776951673,5651.152416356877,7909.25278810409,12277.89219330855,11395.553903345724,24468.960966542752,30071.752788104088,19683.3531598513,14909.397769516729,22083.992565055763,18880.767657992565,13318.888475836431,8856.198884758363,6569.871747211896,5166.262081784386,4064.1412639405203,2859.3921933085503,2582.968401486989,3426.960966542751,8920.237918215613,14032.626394052044,9724.371747211895,8491.278810408921,18754.375464684013,22727.265799256507,15048.702602230484,10643.881040892193,11465.522304832713,17379.1468401487,20683.204460966543,28914.630111524162,19192.15055762082,11569.157992565055,7664.182156133829,5323.555762081784,3932.174721189591,3562.7416356877325,4203.351301115242,3003.7583643122675,2445.7695167286247,2001.600371747212,2412.046468401487,2995.185873605948,4991.682156133829,15325.795539033457,18182.801115241637,11254.600371747212,8650.39033457249,7406.486988847583,5524.304832713755,3828.32156133829,3064.5985130111526,3152.9888475836433,9075.717472118959,16156.224907063197,10661.812267657993,10168.204460966543,11268.975836431227,8672.845724907063,14846.769516728624,14754.17843866171,9236.46282527881,5757.910780669145,4110.180297397769,3500.0185873605947,2927.059479553903,2028.1022304832713,1775.0576208178438,1543.2156133828996,1510.6542750929368,1493.0204460966543,1585.2843866171004,1846.2732342007434,2271.728624535316,1788.003717472119,2273.135687732342,2023.763940520446,2009.131970260223,2179.918215613383,2299.208178438662,2233.468401486989,2004.9442379182155,1643.6226765799256,1826.724907063197,1715.5576208178438,1834.3884758364313,1535.3773234200744,1438.5315985130112,1467.6840148698884,1551.7899628252787,2240.434944237918,4286.369888475836,4503.405204460966,5655.42936802974,11622.923791821562,8835.03531598513,6071.105947955391,5669.382899628253,6152.589219330855,4577.871747211896,3299.3475836431226,2892.968401486989,2444.0910780669146,2727.126394052045,3480.507434944238,6773.9591078066915,13050.479553903346,9410.267657992565,6023.24721189591,5007.338289962825,7596.544609665428,11134.368029739777,15338.219330855018,15303.388475836431,15610.860594795538,9794.89033457249,6556.1040892193305,5567.957249070632,4384.323420074349,3141.325278810409,2435.4869888475837,2336.1524163568774,2587.8271375464683,6362.881040892194,6674.561338289963,6885.2657992565055,7442.710037174721,6723.75278810409,4975.223048327138,4384.473977695167,3454.1617100371745,2740.4312267657992,2384.291821561338,2425.6078066914497,2377.53531598513,3943.624535315985,10765.481412639405,9840.31784386617,6992.529739776952,6735.446096654275,11454.433085501858,25435.61524163569,19493.013011152416,12343.446096654276,8389.888475836431,6298.397769516729,4950.546468401487,5736.509293680298,16391.78810408922,28405.552044609667,22558.934944237917,15320.611524163569,10055.14126394052,7433.814126394052,6907.442379182156,14181.10408921933,15558.970260223048,17609.648698884757,27362.50185873606,19992.265799256507,16554.86059479554,26108.71189591078,20997.9219330855,13247.14126394052,8505.99814126394,5926.745353159851,4479.67843866171,3317.3996282527883,2391.4014869888474,2614.791821561338,3759.8475836431226,9032.3624535316,19581.871747211895,14081.310408921932,8832.477695167287,6930.4925650557625,5899.273234200744,4337.973977695167,3004.9553903345727,2733.8197026022303,4480.739776951673,6726.4591078066915,16012.085501858735,27578.983271375466,25114.67100371747,15349.459107806691,10330.32342007435,9886.920074349442,7231.031598513011,4778.594795539034,3652.425650557621,3401.0687732342008,3921.3513011152418,6574.704460966543,5278.990706319702,3834.042750929368,2963.8587360594797,3289.1598513011154,9318.657992565055,12968.3624535316,11024.659851301116,7691.078066914498,5308.698884758364,5186.563197026022,3776.868029739777,2995.131970260223,2570.739776951673,2530.0724907063195,3606.4293680297396,11437.57249070632,11562.029739776952,7452.505576208178,5282.1040892193305,5298.921933085502,9273.67843866171,21522.293680297396,21364.21189591078,13583.910780669145,9056.68215613383,6259.157992565056,4398.128252788104,3650.381040892193,4884.7342007434945,5337.9591078066915,7243.366171003718,12964.31970260223,8787.886617100372,6742.648698884758,6156.938661710037,4687.226765799256,3240.0446096654273,2859.2230483271373,2681.4442379182155,2535.6524163568774,2221.014869888476,3497.007434944238,8566.663568773234,13388.338289962825,9444.695167286245,8032.730483271375,5257.001858736059,3791.604089219331,2940.217472118959,2597.2416356877325,2362.6988847583643,5113.172862453532,16663.806691449816,23955.99442379182,16742.117100371746,10280.925650557621,6660.979553903346,4774.39219330855,3356.5520446096652,2629.1171003717473,2352.5037174721188,3107.3104089219332,2796.342007434944,3189.1914498141264,3626.903345724907,7386.531598513011,18139.42750929368,21344.97026022305,17497.239776951672,14787.07249070632,19339.007434944237,13873.206319702602,8445.916356877324,5798.977695167287,4385.401486988848,3616.85687732342,3154.1301115241636,3035.081784386617,4378.553903345725,4468.814126394052,3555.2695167286247,4871.375464684015,11183.672862453532,8585.866171003718,5533.916356877324,5421.802973977695,7501.667286245353,5993.6691449814125,7191.5074349442375,13539.468401486989,9857.31784386617,6609.042750929368,4544.628252788104,4724.802973977695,12885.933085501858,15458.855018587361,10446.585501858735,7034.267657992565,5122.397769516729,5212.884758364312,7097.968401486989,7658.7026022304835,5243.503717472119,4654.4275092936805,3119.903345724907,2670.5855018587363,2712.146840148699,2362.1672862453534,2153.0018587360596,1935.046468401487,1589.1840148698884,1488.6561338289962,1633.7527881040892,2127.4312267657992,1739.1598513011152,1687.674721189591,1419.782527881041,1886.7843866171004,3766.299256505576,4342.044609665428,3923.7583643122675,5741.983271375465,5082.782527881041,6011.9591078066915,11705.719330855018,8746.228624535315,5787.289962825279,4730.698884758364,9918.258364312267,12113.420074349442,7323.940520446096,4829.111524163569,3669.9832713754645,4389.0074349442375,4524.460966542751,3694.042750929368,4833.960966542751,13502.788104089219,10932.946096654276,7519.46468401487,6951.338289962825,14203.99442379182,11560.130111524164,7332.182156133829,4825.013011152417,4297.2007434944235,3437.717472118959,2968.282527881041,2092.1152416356877,1816.2583643122678,2524.8513011152418,2942.156133828996,2252.111524163569,2230.842007434944,1888.3847583643123,1690.4721189591078,1340.0594795539034,1381.4498141263941,1335.488847583643,2146.8698884758364,2337.3085501858736,2351.849442379182,2787.5724907063195,2532.806691449814,2004.728624535316,1917.7881040892194,2176.1486988847582,2365.5762081784387,1663.914498141264,1870.2434944237918,2545.2304832713753,3429.3921933085503,4369.17843866171,5120.368029739777,4265.767657992565,4660.626394052045,3868.849442379182,4576.520446096654,3356.849442379182,3578.860594795539,3568.975836431227,2889.5910780669146,2308.557620817844,2102.6691449814125,2132.46468401487,3338.6542750929366,8226.514869888475,8566.568773234201,5618.0,3894.386617100372,2804.539033457249,2212.2657992565055,1739.104089219331,1733.2843866171004,1521.0576208178438,1652.1115241635687,1590.0,2179.247211895911,2271.6895910780668,2252.1654275092937,1976.4981412639406,2047.3122676579926,3336.46282527881,5662.232342007435,5901.139405204461,5875.306691449814,5034.594795539034,7480.446096654275,18562.027881040893,14370.003717472118,9451.836431226766,7055.302973977695,5660.438661710037,3759.2695167286247,2608.1970260223047,2197.4739776951674,1997.4498141263941,1826.9479553903345,1493.492565055762,1591.89219330855,1828.9944237918216,2562.6970260223047,3272.9163568773233,4236.611524163569,2882.7732342007434,2214.771375464684,1686.6524163568772,1563.3494423791822,1315.682156133829,1922.4256505576209,2183.613382899628,1971.5167286245353,1602.5613382899628,2688.0706319702604,2729.2490706319704,2250.53717472119,2086.871747211896,2353.131970260223,2009.3736059479554,1670.9368029739776,1345.4572490706319,1326.5092936802973,1162.596654275093,1457.9591078066915,1515.0650557620818,1556.3717472118958,1360.7044609665427,1334.0557620817845,1175.171003717472,1262.9665427509294,1170.2973977695167,1480.3197026022306,1250.6617100371748,1476.0390334572492,1745.2583643122678,2074.7063197026023,4213.92936802974,6643.715613382899,5691.050185873606,3847.046468401487,2541.9368029739776,2197.2955390334573,1911.674721189591,1865.3698884758364,1712.1617100371748,1657.910780669145,1408.5408921933085,1521.7602230483271,1793.7973977695167,3791.9795539033457,14251.717472118959,12962.098513011153,8220.245353159851,6158.078066914498,4746.784386617101,3271.2806691449814,2242.871747211896,2294.7509293680296,3532.6226765799256,2827.925650557621,2095.3624535315985,1825.2100371747213,1503.6970260223047,1416.011152416357,1293.3977695167287,1871.2434944237918,3317.5055762081784,3313.8048327137544,2250.46468401487,1954.4163568773233,2148.131970260223,2674.007434944238,2200.67843866171,2105.895910780669,1620.9312267657992,1599.7100371747213,1303.1096654275093,1386.671003717472,1647.1654275092937,3730.126394052045,2977.353159851301,2206.1654275092937,1684.3884758364313,1784.8364312267659,2267.797397769517,2093.9944237918216,1587.7007434944237,1538.2342007434945,1183.0594795539034,1166.8011152416357,1209.9275092936803,1286.3494423791822,1456.8698884758364,2393.2304832713753,6294.708178438662,7511.920074349442,4980.195167286245,4264.306691449814,5584.451672862454,6032.2973977695165,4140.652416356877,5070.3624535315985,3691.0947955390334,2891.1412639405203,2047.3661710037175,1735.7026022304833,1382.5278810408922,1407.5390334572492,1167.0576208178438,1330.0910780669144,1230.8122676579926,1548.089219330855,1932.3475836431228,2526.3048327137544,1973.5669144981412,1723.328996282528,1553.5743494423791,2265.1877323420076,3056.4144981412637,4908.710037174721,18252.408921933085,36047.92750929368,23154.408921933085,13471.702602230484,8424.31784386617,5546.812267657992,3440.8587360594797,2406.7304832713753,1680.4349442379182,1583.8122676579926,1407.314126394052,1524.2918215613383,1620.0799256505577,1759.046468401487,1592.8029739776953,1625.6152416356877,1841.6524163568772,2434.118959107807,2044.7936802973977,1921.1189591078066,1555.5799256505577,1671.306691449814,1803.6226765799256,2035.6802973977694,1788.3159851301116,1850.3940520446097,1571.6505576208178,1624.1171003717473,1635.8884758364313,2665.6542750929366,4644.615241635688,14138.578066914499,29809.29739776952,19144.514869888477,10850.159851301116,7202.141263940521,4628.834572490707,3707.624535315985,4248.319702602231,4650.825278810409,4190.970260223048,3019.592936802974,2187.992565055762,2273.089219330855,3158.2583643122675,7990.293680297398,26607.079925650556,20205.236059479554,11109.739776951672,7354.462825278811,5210.791821561338,4125.762081784386,2927.650557620818,2470.4591078066915,3251.8550185873605,4225.743494423792,2813.403345724907,2400.4200743494425,2198.0780669144983,2083.557620817844,2223.6691449814125,2332.5706319702604,1849.085501858736,1659.3364312267659,1445.018587360595,1429.5092936802973,1569.3011152416357,1917.5167286245353,2562.8828996282527,3779.1152416356877,3630.4014869888474,2694.9739776951674,2034.0613382899628,1834.0334572490706,1413.767657992565,1353.8271375464683,1228.6468401486989,1346.3122676579926,1177.0408921933085,1233.6988847583643,1204.728624535316,1269.32156133829,1253.0594795539034,1392.0613382899628,1083.9256505576209,1146.2434944237918,1046.9758364312268,1267.4349442379182,1460.9572490706319,1933.271375464684,1535.8420074349442,1471.5353159851302,1782.7806691449814,1972.1022304832713,1483.5260223048326,1342.7881040892194,1343.8271375464683,1537.717472118959,1641.7026022304833,1532.6338289962825,1184.1059479553903,1204.910780669145,1154.267657992565,1523.1208178438662,1346.3345724907063,1277.9609665427508,1181.9089219330856,1441.7081784386617,1833.7843866171004,3388.881040892193,2339.0185873605947,1898.511152416357,1853.8122676579926,2843.745353159851,1983.193308550186,1609.3382899628252,1306.5408921933085,1307.3382899628252,1378.6988847583643,1627.7416356877322,1392.4981412639406,1979.7063197026023,1741.2620817843865,1480.7100371747213,1208.4330855018588,1207.014869888476,1157.4349442379182,1629.6338289962825,5231.903345724907,6006.262081784386,3687.3029739776953,2963.232342007435,2219.626394052045,1743.6226765799256,1832.4330855018588,1985.6301115241636,1595.7565055762082,1546.414498141264,1388.171003717472,1305.5278810408922,1209.4349442379182,1782.4721189591078,1967.193308550186,1725.9591078066915,2397.5018587360596,2741.806691449814,1780.314126394052,1577.4739776951674,1231.185873605948,1240.806691449814,1298.4349442379182,2531.388475836431,12275.368029739777,12543.388475836431,7710.780669144981,5091.315985130112,4264.539033457249,5830.74721189591,3639.0557620817845,2344.970260223048,1974.2695167286245,2814.8159851301116,2230.559479553903,1676.546468401487,1262.282527881041,1236.9665427509294,1142.2267657992566,1219.810408921933,1111.8940520446097,1207.6672862453531,1383.6951672862454,1976.2583643122678,7019.217472118959,19790.51115241636,15299.052044609665,8088.466542750929,4698.842007434944,2984.081784386617,1887.9869888475837,1864.7434944237918,2391.289962825279,1989.6208178438662,1663.693308550186,2111.592936802974,1832.7156133828996,1654.0836431226767,1334.3587360594795,1473.511152416357,1590.364312267658,1597.7509293680298,1906.421933085502,4210.671003717473,6693.988847583643,6012.550185873606,3850.873605947955,2974.7193308550186,4370.934944237918,3932.9739776951674,3680.4312267657992,3309.903345724907,2846.104089219331,2215.061338289963,1668.8624535315985,1486.395910780669,1277.674721189591,1265.6672862453531,1052.8940520446097,1086.4237918215613,1038.011152416357,1129.3382899628252,1030.3513011152415,1209.2955390334573,1027.5092936802973,1099.0724907063197,936.4944237918215,1071.9349442379182,1106.4442379182155,1328.6375464684015,1201.8420074349442,1234.089219330855,1227.399628252788,1968.5223048327136,2075.1338289962823,2604.6338289962823,2644.970260223048,2408.975836431227,2097.6654275092937,1802.4330855018588,1755.0223048327136,2621.589219330855,3837.9832713754645,3473.4591078066915,2796.0836431226767,2426.8940520446095,1920.3420074349442,1684.7397769516729,1408.4702602230484,1352.8791821561338,1217.7955390334573,1547.503717472119,4078.174721189591,7425.273234200744,4921.732342007435,3311.245353159851,2119.985130111524,1867.3197026022306,2960.8457249070634,2880.8382899628255,2093.2583643122675,2723.6375464684015,7973.232342007435,11178.923791821562,10485.981412639405,6043.57434944238,3534.96282527881,2498.6840148698884,1834.4553903345725,2462.0018587360596,6297.657992565056,5072.388475836431,2823.814126394052,1949.6765799256505,1419.0576208178438,1314.9349442379182,1538.8754646840148,3071.03717472119,3098.0799256505575,2970.985130111524,2151.8345724907063,2444.120817843866,7315.436802973978,12111.959107806691,14020.933085501858,7854.784386617101,4239.384758364312,3369.1524163568774,5024.901486988848,15648.92936802974,10643.386617100372,5383.518587360595,4021.4163568773233,3448.3457249070634,2016.5260223048326,1684.096654275093,1310.182156133829,1410.5297397769516,1616.953531598513,1504.0762081784387,1353.4275092936803,1640.771375464684,1523.7490706319702,2010.639405204461,4140.421933085502,3253.228624535316,1816.514869888476,1477.2695167286245,1146.8345724907063,1260.104089219331,1579.7342007434945,1410.407063197026,1110.7955390334573,1349.9739776951674,1887.3308550185873,2144.6059479553905,1810.4423791821562,2706.349442379182,2098.9739776951674,2054.7732342007434,4713.284386617101,4288.451672862454,2680.957249070632,1962.6468401486989,1550.3903345724907,3422.271375464684,3508.368029739777,2332.565055762082,2244.96468401487,3413.2044609665427,2890.828996282528,3456.3513011152418,3298.460966542751,3074.35687732342,5640.788104089219,10669.89033457249,6985.466542750929,3890.5799256505575,2285.8996282527883,1845.7100371747213,1354.825278810409,1301.9442379182155,1151.2732342007434,1254.6561338289962,1434.7565055762082,3206.53717472119,7068.083643122676,5114.563197026022,2919.0111524163567,3771.739776951673,11231.923791821562,9658.308550185873,4771.360594795539,3064.263940520446,2756.371747211896,4020.434944237918,4070.1765799256505,3409.946096654275,2365.4479553903348,1765.5724907063197,1230.4516728624535,1093.8122676579926,1069.4981412639406,1233.9776951672864,1078.9498141263941,1065.485130111524,1220.9312267657992,1977.4907063197027,1831.104089219331,1680.267657992565,2061.574349442379,4146.228624535316,3584.7881040892194,2523.0037174721188,1878.5836431226767,4985.704460966543,13122.345724907063,19509.379182156135,12142.652416356877,5404.091078066915,2588.9200743494425,1717.8048327137546,1238.2118959107806,1628.0520446096655,1529.6059479553903,1352.67843866171,1117.0334572490706,1159.8717472118958,1043.0687732342008,1130.778810408922,1092.8420074349442,1376.3661710037175,1525.767657992565,2732.7267657992566,12573.468401486989,22431.68215613383,12566.35873605948,5474.083643122676,2847.1524163568774,1865.9293680297399,1344.4126394052046,1385.8085501858736,1304.1208178438662,1284.5204460966543,1178.2955390334573,1192.9795539033457,1253.1654275092937,1517.6152416356877,1731.9516728624535,1725.2063197026023,1444.1301115241636,1526.67843866171,1616.9330855018588,3929.8104089219332,14687.60594795539,29226.602230483273,22706.674721189593,9867.293680297398,4345.059479553904,2545.050185873606,1843.60780669145,1904.589219330855,1436.592936802974,1292.3698884758364,1222.1728624535317,1347.7695167286245,1176.4869888475837,1237.7137546468402,1012.7342007434944,1035.810408921933,1166.4628252788104,1187.2490706319702,1102.410780669145,1462.9349442379182,4012.5037174721188,6418.758364312268,3651.4962825278812,1977.6654275092937,1293.5446096654275,1241.7657992565055,1426.0371747211896,1470.003717472119,1171.488847583643,1254.6970260223047,1110.9479553903345,1262.271375464684,1184.0631970260224,1333.9758364312268,1394.8011152416357,1533.0613382899628,1318.2657992565055,1384.3122676579926,1235.2583643122678,1288.9014869888476,1274.0278810408922,3200.208178438662,8083.451672862454,7447.1691449814125,3340.193308550186,1868.7602230483271,1242.4442379182155,1111.685873605948,1164.4758364312268,1641.0018587360594,2246.763940520446,6513.960966542751,9048.171003717473,5427.113382899628,2637.2657992565055,1738.1171003717473,1297.407063197026,1368.1171003717473,1170.092936802974,1169.1282527881042,1059.6988847583643,1212.6022304832713,1330.217472118959,1709.3401486988848,1578.9702602230484,1887.2416356877322,4887.263940520446,17571.122676579926,22884.446096654276,12595.340148698884,5812.949814126394,3365.0185873605947,1910.3382899628252,1463.4628252788104,1038.0353159851302,1126.5092936802973,965.1078066914498,1023.7304832713754,987.0446096654275,1295.5910780669144,3118.9200743494425,4763.35687732342,3149.0204460966543,1783.8773234200744,1236.7397769516729,1148.2509293680298,1002.0817843866171,1072.3475836431228,938.0092936802974,1059.9405204460966,911.996282527881,1097.0353159851302,1042.224907063197,1103.7881040892194,1113.4330855018588,1122.8624535315985,990.6449814126394,1279.5539033457248,1751.581784386617,6613.661710037175,17882.736059479554,23443.148698884757,13028.50185873606,5846.081784386617,2925.291821561338,1906.6226765799256,1219.4572490706319,1182.7843866171004,1015.6877323420074,1093.6598513011152,900.1078066914498,999.9665427509294,1055.8345724907063,1094.9368029739776,993.1802973977696,1054.092936802974,953.0743494423792,1064.7565055762082,947.5706319702603,1085.2769516728624,1623.0315985130112,2730.7044609665427,3124.4944237918216,2142.7936802973977,1314.085501858736,1155.2379182156135,967.9014869888476,1073.6412639405205,938.4163568773234,1047.6524163568772,958.4776951672862,1028.6338289962825,1022.8066914498141,1170.728624535316,1142.081784386617,1177.4721189591078,1032.9684014869888,1139.9163568773233,1008.092936802974,1160.1412639405205,1091.2100371747213,1134.8866171003717,940.7100371747212,1028.907063197026,1082.9609665427508,1028.7657992565055,992.1059479553903,1119.2973977695167,1181.6542750929368,1827.3327137546469,2271.728624535316,2803.096654275093,1922.810408921933,1364.481412639405,1012.6784386617101,1034.317843866171,954.8977695167287,1048.910780669145,884.2992565055762,1027.3029739776953,1028.2379182156135,1292.328996282528,1251.6208178438662,1171.492565055762,1011.2527881040892,1077.9312267657992,1013.9702602230483,1090.0334572490706,943.9052044609665,1086.1245353159852,961.9739776951673,1097.2899628252787,1010.6171003717473,1050.921933085502,919.2211895910781,1058.8568773234201,1161.414498141264,1432.1542750929368,1405.1486988847585,1663.8754646840148,1407.732342007435,1657.1301115241636,1814.1672862453531,2029.096654275093,1475.236059479554,1225.5594795539034,1018.9312267657992,1099.0092936802973,1093.1617100371748,1251.1375464684015,1162.5278810408922,1279.0724907063197,1538.6877323420074,2129.9014869888474,2527.879182156134,2506.895910780669,1597.7416356877322,1246.503717472119,1078.7007434944237,1114.825278810409,1008.4851301115242,1169.8364312267659,1094.6449814126395,1350.3940520446097,1450.8197026022306,2516.0408921933085,7525.9312267658,16284.938661710037,23200.949814126394,25715.977695167287,14561.568773234201,6212.146840148699,2736.968401486989,1875.6133828996283,1413.2118959107806,1495.2026022304833,1650.8475836431228,1960.6431226765799,1889.6988847583643,1716.5204460966543,1345.8828996282527,1387.7156133828996,1335.6691449814127,1398.782527881041,1223.3736059479554,1188.674721189591,999.592936802974,1107.328996282528,905.9275092936803,1125.6542750929368,969.6486988847583,1075.860594795539,952.0799256505576,988.0483271375465,863.0724907063197,950.7323420074349,929.0278810408922,1039.3420074349442,896.9702602230483,1026.4795539033457,1279.7342007434945,1406.0594795539034,1327.0539033457248,1480.3661710037175,1390.903345724907,2804.278810408922,7357.921933085502,11778.440520446096,15625.67657992565,16618.561338289965,9632.49442379182,4149.210037174721,2186.438661710037,1902.8698884758364,1813.5260223048326
578.1474480151229,501.04158790170135,527.7296786389414,462.41776937618147,590.109640831758,428.406427221172,539.3289224952741,522.8260869565217,554.1153119092628,522.7391304347826,580.3440453686201,505.41209829867677,613.3875236294896,474.9981096408318,595.17202268431,611.9470699432892,652.8166351606806,612.1568998109641,590.1379962192817,565.6654064272212,604.7977315689981,566.2438563327032,675.2741020793951,598.1417769376181,693.069943289225,675.2514177693762,646.805293005671,589.8090737240076,640.0888468809073,579.5689981096408,689.4347826086956,608.289224952741,705.4480151228734,634.7013232514178,707.1190926275992,608.6937618147448,727.6143667296786,589.578449905482,708.9508506616257,597.2022684310019,708.4272211720227,640.359168241966,623.9470699432892,714.7769376181475,667.421550094518,533.0926275992439,647.3988657844991,723.9754253308129,747.5954631379963,628.9867674858223,719.5236294896031,690.2589792060492,713.4536862003781,686.7693761814745,743.0869565217391,595.3705103969754,722.6540642722117,651.062381852552,687.3156899810964,631.5879017013233,698.9017013232515,637.2911153119093,685.0812854442344,621.3232514177694,736.1001890359169,652.6238185255198,725.0567107750472,668.1644612476371,620.2646502835539,726.6654064272212,677.249527410208,667.8431001890359,723.0056710775048,640.7863894139887,710.6124763705104,676.7637051039698,740.0926275992439,677.4725897920605,690.695652173913,821.2287334593573,769.2211720226843,673.3931947069943,729.7958412098299,715.1190926275992,739.374291115312,692.6465028355387,779.6238185255198,649.952741020794,707.8071833648394,710.3572778827977,745.4385633270322,660.1058601134215,776.8260869565217,759.6748582230624,722.7920604914934,745.6862003780718,749.3648393194707,723.2759924385633,788.4725897920605,699.7731568998109,788.4253308128544,715.0434782608696,748.8317580340265,703.4971644612476,677.0869565217391,691.9792060491493,807.7221172022685,665.2457466918714,764.0189035916824,699.2117202268431,642.6181474480152,835.6011342155009,830.875236294896,742.7391304347826,774.5576559546314,734.249527410208,840.5330812854443,713.3799621928166,797.3780718336484,767.6805293005671,767.7485822306238,774.0094517958412,821.805293005671,736.5803402646503,794.4253308128544,706.359168241966,766.4536862003781,720.0567107750472,841.5085066162571,794.7088846880907,815.750472589792,758.5992438563327,838.5689981096408,735.2627599243856,752.7882797731569,737.3024574669187,817.6124763705104,776.8015122873346,820.4272211720227,665.8865784499055,770.7523629489604,689.6068052930057,674.2759924385633,820.6937618147448,858.3383742911153,754.7693761814745,777.2646502835539,772.2911153119093,783.7466918714556,797.6786389413988,785.0869565217391,726.2911153119093,765.9678638941399,744.82797731569,845.8884688090737,800.1568998109641,784.9659735349717,780.069943289225,765.984877126654,687.2627599243856,829.0850661625709,796.937618147448,764.3005671077505,775.5141776937618,828.5841209829867,771.8034026465028,797.6294896030246,794.7674858223062,845.2003780718336,715.5047258979206,865.1909262759924,797.5576559546314,842.4574669187145,770.6030245746692,740.6616257088847,867.194706994329,886.0302457466919,773.7183364839319,851.4442344045368,755.3705103969754,894.241965973535,788.3931947069943,799.1077504725898,800.7769376181475,768.4877126654064,753.7542533081286,832.2230623818525,812.4461247637051,791.5538752362949,820.5406427221172,823.8260869565217,808.6219281663516,842.4669187145557,774.4423440453686,858.6030245746692,764.9262759924386,860.9395085066162,818.0207939508507,826.6918714555766,883.3194706994329,801.9224952741021,832.1134215500945,872.9073724007561,821.6351606805293,849.9206049149338,772.109640831758,733.8468809073725,914.4933837429112,815.3610586011342,832.6710775047259,873.2722117202269,803.0907372400757,860.7164461247637,793.179584120983,855.5387523629489,812.3724007561436,860.9130434782609,781.1153119092628,818.9413988657845,791.7523629489604,840.6748582230624,837.9281663516068,876.5727788279773,810.5500945179584,874.7807183364839,862.8525519848771,830.4480151228734,783.8241965973535,817.1701323251418,868.8015122873346,873.9981096408318,841.4045368620037,867.703213610586,873.3875236294896,863.3780718336484,871.2438563327032,802.2797731568999,779.2986767485822,779.6937618147448,914.5160680529301,866.8771266540642,826.2551984877126,789.3610586011342,814.7618147448015,824.4291115311909,806.7088846880907,848.8166351606806,752.2362948960302,810.6559546313799,836.3799621928166,783.9640831758034,828.578449905482,771.1058601134215,771.6238185255198,837.6068052930057,793.882797731569,795.1739130434783,805.7277882797731,839.6918714555766,832.9659735349717,832.6143667296786,854.4914933837429,869.4253308128544,762.7939508506616,889.7315689981097,806.6162570888469,839.2797731568999,880.5595463137996,833.1379962192817,810.3610586011342,878.625708884688,943.9584120982987,894.8185255198488,812.4612476370511,941.9035916824197,857.0718336483932,863.2306238185255,865.2325141776938,850.054820415879,843.3213610586012,880.4007561436673,776.8185255198488,810.9187145557656,847.6710775047259,845.5614366729678,879.6143667296786,856.9130434782609,876.0434782608696,854.4045368620037,779.6578449905483,877.7485822306238,807.1398865784499,836.2041587901701,841.0680529300568,871.5293005671077,843.8525519848771,886.7258979206049,795.82797731569,862.1890359168242,815.9017013232515,860.7958412098299,812.7315689981097,786.4631379962193,973.1701323251418,896.9603024574669,890.4328922495274,831.984877126654,809.6729678638941,862.7410207939508,839.2514177693762,853.109640831758,885.6805293005671,824.882797731569,833.2778827977315,891.047258979206,830.5349716446125,910.4896030245746,812.7353497164461,845.758034026465,865.4158790170133,896.7807183364839,855.7561436672968,896.882797731569,898.9565217391304,891.062381852552,844.4064272211721,878.0642722117202,890.4328922495274,837.4706994328923,914.0869565217391,914.3931947069943,854.5727788279773,898.8449905482041,810.7334593572779,777.2211720226843,1015.7240075614367,1040.5406427221171,924.8223062381852,916.7221172022685,907.3383742911153,946.7221172022685,844.1379962192817,918.0775047258979,838.3062381852552,880.5198487712665,937.4328922495274,821.3308128544423,917.3175803402646,974.2400756143667,917.4555765595463,961.1682419659735,905.5708884688091,912.6049149338374,899.9584120982987,938.5217391304348,937.6086956521739,926.4461247637051,889.0170132325142,897.8884688090737,888.1776937618148,872.3534971644613,878.9168241965973,927.4177693761815,927.4177693761815,929.3081285444234,852.0812854442344,821.3289224952741,959.8790170132326,957.4347826086956,918.3913043478261,941.7844990548205,993.4045368620037,1078.2003780718337,1009.8355387523629,953.1361058601134,910.3534971644613,911.0132325141777,918.7372400756144,965.4688090737241,912.0245746691871,932.179584120983,970.7618147448015,976.9716446124763,961.3780718336484,983.1020793950851,908.3440453686201,999.8071833648394,927.5274102079395,979.8601134215501,955.703213610586,1026.3875236294896,996.2211720226843,945.3440453686201,928.5236294896031,957.3459357277883,906.1550094517959,956.3648393194707,919.9697542533081,851.4480151228734,1057.0207939508507,945.7863894139887,963.6068052930057,995.0661625708884,939.7712665406427,1020.9943289224952,960.4782608695652,972.2325141776938,1035.8090737240075,1015.5992438563327,942.2797731568999,999.5973534971645,933.4820415879017,943.6559546313799,996.8582230623819,1061.34404536862,1026.2778827977315,1069.0207939508507,1000.6691871455577,1022.2627599243856,979.7939508506616,981.1701323251418,1037.6975425330813,989.7807183364839,997.8733459357278,1062.0245746691871,1033.8960302457467,1039.718336483932,1013.5992438563327,1050.765595463138,917.4631379962193,971.5954631379963,1193.8071833648394,1021.5897920604915,1105.7448015122873,1075.1852551984878,1044.1928166351606,1151.969754253308,1191.2476370510396,1241.109640831758,1057.7126654064273,1056.1115311909264,985.2438563327032,974.241965973535,1024.1323251417768,1048.9224952741022,1001.2948960302457,1054.211720226843,1003.2703213610586,1057.0831758034026,1037.4971644612476,1022.0510396975425,994.9754253308129,1080.9130434782608,1002.8355387523629,1064.1701323251418,1111.5085066162571,1074.6200378071833,1008.6578449905483,950.8317580340265,961.9659735349717,999.9168241965973,934.5085066162571,952.7183364839319,1080.3024574669187,1091.82797731569,961.7882797731569,1004.8109640831758,1052.211720226843,1207.0453686200378,1160.5727788279773,1141.7977315689982,972.1568998109641,1023.5954631379963,1015.0245746691871,1050.3137996219282,1162.3289224952741,1183.4045368620039,1136.0453686200378,999.8468809073725,985.6729678638941,1009.5935727788279,1026.6748582230623,1132.391304347826,1101.296786389414,1078.6521739130435,1030.5652173913043,1054.553875236295,1062.7088846880908,1232.3856332703213,1213.0926275992438,1279.1153119092628,1113.7863894139887,1087.3497164461248,989.2268431001891,980.2986767485822,1115.4820415879017,1059.2060491493385,979.0340264650283,1091.391304347826,1102.1493383742911,1094.9413988657845,1117.0037807183364,1083.4026465028355,1036.6068052930057,1088.6370510396976,1126.2306238185256,1228.6181474480152,1042.5425330812855,1104.6654064272211,1108.1153119092628,1167.8185255198487,1153.890359168242,1129.693761814745,1070.4914933837429,1278.8865784499055,1183.0359168241966,1109.6143667296787,1088.1417769376183,1127.2325141776937,1123.4404536862003,1176.8185255198487,1116.234404536862,1098.8393194706994,1035.7618147448015,1123.0245746691871,1050.5217391304348,965.1739130434783,1173.8884688090736,1115.3327032136106,1082.7466918714556,1096.6143667296787,1114.7315689981097,1198.264650283554,1070.51606805293,1147.4896030245748,1167.710775047259,1071.9130434782608,1123.1890359168242,1108.6862003780718,985.0718336483932,1145.748582230624,1072.7958412098299,1074.4177693761815,996.4328922495274,1119.0378071833647,1077.65595463138,1062.8790170132324,1066.9773156899812,1035.4669187145557,993.6294896030246,1096.3856332703213,1057.8846880907372,1085.1512287334594,1085.608695652174,1142.5595463137997,1021.0567107750472,1113.1228733459357,1034.117202268431,1084.8015122873346,1099.4177693761815,1183.3251417769377,1154.0604914933838,1117.4536862003781,1183.5519848771266,1269.5406427221171,1148.0132325141776,1206.7844990548203,1158.6729678638942,1286.3383742911153,1171.2948960302458,1217.241965973535,1172.4385633270322,1031.209829867675,1101.6710775047259,1205.2930056710775,1158.7826086956522,1183.0737240075614,1041.0604914933838,1070.5406427221171,1051.9829867674857,1261.735349716446,1301.4423440453686,1242.695652173913,1108.4404536862003,1039.1115311909264,999.9754253308129,1195.6975425330813,1142.421550094518,1315.5482041587902,1153.65595463138,1106.4177693761815,1272.7693761814744,1418.8771266540643,1270.4499054820417,1149.3308128544425,1037.2778827977315,1101.8128544423441,1065.1323251417768,1127.7637051039696,1144.2041587901701,1156.17202268431,1089.4102079395086,1076.3137996219282,1037.3232514177694,1163.4404536862003,1155.1984877126654,1263.3421550094517,1046.6843100189035,1156.446124763705,1027.0132325141776,1134.3497164461248,1119.2722117202268,1373.0869565217392,1053.2570888468808,1039.5255198487712,998.0567107750472,1131.9206049149338,1149.7637051039696,1272.9678638941398,1040.733459357278,1040.446124763705,933.5387523629489,1088.2211720226844,1274.4158790170131,1251.2835538752363,1084.3100189035918,1138.2022684310018,1102.1115311909264,1234.9924385633271,1143.1512287334594,1148.7466918714556,1114.421550094518,1117.625708884688,1181.8223062381853,1254.2608695652175,1080.7202268431001,1032.3724007561436,1116.4158790170131,1344.1209829867676,1469.4158790170131,1614.9508506616257,1254.0434782608695,1213.37618147448,1117.5179584120983,1119.0661625708885,1077.6578449905483,1130.7674858223063,1112.601134215501,1312.5444234404538,1054.2211720226844,1071.0775047258978,960.7542533081286,1013.5179584120983,956.0510396975425,1012.8355387523629,1081.4555765595462,1246.2797731568999,1198.5330812854443,1129.890359168242,1103.6880907372401,1208.6124763705104,1134.4933837429112,1234.3478260869565,1235.0623818525519,1224.586011342155,1065.9338374291115,1062.3931947069943,1044.1361058601135,1100.0113421550095,1055.4574669187145,1138.5368620037807,1091.5765595463138,1203.1814744801513,1292.9187145557655,1466.8487712665406,1145.1909262759925,1174.914933837429,1029.5198487712667,1036.7448015122873,980.3534971644613,1117.835538752363,1066.8166351606806,1271.211720226843,1301.3081285444234,1548.8090737240075,1607.6124763705104,1198.3100189035918,1190.725897920605,1219.1852551984878,1142.0737240075614,1546.2759924385634,1801.9546313799622,1693.4347826086957,1893.0869565217392,1542.0094517958412,1090.3799621928167,1169.7429111531192,1063.6899810964082,1176.7164461247637,1191.209829867675,1541.2570888468808,1911.3686200378072,1586.1663516068054,1398.2211720226844,1569.241965973535,1443.5916824196597,1488.969754253308,1404.5576559546314,1810.069943289225,2703.241965973535,3316.65595463138,2536.8468809073725,1964.0964083175804,1594.226843100189,1523.13988657845,1649.6068052930057,2427.2627599243856,2769.6994328922497,1589.3119092627599,1381.1455576559547,1332.8487712665406,1340.8865784499055,1348.608695652174,1168.9527410207938,1314.8638941398865,1228.9773156899812,1605.5425330812855,1745.1890359168242,1448.5765595463138,1146.6748582230623,1241.648393194707,1196.568998109641,1520.648393194707,2004.13988657845,2522.939508506616,2736.366729678639,2250.2911153119094,1481.9962192816636,1766.2362948960304,1429.8884688090736,1421.0,1598.7996219281663,2062.3724007561436,1769.8563327032136,1374.788279773157,1493.0170132325143,1426.5652173913043,1440.0604914933838,1960.0510396975426,1633.9829867674857,1442.485822306238,1629.6748582230623,1516.4952741020793,1213.1209829867676,1367.7599243856332,1614.0623818525519,2264.24763705104,1819.7202268431001,1884.8449905482041,1593.5425330812855,1387.4517958412098,1274.1890359168242,1324.249527410208,1430.65595463138,1814.5576559546314,1984.0491493383743,1912.9508506616257,2530.3100189035918,3265.671077504726,3991.9659735349715,3080.4272211720227,2491.3100189035918,1961.4933837429112,1769.3232514177694,1502.7637051039696,1212.5652173913043,1354.1436672967864,1525.8336483931946,2000.5576559546314,2504.5595463137997,1772.2551984877127,1344.7712665406427,1317.0567107750473,1473.9659735349717,1517.843100189036,1159.7126654064273,1402.0453686200378,1489.3629489603024,2051.007561436673,3028.056710775047,3691.4347826086955,1813.969754253308,1457.468809073724,1379.610586011342,1843.234404536862,2398.9508506616257,2234.661625708885,1512.9187145557655,1445.9338374291115,1372.8525519848772,1661.9262759924386,1538.7542533081285,1899.0472589792062,2662.61247637051,3654.9565217391305,2264.9603024574667,2295.2703213610584,2544.8468809073725,1723.8468809073725,1379.9943289224952,1495.882797731569,1758.1001890359169,2666.531190926276,3366.922495274102,2492.6805293005673,1736.4120982986767,1862.4877126654064,2346.9584120982986,1593.351606805293,1223.398865784499,1377.249527410208,1250.5897920604914,1326.336483931947,1283.9187145557655,1548.5671077504726,1246.4234404536862,1375.398865784499,1229.306238185255,1238.8147448015122,1151.0831758034026,1276.1550094517959,1332.5746691871454,1726.8714555765596,1673.5330812854443,1918.9206049149338,1388.3837429111531,1400.6691871455575,1207.0434782608695,1316.0283553875236,1420.7977315689982,1659.4669187145557,1662.3950850661627,1797.680529300567,1710.6200378071833,1693.48393194707,1498.444234404537,1654.2930056710775,1871.710775047259,1686.9187145557655,1608.5028355387524,2051.7088846880906,1774.5595463137997,1613.9584120982986,1477.5463137996219,1480.6030245746692,1428.6994328922494,1806.8468809073725,2344.8449905482044,2555.671077504726,1745.9432892249527,1373.3251417769377,1433.6918714555766,1975.3137996219282,1611.2608695652175,1874.1474480151228,2069.5973534971645,2032.6521739130435,1931.3478260869565,1823.085066162571,1624.6748582230623,1730.1625708884687,1340.6729678638942,1428.1928166351606,1393.1474480151228,1513.9640831758034,1386.5916824196597,1479.3572778827977,1349.6465028355387,1503.8544423440453,1755.2230623818525,1676.5879017013233,1443.374291115312,1545.2457466918715,1478.1134215500945,1613.251417769376,1831.4234404536862,1921.444234404537,1878.7126654064273,1845.6465028355387,1691.194706994329,1989.1417769376183,2323.7599243856334,2749.6257088846883,2731.4007561436674,2290.7599243856334,1905.1758034026466,2233.31190926276,2278.079395085066,2099.4404536862003,2008.553875236295,2021.389413988658,1826.3969754253308,1882.4706994328922,1803.1323251417768,1766.8374291115313,1824.7788279773156,1908.2230623818525,1815.695652173913,2965.0,3043.7391304347825,1999.2722117202268,1843.0831758034026,2169.274102079395,1583.8317580340265,1848.2173913043478,1710.578449905482,1666.601134215501,1837.2457466918715,2251.2136105860113,2839.3780718336484,3096.1304347826085,1815.3648393194708,2084.5103969754255,2902.8638941398867,4150.652173913043,5116.894139886578,3868.96786389414,2468.241965973535,1994.1474480151228,2308.251417769376,2887.31190926276,3140.0170132325143,4302.391304347826,4132.1190926275995,4037.805293005671,4870.8601134215505,5313.374291115312,5009.835538752363,3315.9243856332705,2687.3175803402646,3459.102079395085,2379.5954631379964,1681.7372400756144,1692.6672967863894,2057.3534971644613,2135.6200378071835,2097.0964083175804,1891.65595463138,2161.8185255198487,2285.5954631379964,1824.0869565217392,1949.5122873345936,3030.202268431002,3071.421550094518,2482.7315689981097,2224.4310018903593,2499.6200378071835,1896.0434782608695,1931.7523629489604,2104.584120982987,2532.0151228733457,2598.7844990548206,2346.693761814745,1829.2381852551985,1654.9962192816636,1504.9659735349717,1933.2684310018903,2663.328922495274,3011.867674858223,2452.663516068053,2159.1304347826085,1835.8393194706994,2502.448015122873,2776.3497164461246,2268.453686200378,2937.083175803403,3145.5500945179583,2471.0926275992438,3064.0945179584123,2961.9111531190924,2885.179584120983,2251.4272211720227,1934.306238185255,2181.6767485822306,2909.2608695652175,3942.2155009451794,5127.325141776938,4360.648393194707,4324.31190926276,3611.2684310018903,3591.0132325141776,3279.96786389414,3653.810964083176,4060.616257088847,3737.8166351606806,4513.875236294896,4885.599243856333,3206.2778827977318,2426.521739130435,1908.4177693761815,2247.1909262759923,2476.4877126654064,3453.453686200378,3776.8241965973534,3450.2381852551985,3581.9017013232515,3895.61247637051,4737.189035916825,5212.09640831758,3621.5671077504726,4219.22495274102,4079.835538752363,3024.1247637051038,3390.913043478261,4139.580340264651,3680.2362948960304,3499.0453686200376,3075.5973534971645,3919.336483931947,3867.0642722117204,3958.663516068053,3972.665406427221,4708.930056710775,3671.835538752363,3131.056710775047,3126.5727788279773,3899.563327032136,3989.1833648393194,3375.0396975425333,2479.8260869565215,1974.306238185255,1557.0604914933838,1777.8374291115313,1627.7372400756144,1512.0453686200378,1472.4423440453686,1665.9584120982986,1413.6294896030245,1479.5406427221171,1487.3345935727789,1484.610586011342,1436.3345935727789,1561.476370510397,1682.2457466918715,1860.102079395085,1808.9962192816636,2695.833648393195,3633.7920604914934,3156.38752362949,2325.7996219281663,1565.4782608695652,1336.359168241966,1661.3251417769377,1945.9357277882798,2278.5689981096407,1500.6275992438564,1655.2400756143668,1548.905482041588,1677.4706994328922,1834.1342155009452,1862.7712665406427,1301.0529300567107,1420.2722117202268,1461.4234404536862,1723.266540642722,1874.843100189036,2068.8998109640834,2507.6238185255197,3119.665406427221,2413.1512287334594,2121.393194706994,2357.102079395085,1655.7523629489604,1402.3705103969755,1486.4045368620039,1437.9262759924386,1784.2041587901701,2494.9300567107753,3168.9092627599243,1896.5879017013233,1988.0661625708885,2371.474480151229,2929.671077504726,3710.6502835538754,2611.0094517958414,1750.6313799621928,2429.0207939508505,2026.553875236295,1691.5841209829869,1345.7126654064273,1734.1928166351606,2123.0396975425333,2734.9281663516067,1973.8620037807184,2334.9659735349715,2412.052930056711,2178.865784499055,1357.8166351606806,1502.4366729678638,1548.6294896030245,2001.8809073724008,2818.2003780718337,4812.102079395085,5903.300567107751,6187.550094517958,3359.969754253308,1811.321361058601,1383.695652173913,1421.13988657845,1257.9470699432893,1489.6124763705104,1510.86011342155,2130.502835538752,2493.2646502835537,3082.219281663516,3673.576559546314,4459.134215500945,2247.5992438563326,1915.2778827977315,1824.3837429111531,2074.616257088847,2193.9243856332705,3188.9508506616257,4182.589792060491,3389.149338374291,2445.939508506616,3320.9962192816633,2480.5652173913045,1626.733459357278,1454.914933837429,1769.7693761814744,2196.272211720227,3384.134215500945,2616.6786389413987,1845.6578449905483,1790.5425330812855,2097.86011342155,2228.58034026465,2514.75236294896,2089.638941398866,1722.054820415879,2115.833648393195,2177.68809073724,2050.833648393195,3364.0396975425333,3143.499054820416,1962.1682419659735,1870.8468809073725,2901.3497164461246,3058.8317580340263,2438.640831758034,2815.6257088846883,4116.964083175803,5675.578449905482,3933.5500945179583,1968.6654064272211,1591.648393194707,1277.264650283554,1440.6843100189035,1383.1361058601135,1814.8846880907372,1549.553875236295,1464.663516068053,1281.1776937618147,1362.765595463138,1114.4744801512288,1245.1833648393194,1274.8714555765596,1324.17202268431,1348.8582230623817,1358.0756143667297,1099.0207939508507,1438.6124763705104,1455.431001890359,1357.211720226843,1121.718336483932,1262.8185255198487,1121.7372400756144,1239.6068052930057,1174.5103969754252,1333.6389413988659,1105.319470699433,1267.531190926276,1087.6313799621928,1397.8695652173913,1196.790170132325,1245.281663516068,1104.7315689981097,1217.0586011342155,1128.164461247637,1224.2703213610587,1201.9943289224952,1448.5822306238185,1147.0132325141776,1238.8336483931946,1140.461247637051,1218.3327032136106,1067.5274102079395,1162.17202268431,1330.8714555765596,1493.1871455576559,1478.5103969754252,1423.226843100189,1414.7693761814744,1775.9867674858224,1875.62381852552,1628.5444234404538,1745.4952741020793,2386.8809073724005,1584.3648393194708,1291.62381852552,1144.7448015122873,1247.2079395085066,1243.4177693761815,1172.7637051039696,1090.0831758034026,1319.211720226843,1078.179584120983,1295.234404536862,1100.5028355387524,1253.4026465028355,1170.2041587901701,1163.6313799621928,1080.2003780718337,1182.6446124763704,1192.1701323251418,1551.5992438563328,1809.3931947069943,1663.625708884688,1334.0812854442345,1298.4007561436672,1468.9489603024574,1462.0964083175804,1278.7315689981097,1450.8449905482041,1493.9281663516067,1691.1285444234404,1296.1814744801513,1185.444234404537,1158.446124763705,1295.8790170132324,1270.1474480151228,1701.523629489603,1973.86011342155,1774.8620037807184,1272.6862003780718,1357.4026465028355,1462.2986767485822,1966.8449905482041,1450.9281663516067,1443.4877126654064,1519.5425330812855,1864.9035916824196,2004.0056710775048,2021.9754253308129,1594.805293005671,1480.1436672967864,1320.8960302457467,1645.2570888468808,1337.8185255198487,1269.6049149338373,1077.8487712665406,1255.9489603024574,1409.733459357278,1466.5047258979207,1558.7466918714556,1800.538752362949,1425.0812854442345,1722.391304347826,2130.31190926276,2275.9565217391305,1576.389413988658,1693.3383742911153,1828.6691871455575,1658.241965973535,1539.8015122873346,1769.3837429111531,1938.9470699432893,2271.3497164461246,1634.6124763705104,1953.281663516068,2339.219281663516,3123.3534971644613,1968.8695652173913,1800.8015122873346,1731.82797731569,1795.039697542533,2234.115311909263,3647.8771266540643,4637.028355387523,3421.9300567107753,2767.563327032136,3353.3308128544422,2071.2136105860113,1677.2325141776937,2035.4933837429112,2925.1436672967866,2401.882797731569,2710.1909262759923,2430.389413988658,2610.6805293005673,2533.086956521739,3571.1682419659737,2730.5746691871454,1928.984877126654,1539.1436672967864,1767.1266540642723,2294.272211720227,2063.551984877127,1407.640831758034,1820.4555765595462,2739.5103969754255,3774.913043478261,2518.2287334593575,3116.758034026465,3240.022684310019,3193.243856332703,4391.124763705104,3439.3761814744803,2417.8960302457467,4121.240075614367,5083.962192816635,2835.805293005671,2194.765595463138,3384.03213610586,5119.846880907372,5737.381852551985,4958.502835538752,3766.8638941398867,2889.7769376181473,3184.531190926276,5193.896030245746,7282.812854442344,4844.603024574669,3440.332703213611,5430.844990548204,8899.899810964083,5867.9243856332705,3477.406427221172,2092.648393194707,1874.5122873345936,2103.9848771266543,3247.134215500945,3381.7674858223063,3451.6918714555763,4408.964083175803,6692.90359168242,4527.264650283554,2666.5349716446126,1995.5122873345936,1500.65595463138,1323.1153119092628,1630.3705103969755,1607.578449905482,2033.1361058601135,3144.3724007561436,3372.0756143667295,2045.6370510396976,1740.2060491493385,1783.6691871455575,1765.3610586011341,1443.7523629489604,1786.8733459357277,2401.9489603024576,3569.742911153119,2704.758034026465,2337.357277882798,2335.189035916824,1758.461247637051,1487.6124763705104,1713.6521739130435,2408.0396975425333,2411.2986767485822,1574.578449905482,1617.461247637051,1517.960302457467,1877.0094517958412,1430.0793950850662,1545.0661625708885,1545.8865784499055,2195.3780718336484,2539.0926275992438,2283.332703213611,1801.359168241966,1496.4196597353498,1377.4971644612476,1580.6162570888469,1482.5368620037807,1570.8317580340265,1948.9262759924386,1845.5274102079395,1468.7977315689982,1530.2873345935727,1328.8090737240075,1611.0756143667297,2162.3534971644613,3404.0434782608695,2385.6465028355387,1637.4536862003781,1539.5425330812855,1479.1909262759925,1383.5746691871454,1674.461247637051,1375.843100189036,1476.249527410208,1630.179584120983,2256.992438563327,2415.6521739130435,2142.75236294896,1492.9886578449905,1710.9092627599243,2184.758034026465,2497.0378071833647,1619.5746691871454,1482.3799621928167,1397.4801512287333,2001.1758034026466,1616.9111531190927,1432.9111531190927,1402.1417769376183,1657.6880907372401,1910.2608695652175,2276.166351606805,1595.9224952741022,1678.8449905482041,2063.3421550094517,2237.758034026465,1352.6540642722118,1378.5500945179583,1163.6162570888469,1298.8544423440453,1237.3856332703213,1438.9678638941398,1386.1852551984878,1892.7088846880908,2837.468809073724,2378.500945179584,1279.945179584121,1294.6578449905483,1290.2041587901701,1605.8412098298677,1227.3005671077506,1438.1285444234404,1147.1474480151228,1439.6332703213611,1306.678638941399,1256.321361058601,1242.2362948960304,1346.9262759924386,1348.0340264650283,1892.3251417769377,2262.937618147448,1756.523629489603,1591.3289224952741,2566.5897920604916,2541.8166351606806,1532.069943289225,1396.0529300567107,1615.3837429111531,1529.7977315689982,1517.9395085066162,1220.6654064272211,1537.0926275992438,1903.2306238185256,2415.196597353497,2772.2873345935727,2034.4593572778829,1403.2589792060492,1591.156899810964,1642.5255198487712,2246.34404536862,1707.9867674858224,1769.0359168241966,1712.0283553875236,2262.2457466918713,1654.6691871455575,1630.3156899810965,1926.9319470699434,2155.219281663516,1392.984877126654,1458.7674858223063,1686.7315689981097,2877.998109640832,3641.6843100189035,2148.75236294896,1719.4593572778829,1899.2476370510396,1449.48393194707,1524.5652173913043,1576.8998109640831,1748.9243856332703,1477.9470699432893,1486.289224952741,1309.773156899811,1835.7826086956522,2652.20415879017,2284.166351606805,1334.4593572778829,1433.6691871455575,1285.8223062381853,1364.226843100189,1426.8790170132324,1661.9017013232515,1402.3950850661627,1994.531190926276,1823.8676748582232,1737.905482041588,1269.209829867675,1271.8109640831758,1117.209829867675,1289.890359168242,1217.6313799621928,1495.6200378071833,1708.9792060491493,1906.7296786389413,1416.4650283553876,1358.2986767485822,1228.102079395085,1506.1493383742911,1593.8771266540643,1715.413988657845,1709.8015122873346,2258.2306238185256,2008.765595463138,1475.6767485822306,1398.8771266540643,1654.9092627599243,1873.7145557655954,2061.852551984877,1963.3534971644613,2328.8752362948962,1862.678638941399,1734.3270321361058,1395.9584120982986,1628.1361058601135,1722.391304347826,1807.7958412098299,1377.8147448015122,1631.8960302457467,1758.2438563327032,2691.750472589792,4052.0,4400.137996219281,1746.2287334593573,1545.4253308128546,1577.8941398865784,1439.8846880907372,1120.9470699432893,1378.17202268431,1227.1474480151228,1330.8676748582232,1479.4102079395086,1494.8714555765596,1207.2022684310018,1390.0264650283555,1249.2551984877127,1366.8922495274103,1248.2551984877127,1513.4196597353498,1399.8241965973534,1588.6332703213611,1878.6124763705104,2513.2457466918713,1805.7051039697542,1312.5085066162571,1168.468809073724,1373.2306238185256,1315.6672967863894,1858.8449905482041,1623.9886578449905,1565.3724007561436,1204.780718336484,1539.306238185255,1637.2627599243856,1563.3251417769377,1188.6124763705104,1291.8317580340265,1177.5122873345936,1239.196597353497,1179.1682419659735,1370.3024574669187,1274.4196597353498,1502.538752362949,1455.3232514177694,1535.4196597353498,1372.109640831758,1402.0415879017014,1351.7693761814744,1657.7618147448015,2338.5444234404536,2071.4026465028355,1190.5595463137997,1334.0170132325143,1230.2136105860113,1249.4480151228734,1186.5841209829869,1408.9962192816636,1506.9981096408317,2386.461247637051,2283.606805293006,1949.3081285444234,1484.8241965973534,1722.3724007561436,1644.0189035916824,1622.4196597353498,1748.3610586011341,2514.1209829867676,2970.442344045369,2283.533081285444,1689.8223062381853,2125.3856332703213,2385.079395085066,2681.6805293005673,1870.538752362949,2037.8147448015122,3315.610586011342,3901.3175803402646,1876.7542533081285,1514.6370510396976,1347.102079395085,1448.4007561436672,1363.780718336484,1591.2986767485822,1330.2211720226844,1462.8998109640831,1481.680529300567,2096.947069943289,3140.1984877126656,4749.366729678639,3064.444234404537,2199.642722117202,1895.1587901701323,2383.9886578449905,1784.640831758034,2302.0982986767485,2671.389413988658,1777.5803402646502,1458.7296786389413,1892.4177693761815,2310.306238185255,2674.5822306238183,1736.209829867675,1815.2400756143668,2292.8090737240077,4072.8638941398867,6223.546313799622,4247.578449905482,3083.5406427221174,2745.0189035916824,2447.1606805293004,1962.0472589792062,1584.4102079395086,1987.608695652174,2637.1134215500947,5070.370510396975,4715.672967863894,2262.412098298677,1588.2684310018903,2020.4423440453686,2746.028355387524,4049.725897920605,2268.0359168241966,2054.4555765595464,2457.850661625709,3684.523629489603,2280.7920604914934,1655.0491493383743,1353.336483931947,1493.6143667296787,1564.9810964083176,2147.1039697542533,2945.1833648393194,4780.37618147448,4331.865784499055,5289.799621928167,6820.746691871455,3495.1909262759923,2365.3213610586013,3520.9262759924386,5569.964083175803,5649.572778827977,3099.773156899811,2428.9565217391305,3283.939508506616,6347.128544423441,7400.429111531191,2918.7013232514178,1637.241965973535,1703.9640831758034,1765.0680529300566,1797.4253308128546,1383.8809073724008,1458.9111531190927,1465.1890359168242,1921.4347826086957,1924.374291115312,2921.9262759924386,3645.937618147448,4583.4026465028355,3366.166351606805,4449.035916824197,7031.841209829868,5528.196597353497,5937.461247637051,4483.727788279773,2806.149338374291,3099.0434782608695,3426.797731568998,2087.8223062381853,1527.8733459357277,1629.0264650283555,2158.368620037807,2476.5368620037807,1904.7164461247637,2100.166351606805,1944.9073724007562,2557.748582230624,4400.73156899811,7204.727788279773,3474.4593572778826,2019.3818525519848,1875.9773156899812,1732.8771266540643,1791.0869565217392,2546.45179584121,4420.151228733459,7658.020793950851,6241.274102079395,8162.586011342155,4988.758034026465,4413.077504725898,5867.383742911153,4161.100189035917,2340.843100189036,1879.5274102079395,1803.710775047259,2233.221172022684,3411.1512287334594,5997.646502835539,6456.5330812854445,5854.291115311909,5214.519848771267,5545.986767485822,2681.3724007561436,2628.608695652174,2871.5822306238183,2291.24763705104,1630.8449905482041,1572.0586011342155,1553.5954631379961,1809.9981096408317,2334.368620037807,3726.852551984877,3031.865784499055,4619.599243856333,4336.9886578449905,5748.689981096409,7245.73156899811,10565.76370510397,18504.189035916825,13629.196597353497,4453.0113421550095,2601.1682419659737,2564.436672967864,4455.232514177694,4512.962192816635,5556.094517958412,9562.776937618148,7260.4896030245745,3204.1814744801513,1806.0170132325143,1566.1228733459357,2082.357277882798,2905.1550094517956,4666.328922495274,4745.427221172023,5931.017013232514,3313.9111531190924,1828.1039697542533,1559.3024574669187,1598.0359168241966,1524.6389413988659,1853.1304347826087,2265.725897920605,3403.533081285444,6697.347826086957,5522.914933837429,2357.1682419659737,2135.833648393195,2508.5595463137997,4297.472589792061,4271.151228733459,7246.470699432893,5957.672967863894,3989.470699432892,1947.359168241966,1728.3856332703213,1827.4045368620039,2073.969754253308,2211.553875236295,3770.5198487712664,7393.531190926276,6029.945179584121,2468.4310018903593,1912.3969754253308,1662.6294896030245,2245.6824196597354,2091.478260869565,1684.3931947069943,1632.7221172022685,2223.470699432892,2070.727788279773,2214.461247637051,2701.3308128544422,2849.9659735349715,3117.8809073724005,6123.4896030245745,9437.381852551986,5785.739130434783,7198.2495274102075,5847.705103969754,2457.525519848771,2080.8487712665406,1749.578449905482,2118.196597353497,1497.86011342155,1555.62381852552,1528.2778827977315,1587.8809073724008,1645.514177693762,2389.274102079395,4066.780718336484,8312.595463137995,5513.122873345936,2920.7353497164463,1736.413988657845,1545.3308128544425,1338.211720226843,1328.875236294896,1362.7712665406427,1451.5765595463138,1338.7466918714556,1636.117202268431,2048.083175803403,2830.3856332703213,5283.3156899810965,5823.659735349716,2381.6899810964082,2052.8223062381853,1932.3818525519848,1958.0340264650283,1517.359168241966,1670.4914933837429,1604.500945179584,1543.4045368620039,1486.5992438563328,2294.115311909263,2789.1814744801513,5558.916824196597,3282.170132325142,1739.601134215501,1393.820415879017,1468.251417769376,1353.6275992438564,1461.4007561436672,1386.1984877126654,1498.5746691871454,1423.2986767485822,1758.7277882797732,2073.8998109640834,3908.533081285444,3887.7296786389416,2114.45179584121,1958.2173913043478,2096.546313799622,1643.1342155009452,1688.5425330812855,1440.5293005671078,1526.9924385633271,1552.9621928166353,1943.8393194706994,2556.6238185255197,3840.17202268431,8503.971644612477,14863.724007561437,10549.869565217392,5166.266540642722,2998.3799621928165,2271.024574669187,1521.8922495274103,1439.0,1216.6502835538752,1364.4120982986767,1181.8771266540643,1261.695652173913,1114.7788279773156,1260.0737240075614,1146.1058601134216,1295.2457466918715,1348.4536862003781,1659.897920604915,1461.3667296786389,1592.2873345935727,1657.7958412098299,1436.5274102079395,1327.030245746692,1441.3856332703213,1217.4045368620039,1454.4820415879017,1776.2797731568999,2645.7542533081287,1599.7826086956522,1427.3629489603024,1347.9413988657845,1875.0056710775048,1993.2457466918715,2183.7920604914934,1702.8449905482041,1547.0453686200378,1326.3251417769377,1736.9905482041588,1259.890359168242,1533.9716446124764,2042.8790170132324,3747.0151228733457,3074.508506616257,1882.1077504725897,1284.9035916824196,1338.4650283553876,1365.468809073724,1582.2060491493385,1212.9678638941398,1299.8525519848772,1292.9659735349717,1825.5198487712667,2983.557655954631,2428.4347826086955,2473.446124763705,2663.164461247637,1735.444234404537,1728.8336483931946,1523.703213610586,1482.4877126654064,1269.1266540642723,1415.4744801512288,1313.5463137996219,1677.406427221172,1852.3724007561436,1763.9338374291115,1507.054820415879,1946.117202268431,2328.470699432892,2791.7315689981097,2727.34404536862,2549.633270321361,1799.4385633270322,1514.803402646503,1372.3610586011341,1521.5841209829869,1525.6748582230623,1566.37618147448,1391.6162570888469,1553.8620037807184,1801.2551984877127,2510.5652173913045,2833.8185255198487,1973.9659735349717,2158.141776937618,2638.5425330812855,2362.7069943289225,2222.82797731569,1831.8846880907372,2361.6446124763706,2836.3534971644613,3375.5103969754255,3069.7202268431,2340.0264650283552,1759.9508506616257,2118.1909262759923,3107.9281663516067,3104.241965973535,2510.060491493384,2346.1190926275995,1728.5066162570888,1927.5425330812855,1522.5028355387524,1811.094517958412,1931.890359168242,2519.5179584120983,2233.147448015123,2014.9754253308129,2151.1134215500947,1860.8846880907372,1579.3100189035918,1931.1512287334594,2274.775047258979,2007.4234404536862,1706.9168241965974,1559.4669187145557,1503.0926275992438,1858.4385633270322,1616.500945179584,2291.725897920605,2958.7674858223063,2069.606805293006,1609.8317580340265,2197.1285444234404,2649.4253308128546,2259.561436672968,2758.882797731569,4789.531190926276,4023.782608695652,2546.500945179584,2280.4177693761817,2050.782608695652,1954.5330812854443,2143.8090737240077,1900.7693761814744,2300.3308128544422,1590.085066162571,1745.015122873346,1867.8790170132324,1802.1474480151228,2052.9943289224952,2905.17202268431,1910.281663516068,1698.9338374291115,1896.890359168242,2550.8393194706996,3079.0340264650285,4987.984877126654,7143.907372400756,5140.897920604915,3117.58034026465,2443.0453686200376,2990.5671077504726,5504.423440453686,7750.128544423441,3873.162570888469,2370.060491493384,2826.971644612476,4445.896030245746,4964.145557655955,4334.6616257088845,2212.196597353497,1742.9111531190927,1781.6729678638942,1432.9867674858224,2069.725897920605,2050.030245746692,3992.555765595463,2901.134215500945,1957.8638941398865,1735.9621928166353,1886.4593572778829,2467.638941398866,3275.41965973535,3628.710775047259,5301.487712665406,6537.9017013232515,8664.279773156899,8982.24763705104,5390.308128544423,7110.493383742911,10963.296786389414,6187.725897920605,4283.674858223062,5101.364839319471,3420.6767485822306,3611.616257088847,3079.7088846880906,2669.882797731569,4646.671077504726,7568.2495274102075,4429.351606805293,3756.1001890359166,7270.151228733459,9529.058601134215,4126.756143667297,2544.0982986767485,2980.8941398865786,3925.2136105860113,9229.510396975425,11355.691871455576,5524.226843100189,5615.538752362949,8026.49527410208,4809.238185255199,3595.217391304348,3884.0926275992438,4087.7618147448015,3796.030245746692,2477.616257088847,2181.9073724007562,3689.13988657845,3724.134215500945,3811.724007561437,2497.8090737240077,2018.8638941398865,2350.7712665406425,2156.3856332703213,1607.2155009451797,1812.6200378071833,2298.0586011342157,4636.960302457467,3848.38752362949,2152.561436672968,1569.6824196597354,1510.117202268431,1551.780718336484,2211.914933837429,3318.756143667297,5301.345935727788,2612.0699432892247,2316.436672967864,2906.6200378071835,4783.020793950851,10097.839319470699,7467.047258979206,3644.497164461248,2410.2136105860113,1801.0529300567107,2238.3705103969755,2510.6257088846883,2057.5406427221174,1819.531190926276,2031.3875236294896,2367.4291115311908,3051.0982986767485,1991.8733459357277,1720.1625708884687,1651.3497164461248,1735.3459357277882,1973.499054820416,1804.2627599243856,1618.663516068053,1706.48393194707,1700.5803402646502,1635.304347826087,1468.7920604914934,1689.6162570888469,1537.897920604915,1497.3137996219282,1465.7240075614366,2434.1247637051038,2851.820415879017,4126.134215500945,2309.336483931947,1659.2249527410208,1419.51606805293,1667.5463137996219,1398.0189035916824,1539.718336483932,1663.4480151228734,3115.727788279773,3459.1984877126656,2139.7996219281663,1872.34404536862,3090.555765595463,7674.977315689981,5754.994328922496,2473.3421550094517,1841.8468809073725,1542.9281663516067,1547.5482041587902,1452.219281663516,1411.0529300567107,1411.389413988658,1661.9962192816636,2313.1228733459357,2151.0094517958414,1527.6181474480152,1501.209829867675,1504.780718336484,1653.9810964083176,1466.3459357277882,2221.1550094517956,1970.34404536862,2715.718336483932,5009.196597353497,6875.7712665406425,3131.3761814744803,2092.2930056710775,1707.608695652174,1630.3081285444234,1423.765595463138,1941.2249527410208,2171.79584120983,3346.750472589792,3212.0812854442343,2020.266540642722,1553.9281663516067,1423.4366729678638,1210.164461247637,1302.6143667296787,1165.289224952741,1300.8223062381853,1374.0226843100188,1844.8147448015122,1289.1625708884687,1211.219281663516,1051.2155009451797,1138.2003780718337,1055.0737240075614,1163.8771266540643,1090.9319470699434,1314.241965973535,1281.86011342155,2043.7542533081285,2760.7372400756144,7355.610586011342,9756.616257088846,5170.018903591683,2996.952741020794,1968.6162570888469,1373.4423440453686,1385.6748582230623,1490.9659735349717,1511.4083175803403,1191.9886578449905,1308.7069943289225,1144.1455576559547,1277.2589792060492,1643.2759924385634,2632.102079395085,2201.338374291115,1708.2211720226844,1415.2287334593573,1480.4593572778829,1249.1342155009452,1312.6691871455575,1238.444234404537,1432.4820415879017,1360.758034026465,1540.5349716446124,1343.555765595463,1550.1909262759925,1738.8771266540643,2032.5576559546314,2147.3156899810965,2428.788279773157,1611.9565217391305,1529.5122873345936,1297.4725897920605,1361.7069943289225,1330.2986767485822,1779.51606805293,2180.45179584121,1774.553875236295,1368.890359168242,1412.2684310018903,1387.4631379962193,1403.680529300567,1155.514177693762,1148.351606805293,1314.5217391304348,1399.8771266540643,1286.209829867675,1745.5330812854443,1483.0510396975426,1557.7637051039696,1720.2079395085066,1625.3610586011341,1478.4744801512288,1585.6616257088847,1486.3232514177694,1786.568998109641,1572.2211720226844,2163.633270321361,1694.4366729678638,1439.5463137996219,1320.8166351606806,1835.1153119092628,1204.608695652174,1390.085066162571,1258.102079395085,1441.1361058601135,1482.6427221172023,1585.9981096408317,1455.0359168241966,1502.733459357278,1265.9659735349717,1362.6294896030245,1433.9810964083176,1514.0661625708885,1236.2022684310018,1363.7920604914934,1624.7410207939508,1738.085066162571,2079.2684310018903,1861.3308128544425,1632.194706994329,1551.0283553875236,1353.241965973535,1489.9319470699434,1368.6862003780718,1497.194706994329,1289.4499054820417,1400.374291115312,1452.3818525519848,1479.1304347826087,1275.6672967863894,1408.2930056710775,1303.8412098298677,1807.156899810964,1317.13988657845,1539.9206049149338,1669.468809073724,2088.3421550094517,1558.6124763705104,1682.9357277882798,1975.406427221172,3688.920604914934,3190.164461247637,4406.824196597354,2933.289224952741,2286.3251417769375,1722.3251417769377,1551.485822306238,1437.7958412098299,1568.2570888468808,1263.0756143667297,1355.3724007561436,1221.4272211720227,1403.7277882797732,1420.2022684310018,2030.0018903591683,2799.718336483932,2754.9962192816633,3468.8241965973534,3369.0982986767485,2170.5954631379964,1930.1682419659735,1770.6162570888469,2138.9338374291115,3296.667296786389,3083.2948960302456,1829.5803402646502,1710.1814744801513,1435.9413988657845,1536.9924385633271,1644.421550094518,1607.7561436672968,1431.2249527410208,1556.905482041588,1406.8506616257089,1628.5633270321362,1968.117202268431,3346.187145557656,5986.809073724007,4864.31190926276,3078.0189035916824,2893.9943289224952,2198.610586011342,1837.7542533081285,1640.5482041587902,1917.803402646503,1776.6143667296787,1852.1928166351606,2663.9867674858224,4876.453686200378,2896.6521739130435,2232.563327032136,2388.1587901701323,3043.306238185255,2872.2457466918713,2312.9546313799624,2782.4801512287336,5388.413988657845,3144.89224952741,2670.8544423440453,3346.3534971644613,6397.240075614367,11009.87145557656,6393.671077504726,3421.937618147448,2649.5179584120983,2459.0888468809076,2375.7126654064273,2217.406427221172,2233.4007561436674,2682.782608695652,6028.393194706994,4630.6427221172025,3995.1909262759923,4845.525519848771,3370.833648393195,2351.7448015122873,2347.137996219282,3457.0170132325143,5989.712665406427,5451.122873345936,3282.448015122873,2304.5274102079393,1894.209829867675,1626.4404536862003,2125.45179584121,3766.9792060491495,4039.6257088846883,3626.5349716446126,5838.778827977316,4670.6200378071835,3819.943289224953,4767.298676748582,9470.330812854443,10908.778827977316,7234.005671077504,5446.181474480151,3374.328922495274,2290.1134215500947,1960.3251417769377,1727.5652173913043,2111.0661625708885,1792.610586011342,1914.9716446124764,2703.6597353497164,2229.9962192816633,1699.219281663516,1713.391304347826,1590.9754253308129,2033.4896030245748,2382.61247637051,2523.109640831758,2388.0434782608695,2807.3421550094517,5154.223062381852,15804.782608695652,22704.822306238184,12317.812854442343,7600.544423440454,6072.308128544423,7118.294896030246,10231.412098298677,6644.716446124764,7543.071833648393,5175.844990548204,4478.474480151229,4014.1909262759923,3166.2948960302456,2319.727788279773,2151.937618147448,2072.2930056710775,3321.111531190926,2733.525519848771,3300.468809073724,4613.542533081285,3820.4555765595464,2836.5103969754255,2187.9319470699434,1689.8790170132324,1748.4801512287333,1679.1701323251418,1957.249527410208,1839.6446124763704,2151.202268431002,3387.5444234404536,3143.474480151229,2974.843100189036,3223.8166351606806,2389.2797731569,3177.96786389414,3079.115311909263,2317.8771266540643,1861.7996219281663,2328.24763705104,1906.9432892249527,3372.030245746692,8921.706994328923,7463.604914933838,3999.3402646502836,2759.4007561436674,2270.945179584121,2734.7920604914934,2312.5746691871454,2103.4291115311908,1916.8260869565217,2806.843100189036,2443.835538752363,2541.884688090737,2322.281663516068,2359.4952741020793,2988.079395085066,6897.867674858223,12716.835538752362,9650.557655954632,10873.251417769376,5923.701323251418,3740.765595463138,2812.1304347826085,2070.500945179584,1840.5463137996219,1670.8582230623817,1800.054820415879,1808.0793950850662,2083.211720226843,2057.3156899810965,2625.9413988657843,2054.6219281663516,2559.7221172022682,3010.41965973535,2401.665406427221,1889.296786389414,1788.1493383742911,1759.0245746691871,2141.5349716446126,2614.7296786389416,4461.500945179584,10303.873345935728,8550.281663516069,4438.992438563327,3648.381852551985,4269.168241965974,3301.502835538752,2343.1039697542533,2429.2948960302456,2974.61247637051,2561.3534971644613,3103.1266540642723,6143.810964083175,9510.156899810963,6218.911153119093,3461.920604914934,2581.8015122873344,2264.3553875236294,2084.555765595463,1606.1852551984878,1655.2759924385634,1412.4007561436672,1885.930056710775,1412.601134215501,1849.1153119092628,2000.3478260869565,1959.4706994328922,2538.1776937618147,2301.9867674858224,1850.4631379962193,2275.6370510396973,2123.0056710775048,2077.3969754253308,2504.812854442344,2475.192816635161,1818.4536862003781,1945.718336483932,2202.640831758034,3967.1285444234404,8537.412098298677,5985.884688090738,5061.584120982987,3535.584120982987,2911.491493383743,2413.3761814744803,1780.431001890359,1743.6691871455575,1792.586011342155,1899.7674858223063,1980.7996219281663,3501.3950850661627,8909.610586011342,6801.223062381852,4402.8809073724005,3961.82797731569,3576.1266540642723,6329.126654064272,5702.589792060491,7074.8393194707,16887.124763705106,14433.78449905482,8306.504725897921,6532.66729678639,4225.810964083175,3667.304347826087,4398.996219281664,3849.0113421550095,2669.555765595463,2611.499054820416,3606.8260869565215,7184.412098298677,6931.434782608696,4197.8809073724005,3058.5179584120983,2898.9848771266543,4224.572778827977,8218.328922495273,5897.521739130435,5503.756143667297,3931.51606805293,3113.7618147448015,2888.34404536862,4612.856332703213,9529.73156899811,11690.928166351607,12794.739130434782,8673.357277882798,5190.765595463138,3890.7674858223063,2849.6370510396973,2949.703213610586,3448.5652173913045,2574.529300567108,2253.7372400756144,2471.7599243856334,2383.8241965973534,1992.4593572778829,1719.0491493383743,1770.4517958412098,1432.4366729678638,1579.6124763705104,1891.8695652173913,2593.79584120983,3444.7221172022682,6321.2060491493385,9937.272211720227,18158.767485822307,11282.879017013232,7989.4461247637055,9161.196597353497,7049.058601134216,7726.330812854442,12419.120982986768,7130.865784499055,4695.132325141777,3315.775047258979,2746.7051039697544,2054.642722117202,2263.8544423440453,1679.6767485822306,1819.5217391304348,2458.243856332703,6369.812854442344,17290.886578449907,12581.281663516069,7842.604914933838,5668.476370510397,4230.147448015123,4209.189035916825,6387.716446124764,17818.88279773157,33764.27221172023,20146.824196597354,12440.671077504727,10274.482041587902,6752.50472589792,5409.816635160681,5691.362948960303,4243.7504725897925,4500.041587901701,4117.77504725898,3151.61247637051,2920.5179584120983,2368.4102079395084,2716.0170132325143,3074.4858223062383,2929.141776937618,4286.034026465029,13352.185255198488,28559.359168241965,19325.2438563327,11397.0,7651.395085066162,6066.022684310019,8098.03213610586,15198.852551984877,20153.134215500944,17058.8393194707,16377.911153119092,13967.189035916825,9306.147448015123,7791.028355387523,7152.603024574669,4778.260869565217,3127.086956521739,2516.640831758034,2241.4347826086955,1924.4196597353498,2095.8449905482044,2533.194706994329,3065.5122873345936,4364.230623818526,3365.4310018903593,2482.616257088847,2217.137996219282,2042.3345935727789,2124.466918714556,1865.0283553875236,2359.9792060491495,2609.587901701323,2245.7372400756144,1784.6049149338373,2207.189035916824,2407.3232514177694,3930.4328922495274,5502.372400756144,4367.610586011342,3677.117202268431,6544.616257088847,8899.111531190927,9136.370510396975,10475.051039697542,6669.499054820416,7395.20415879017,16828.850661625707,14385.249527410208,13559.525519848772,10815.854442344045,6718.631379962193,5029.884688090738,4234.508506616257,3329.3497164461246,3012.4083175803403,2892.0189035916824,2994.5406427221174,2423.8449905482044,2588.366729678639,3059.6843100189035,4519.378071833648,8325.544423440453,16912.506616257087,18616.88279773157,11664.094517958412,7375.669187145558,7225.126654064272,9949.482041587902,8907.96786389414,5879.0,5468.8374291115315,4172.487712665406,3507.765595463138,3353.937618147448,2673.862003780718,1977.5103969754252,1863.8487712665406,1658.725897920605,1734.9092627599243,1478.1984877126654,1737.7523629489604,2669.6446124763706,5695.013232514178,16660.446124763705,17596.54820415879,10817.423440453686,7591.4896030245745,5855.482041587902,5992.971644612477,4966.981096408317,3889.695652173913,3484.586011342155,3475.640831758034,3126.1058601134214,4088.1814744801513,4290.232514177694,3081.5916824196597,3063.9962192816633,6061.65595463138,4123.463137996219,2910.9962192816633,2139.028355387524,2263.7769376181473,2690.0907372400757,2758.6578449905483,2337.202268431002,2810.0510396975424,3379.5198487712664,3121.412098298677,4671.385633270322,14244.313799621928,13447.111531190927,8808.695652173914,9864.659735349716,8773.459357277883,6441.792060491493,7667.018903591683,6178.5330812854445,3939.34404536862,2700.6824196597354,2397.9848771266543,1886.3572778827977,2082.3705103969755,2526.1909262759923,2567.2684310018903,2195.9735349716448,2061.884688090737,1802.7277882797732,1827.2249527410208,2063.888468809074,2774.056710775047,1817.6124763705104,1706.6219281663516,1450.9981096408317,1450.7939508506615,1560.8582230623817,1792.4366729678638,1716.9810964083176,1966.6068052930057,1616.8109640831758,1661.17202268431,1643.6843100189035,2097.8317580340263,2156.194706994329,2061.361058601134,2702.5671077504726,4539.759924385633,4101.54820415879,3049.635160680529,2223.4347826086955,1876.3534971644613,1613.5217391304348,1740.7750472589792,1565.9584120982986,1719.960302457467,1655.2306238185256,1672.6275992438564,2214.8733459357277,2820.2306238185256,5078.862003780719,5511.32325141777,3763.586011342155,4248.96786389414,7538.2060491493385,7399.389413988658,5436.54820415879,4741.153119092628,6326.604914933838,5969.155009451796,5038.1625708884685,5396.461247637051,4308.22495274102,3484.6143667296787,4915.223062381852,5264.189035916825,7032.918714555765,11582.814744801512,7595.372400756144,5901.283553875236,6283.8374291115315,4980.189035916825,4098.436672967864,3085.937618147448,2203.9508506616257,2072.304347826087,2224.5406427221174,4397.079395085067,5606.565217391304,4989.761814744801,3979.493383742911,2891.3421550094517,2359.5368620037807,3000.281663516068,2684.2060491493385,2728.0340264650285,2060.147448015123,1954.5368620037807,2340.3629489603027,5134.584120982987,4971.4461247637055,3740.5179584120983,2798.593572778828,3128.5122873345936,3814.7013232514178,4564.33270321361,5968.9886578449905,9828.761814744801,6385.705103969754,6208.691871455577,8406.792060491493,10047.294896030246,9126.74102079395,13724.015122873347,8863.519848771266,5670.128544423441,4341.1190926275995,3407.6748582230625,2310.8015122873344,1854.601134215501,1432.2287334593573,1397.780718336484,1274.3553875236296,1608.6975425330813,2656.601134215501,4014.391304347826,2948.725897920605,2776.663516068053,2762.8790170132324,3937.922495274102,11926.810964083175,19188.381852551986,11902.841209829867,9024.132325141776,8719.90359168242,12403.379962192817,8441.126654064272,5697.8582230623815,5564.844990548204,4161.132325141777,3010.0888468809076,2824.58034026465,5306.037807183365,12113.07561436673,12336.013232514179,7592.652173913043,4822.149338374291,3884.805293005671,3874.1587901701323,3693.2551984877127,3183.3629489603027,5467.300567107751,7644.913043478261,11920.049149338374,11060.689981096408,23888.25708884688,29306.907372400758,19163.353497164462,14504.338374291116,21562.30056710775,18406.790170132324,12948.76370510397,8611.20415879017,6382.391304347826,5011.8147448015125,3948.803402646503,2784.3081285444237,2516.741020793951,3321.945179584121,8656.06427221172,13584.62381852552,9410.510396975425,8238.544423440453,18311.32514177694,22166.820415879018,14656.196597353497,10361.137996219282,11188.05293005671,16967.030245746693,20184.446124763705,28256.718336483933,18713.93572778828,11277.060491493383,7473.10775047259,5191.718336483932,3837.156899810964,3472.5425330812855,4082.2703213610584,2923.865784499055,2386.3799621928165,1953.9981096408317,2365.7051039697544,2916.640831758034,4864.196597353497,14996.372400756143,17769.682419659734,10975.19281663516,8419.896030245747,7192.177693761815,5375.62381852552,3730.0151228733457,2989.4272211720227,3079.3213610586013,8880.35538752363,15794.177693761814,10408.939508506617,9902.143667296787,10930.098298676749,8428.200378071833,14478.289224952741,14382.351606805292,8999.098298676749,5613.287334593573,4010.1209829867676,3412.65595463138,2855.663516068053,1979.391304347826,1737.0359168241966,1513.969754253308,1481.6275992438564,1464.1342155009452,1558.4744801512288,1803.1833648393194,2225.2930056710775,1735.9262759924386,2216.2703213610584,1971.3270321361058,1963.3705103969755,2125.491493383743,2241.68809073724,2178.007561436673,1962.945179584121,1612.3119092627599,1788.0982986767485,1679.3327032136106,1796.085066162571,1496.803402646503,1398.1890359168242,1436.8223062381853,1525.209829867675,2181.8166351606806,4158.086956521739,4364.593572778828,5488.544423440454,11257.992438563328,8548.911153119092,5887.0756143667295,5490.124763705104,5941.952741020794,4430.51606805293,3201.423440453686,2816.34404536862,2374.9073724007562,2656.8166351606806,3378.9621928166353,6587.400756143667,12667.31190926276,9129.283553875237,5839.274102079395,4847.262759924386,7264.992438563327,10164.888468809073,14089.928166351607,14408.47258979206,14876.126654064272,9326.631379962193,6251.888468809074,5336.769376181474,4218.941398865784,3041.0378071833647,2372.9943289224952,2275.756143667297,2517.31190926276,6164.200378071833,6461.126654064272,6644.994328922496,7139.478260869565,6458.805293005671,4798.701323251418,4231.797731568998,3341.1455576559547,2656.3459357277884,2315.635160680529,2363.914933837429,2313.1739130434785,3836.82797731569,10411.270321361058,9521.310018903592,6768.196597353497,6530.595463137996,11164.788279773156,24849.215500945178,18982.91493383743,12027.51606805293,8176.672967863894,6137.824196597354,4827.285444234404,5588.319470699433,16019.69943289225,27762.168241965974,21945.792060491494,14885.22495274102,9778.810964083175,7216.965973534971,6680.085066162571,13779.735349716446,15116.939508506617,17188.703213610584,26741.671077504725,19498.092627599242,16137.124763705104,25462.33270321361,20446.391304347828,12887.81852551985,8270.873345935728,5763.818525519849,4358.589792060491,3228.4801512287336,2324.5122873345936,2548.453686200378,3648.7920604914934,8783.383742911154,19102.181474480152,13710.54820415879,8598.720226843101,6746.979206049149,5737.603024574669,4227.644612476371,2919.3705103969755,2648.6049149338373,4343.926275992439,6517.741020793951,15594.66540642722,26869.43100189036,24427.55576559546,14920.680529300567,10040.25897920605,9597.931947069943,7011.461247637051,4641.1398865784495,3550.1739130434785,3304.693761814745,3809.4102079395084,6365.689981096409,5111.0756143667295,3724.313799621928,2884.2306238185256,3204.0207939508505,9038.599243856333,12550.155009451795,10652.18147448015,7450.73156899811,5141.425330812855,5026.773156899811,3670.5198487712664,2919.2797731569,2510.7920604914934,2470.054820415879,3529.75236294896,11191.308128544424,11292.47258979206,7269.461247637051,5124.852551984877,5118.648393194707,8985.194706994329,21006.693761814746,20845.306238185254,13226.780718336484,8811.151228733459,6093.079395085067,4271.168241965974,3470.8223062381853,4109.156899810964,4398.470699432893,6574.1190926275995,12267.60302457467,8339.725897920605,6426.33270321361,5900.9470699432895,4525.461247637051,3133.2608695652175,2775.8638941398867,2604.850661625709,2480.243856332703,2169.939508506616,3409.742911153119,8313.606805293006,12944.659735349716,9129.223062381852,7770.5595463138,5084.028355387523,3674.493383742911,2864.381852551985,2536.9017013232515,2309.0586011342157,4977.954631379962,16165.461247637051,23262.432892249526,16249.517958412098,9986.487712665406,6472.1625708884685,4647.374291115312,3274.7296786389416,2580.782608695652,2310.9829867674857,3040.296786389414,2733.052930056711,3111.109640831758,3529.0170132325143,7199.992438563327,17740.196597353497,20746.572778827976,16958.1606805293,14322.289224952741,18680.047258979204,13417.0,8160.521739130435,5611.68809073724,4246.342155009452,3511.633270321361,3066.812854442344,2952.96786389414,4243.37618147448,4328.769376181474,3447.7712665406425,4728.4896030245745,10817.996219281664,8311.088846880908,5362.196597353497,5248.805293005671,7239.024574669187,5800.158790170132,6975.413988657845,13137.773156899812,9561.4404536862,6415.047258979206,4411.725897920605,4576.678638941399,12423.00945179584,14863.922495274102,10048.37618147448,6775.563327032136,4917.202268431002,4974.854442344045,6804.209829867675,7349.183364839319,5045.37618147448,4503.051039697542,3017.765595463138,2592.1361058601133,2634.3213610586013,2298.531190926276,2097.0415879017014,1892.4971644612476,1554.3799621928167,1459.9867674858224,1598.0926275992438,2078.2930056710775,1695.9243856332703,1655.9432892249527,1386.3459357277882,1839.555765595463,3651.1436672967866,4199.565217391304,3798.502835538752,5551.361058601135,4909.877126654064,5818.705103969754,11303.068052930057,8446.011342155009,5596.345935727788,4582.66729678639,9617.952741020794,11726.094517958412,7091.561436672968,4685.648393194707,3567.850661625709,4257.499054820416,4385.060491493384,3593.61247637051,4692.158790170132,13110.427221172024,10595.835538752362,7296.567107750473,6747.739130434783,13810.34404536862,11206.06427221172,7122.657844990548,4690.971644612477,4183.368620037807,3341.584120982987,2881.3194706994327,2036.3686200378072,1773.835538752363,2459.2362948960304,2866.0340264650285,2195.5274102079393,2176.328922495274,1844.4045368620039,1658.514177693762,1315.9735349716445,1362.0586011342155,1310.8620037807184,2102.6918714555763,2272.8185255198487,2293.756143667297,2703.9943289224952,2460.5897920604916,1955.389413988658,1885.8998109640831,2127.192816635161,2322.0586011342157,1630.984877126654,1832.7202268431001,2481.141776937618,3333.1833648393194,4234.625708884688,4963.3156899810965,4133.678638941399,4518.342155009452,3751.695652173913,4438.735349716446,3263.952741020794,3477.6370510396973,3456.413988657845,2805.2646502835537,2250.803402646503,2056.555765595463,2077.553875236295,3244.778827977316,7952.38752362949,8272.78449905482,5438.155009451796,3772.497164461248,2731.3705103969755,2156.296786389414,1700.9565217391305,1699.0510396975426,1498.4555765595462,1644.17202268431,1573.1625708884687,2135.9603024574667,2216.7712665406425,2203.3421550094517,1931.0037807183364,2000.960302457467,3236.243856332703,5482.512287334594,5704.8809073724005,5687.274102079395,4875.047258979206,7256.733459357278,17995.625708884687,13897.754253308129,9152.190926275993,6839.412098298677,5478.708884688091,3643.5727788279773,2538.9035916824196,2143.6748582230625,1944.0018903591683,1784.9224952741022,1458.820415879017,1564.6521739130435,1788.7145557655954,2497.7202268431,3177.313799621928,4099.1852551984875,2794.442344045369,2158.1228733459357,1644.3837429111531,1532.109640831758,1292.5633270321362,1881.805293005671,2122.916824196597,1928.1153119092628,1567.6143667296787,2612.6540642722116,2651.413988657845,2190.748582230624,2033.2854442344046,2289.470699432892,1954.7750472589792,1631.805293005671,1317.336483931947,1302.1379962192816,1140.3724007561436,1433.13988657845,1482.6332703213611,1525.8449905482041,1335.6578449905483,1315.8090737240075,1152.9508506616257,1244.1153119092628,1148.359168241966,1454.304347826087,1224.718336483932,1451.1190926275992,1707.2438563327032,2028.0529300567107,4086.147448015123,6423.155009451796,5499.638941398865,3727.2230623818527,2464.9621928166353,2141.6030245746692,1866.1776937618147,1825.8298676748582,1669.1663516068054,1624.7466918714556,1380.2703213610587,1491.8676748582232,1755.241965973535,3686.9092627599243,13775.319470699433,12512.417769376181,7940.321361058601,5958.092627599244,4592.480151228733,3176.8752362948962,2187.671077504726,2235.5671077504726,3421.638941398866,2747.6899810964082,2036.0793950850662,1779.9470699432893,1471.8582230623817,1389.5841209829869,1268.6616257088847,1828.9754253308129,3220.272211720227,3213.837429111531,2185.1455576559547,1905.8109640831758,2091.109640831758,2601.2079395085066,2123.725897920605,2030.4177693761815,1571.7240075614366,1565.5727788279773,1274.790170132325,1359.7693761814744,1606.7523629489604,3617.361058601134,2886.1909262759923,2144.86011342155,1638.1436672967864,1740.0340264650283,2205.4555765595464,2040.8525519848772,1548.2400756143668,1504.0453686200378,1158.5992438563328,1147.6540642722118,1189.8393194706994,1266.6181474480152,1420.1625708884687,2300.884688090737,5755.304347826087,6757.351606805293,4545.308128544423,3955.2703213610584,5057.31190926276,5381.786389413988,3700.788279773157,4492.8601134215505,3293.2362948960304,2625.5122873345936,1886.2022684310018,1636.3024574669187,1320.578449905482,1365.9735349716445,1137.0623818525519,1303.241965973535,1205.9792060491493,1512.4253308128546,1866.2079395085066,2369.1285444234404,1863.6899810964082,1651.37618147448,1498.601134215501,2199.3194706994327,2966.0170132325143,4768.425330812855,17841.009451795842,35205.75803402647,22571.81474480151,13127.814744801512,8205.357277882798,5404.457466918715,3330.2325141776937,2338.4631379962193,1639.7939508506615,1550.1587901701323,1378.3875236294896,1497.6899810964082,1586.1814744801513,1719.251417769376,1558.8620037807184,1595.5406427221171,1800.5179584120983,2358.9584120982986,1952.2759924385634,1853.0378071833647,1511.8676748582232,1627.735349716446,1753.0604914933838,1974.7410207939508,1724.2003780718337,1798.648393194707,1532.2438563327032,1591.1814744801513,1592.8468809073725,2576.211720226843,4484.105860113422,13778.570888468808,29045.907372400758,18624.744801512286,10550.130434782608,7007.8147448015125,4504.606805293006,3609.9584120982986,4112.886578449906,4502.442344045368,4050.34404536862,2926.6578449905483,2111.5047258979207,2161.2230623818527,3038.531190926276,7765.8393194707,25925.15879017013,19635.302457466918,10788.480151228734,7153.482041587902,5064.790170132325,4009.742911153119,2844.48393194707,2403.4877126654064,3150.189035916824,4083.0378071833647,2723.24763705104,2340.389413988658,2137.7542533081287,2012.6540642722118,2138.359168241966,2258.9603024574667,1794.8941398865784,1597.2287334593573,1393.9716446124764,1377.7958412098299,1508.733459357278,1836.8884688090736,2461.9905482041586,3651.3213610586013,3505.024574669187,2615.9054820415877,1979.7844990548203,1793.82797731569,1386.568998109641,1333.0245746691871,1211.5066162570888,1329.7542533081285,1159.0132325141776,1217.2457466918715,1189.429111531191,1251.0982986767485,1235.13988657845,1374.5916824196597,1071.8223062381853,1134.3648393194708,1034.62381852552,1252.7750472589792,1434.0472589792062,1892.0378071833647,1504.4045368620039,1443.5954631379961,1741.7750472589792,1924.8506616257089,1456.7788279773156,1323.7088846880908,1320.4914933837429,1506.4404536862003,1610.0586011342155,1506.0907372400757,1166.194706994329,1190.3383742911153,1138.4706994328922,1496.6465028355387,1323.7674858223063,1256.9565217391305,1166.6918714555766,1421.1701323251418,1790.468809073724,3287.3175803402646,2267.5103969754255,1853.4158790170131,1812.5122873345936,2765.7693761814744,1931.3572778827977,1578.0245746691871,1281.0529300567107,1288.7712665406427,1350.6332703213611,1597.9810964083176,1369.8147448015122,1939.5482041587902,1700.054820415879,1456.7693761814744,1190.196597353497,1191.6521739130435,1143.219281663516,1603.8865784499055,5081.272211720227,5807.400756143667,3578.1833648393194,2869.304347826087,2152.466918714556,1702.6351606805292,1790.875236294896,1937.3345935727789,1558.9981096408317,1516.8487712665406,1362.0567107750473,1287.1852551984878,1190.5274102079395,1747.7466918714556,1919.3553875236296,1691.8809073724008,2338.8809073724005,2668.0415879017014,1740.8733459357277,1548.6540642722118,1207.914933837429,1222.7013232514178,1275.3081285444234,2470.9243856332705,11863.792060491493,12082.166351606806,7437.018903591683,4926.2797731569,4129.051039697542,5635.852551984877,3522.5992438563326,2281.468809073724,1926.9206049149338,2741.9319470699434,2172.3308128544422,1644.0170132325143,1239.5519848771266,1224.0170132325143,1126.6975425330813,1202.2986767485822,1096.3629489603024,1188.7844990548203,1356.0415879017014,1929.6521739130435,6776.372400756144,19084.485822306237,14731.444234404536,7802.31190926276,4543.899810964083,2897.8695652173915,1840.4517958412098,1825.6748582230623,2323.45179584121,1944.7221172022685,1622.7750472589792,2055.4896030245745,1790.9470699432893,1620.9546313799622,1309.4706994328922,1448.0888468809073,1558.0510396975426,1567.4253308128546,1864.6843100189035,4081.521739130435,6472.37618147448,5805.434782608696,3731.13988657845,2893.758034026465,4234.3799621928165,3806.523629489603,3561.272211720227,3209.5047258979207,2761.521739130435,2162.1436672967866,1630.2873345935727,1457.2287334593573,1256.7920604914934,1248.3648393194708,1036.015122873346,1071.0888468809073,1025.0680529300566,1114.0283553875236,1020.6710775047259,1194.5463137996219,1012.1814744801512,1086.9773156899812,926.812854442344,1060.6162570888469,1089.6540642722118,1310.8695652173913,1179.321361058601,1216.2930056710775,1208.4120982986767,1924.1625708884687,2023.2684310018903,2540.2306238185256,2570.7088846880906,2346.850661625709,2049.1304347826085,1762.9867674858224,1716.8941398865784,2553.9281663516067,3721.8695652173915,3373.9659735349715,2711.217391304348,2364.8752362948962,1870.6049149338373,1649.5444234404538,1382.9716446124764,1330.413988657845,1199.030245746692,1522.2287334593573,3965.2136105860113,7176.550094517958,4756.826086956522,3216.9035916824196,2063.9867674858224,1829.124763705104,2884.453686200378,2799.368620037807,2028.648393194707,2648.3705103969755,7707.448015122874,10779.060491493383,10076.018903591683,5791.875236294896,3407.4045368620036,2424.0170132325143,1784.6597353497164,2402.914933837429,6091.115311909262,4910.884688090738,2741.6767485822306,1904.8960302457467,1394.7750472589792,1290.164461247637,1504.0245746691871,2986.6521739130435,3003.7221172022682,2885.468809073724,2092.920604914934,2382.8695652173915,7072.202268431002,11694.969754253309,13520.213610586012,7567.616257088847,4097.646502835539,3263.461247637051,4871.631379962193,15122.81663516068,10256.041587901702,5201.584120982987,3894.4310018903593,3344.502835538752,1960.4536862003781,1647.2797731568999,1280.51606805293,1383.9376181474481,1581.6672967863894,1474.6465028355387,1326.2476370510396,1606.039697542533,1495.4385633270322,1966.3629489603024,4009.8733459357277,3156.187145557656,1765.9092627599243,1449.6578449905483,1130.085066162571,1240.1455576559547,1546.3081285444234,1388.1285444234404,1094.461247637051,1329.2287334593573,1843.359168241966,2091.2608695652175,1768.6899810964082,2633.4631379962193,2045.6370510396976,2010.1928166351606,4575.187145557656,4155.391304347826,2603.9262759924386,1920.1323251417768,1523.7164461247637,3330.226843100189,3394.7693761814744,2272.0132325141776,2192.3232514177694,3322.047258979206,2806.047258979206,3359.576559546314,3198.6370510396973,2988.3705103969755,5473.610586011342,10294.854442344045,6740.310018903591,3773.5349716446126,2224.3629489603027,1809.9017013232515,1332.351606805293,1284.2948960302458,1136.9924385633271,1232.3081285444234,1373.678638941399,3102.134215500945,6825.298676748582,4946.211720226843,2820.82797731569,3641.829867674858,10826.442344045368,9307.476370510398,4605.396975425331,2972.476370510397,2680.663516068053,3900.642722117202,3942.6370510396973,3301.3156899810965,2290.164461247637,1717.0415879017014,1203.4423440453686,1076.7958412098299,1054.4706994328922,1214.5727788279773,1056.9867674858224,1048.1852551984878,1200.1455576559547,1932.693761814745,1779.461247637051,1639.2230623818525,2007.8790170132324,4021.0434782608695,3468.9584120982986,2454.6049149338373,1825.485822306238,4837.899810964083,12664.066162570889,18814.423440453687,11684.918714555766,5215.977315689981,2506.820415879017,1676.6332703213611,1211.37618147448,1588.0623818525519,1483.790170132325,1321.9981096408317,1095.4517958412098,1142.2797731568999,1030.6294896030245,1116.4385633270322,1074.2306238185256,1352.3610586011341,1494.4347826086957,2664.616257088847,12171.12854442344,21641.70699432892,12106.073724007561,5283.480151228733,2765.03213610586,1831.5444234404538,1321.1001890359169,1366.2457466918715,1282.663516068053,1266.13988657845,1160.17202268431,1173.6370510396976,1231.5255198487712,1489.8412098298677,1694.2948960302458,1686.9338374291115,1410.3308128544425,1495.805293005671,1582.9621928166353,3823.8090737240077,14239.336483931947,28411.941398865783,22066.432892249526,9576.620037807183,4225.943289224952,2480.289224952741,1800.3856332703213,1850.1190926275992,1395.3345935727789,1266.2362948960304,1173.0907372400757,1248.2400756143668,1102.6616257088847,1198.5973534971645,989.3913043478261,1019.9432892249528,1148.5916824196597,1170.7712665406427,1082.4083175803403,1433.1039697542533,3895.8260869565215,6201.506616257089,3527.586011342155,1928.6181474480152,1268.8638941398865,1222.8582230623817,1402.1587901701323,1442.6219281663516,1151.8582230623817,1235.1190926275992,1093.4669187145557,1232.8809073724008,1133.4385633270322,1280.374291115312,1348.8544423440453,1496.1852551984878,1290.0982986767485,1357.2986767485822,1202.211720226843,1252.9584120982986,1228.2400756143668,3085.1531190926275,7786.047258979206,7167.274102079395,3227.7542533081287,1823.5765595463138,1218.0737240075614,1094.3856332703213,1148.6124763705104,1614.5954631379961,2196.3969754253308,6312.928166351607,8729.198487712665,5240.453686200378,2565.062381852552,1698.0586011342155,1275.4914933837429,1348.1663516068054,1152.8147448015122,1156.680529300567,1047.2381852551985,1198.3251417769377,1310.485822306238,1676.1001890359169,1548.9432892249527,1854.2911153119092,4780.50472589792,17145.962192816634,22300.612476370512,12247.294896030246,5646.4442344045365,3277.226843100189,1863.7372400756144,1437.523629489603,1023.1039697542533,1114.4669187145557,952.9262759924386,1011.7013232514178,976.4839319470699,1272.538752362949,3035.775047258979,4622.419659735349,3049.9584120982986,1742.389413988658,1215.9319470699434,1132.4366729678638,985.9243856332703,1059.4517958412098,927.4234404536862,1050.4196597353498,900.8449905482041,1084.8412098298677,1029.2703213610587,1089.3799621928167,1098.1001890359169,1108.7712665406427,977.4631379962193,1264.51606805293,1718.3724007561436,6466.274102079395,17454.438563327032,22837.353497164462,12637.810964083175,5669.911153119093,2843.9508506616257,1863.8638941398865,1198.0283553875236,1167.538752362949,1002.2514177693762,1081.5066162570888,890.5803402646503,987.695652173913,1043.296786389414,1083.5822306238185,984.4933837429112,1046.5179584120983,943.4914933837429,1054.0170132325143,937.7712665406427,1073.8128544423441,1589.1153119092628,2657.2400756143666,3030.5822306238183,2086.226843100189,1287.6294896030245,1140.1512287334594,955.9943289224952,1062.9584120982986,926.2514177693762,1036.7429111531192,946.9224952741021,1014.17202268431,1008.6238185255198,1155.015122873346,1126.3705103969755,1162.0737240075614,1017.8998109640831,1129.0,995.1550094517959,1146.085066162571,1078.499054820416,1121.109640831758,929.765595463138,1016.8015122873346,1070.5822306238185,1013.4688090737241,976.9584120982987,1103.1058601134216,1157.8487712665406,1788.0037807183364,2212.359168241966,2729.442344045369,1872.8241965973534,1338.4177693761815,998.2306238185255,1020.4499054820416,946.7296786389414,1040.030245746692,875.1625708884688,1014.952741020794,1008.9546313799622,1269.476370510397,1226.2608695652175,1154.398865784499,1000.1209829867674,1069.2722117202268,1001.9470699432892,1080.0378071833647,933.3610586011342,1074.5255198487712,948.7069943289225,1083.8714555765596,997.0094517958412,1037.7958412098299,908.7126654064273,1042.6654064272211,1147.9130434782608,1410.905482041588,1378.8809073724008,1630.8260869565217,1376.6049149338373,1622.7542533081285,1768.4536862003781,1980.289224952741,1442.0737240075614,1209.82797731569,1007.3610586011342,1086.3289224952741,1078.9527410207938,1238.9357277882798,1145.296786389414,1259.2684310018903,1506.3686200378072,2075.2911153119094,2449.850661625709,2436.6257088846883,1555.3875236294896,1223.1512287334594,1060.735349716446,1096.8790170132324,990.8601134215501,1152.8771266540643,1071.8260869565217,1310.5482041587902,1395.054820415879,2420.2079395085066,7328.531190926276,15892.771266540643,22693.49716446125,25124.400756143667,14179.890359168243,6047.916824196597,2670.474480151229,1842.748582230624,1390.7466918714556,1465.4177693761815,1615.0982986767485,1917.3818525519848,1845.3119092627599,1681.8620037807184,1317.8771266540643,1366.9035916824196,1310.8525519848772,1376.0567107750473,1202.748582230624,1175.8865784499055,985.2759924385633,1095.8241965973534,894.9678638941399,1113.805293005671,956.3610586011342,1064.4083175803403,938.7844990548205,974.4896030245746,849.3270321361059,938.4971644612476,916.8657844990548,1026.8241965973534,883.3383742911153,1010.3421550094517,1261.514177693762,1382.8714555765596,1298.17202268431,1448.5727788279773,1363.6767485822306,2746.2155009451794,7174.523629489603,11497.368620037807,15236.415879017013,16183.637051039697,9354.826086956522,4037.888468809074,2131.748582230624,1859.6502835538752,1771.8393194706994
578.2172284644195,502.20786516853934,528.558052434457,465.4737827715356,589.9681647940075,430.1441947565543,538.7397003745318,523.2265917602996,556.1086142322098,525.4550561797753,581.8838951310861,507.4644194756554,615.5880149812734,476.2041198501873,594.940074906367,613.8932584269663,654.0692883895131,613.7715355805243,592.9962546816479,567.5468164794007,607.5411985018727,567.1797752808989,677.1797752808989,599.8464419475655,694.8183520599251,678.37265917603,648.1048689138577,591.2265917602996,640.7116104868913,582.4344569288389,690.7322097378277,609.4606741573034,706.7621722846442,636.5468164794007,708.5524344569288,609.7734082397004,730.0149812734082,590.8033707865169,709.6029962546817,597.0411985018727,710.1179775280899,640.6385767790263,626.0468164794007,716.5955056179776,668.5355805243446,533.8445692883895,649.4363295880149,724.1142322097378,750.6367041198502,630.0149812734082,721.3426966292135,690.6404494382023,714.6104868913858,690.4606741573034,744.4138576779026,596.4101123595506,724.1367041198502,652.629213483146,689.1947565543071,633.8838951310861,700.1666666666666,640.0074906367041,688.4232209737828,623.1779026217229,737.5299625468165,655.2865168539325,727.4475655430712,670.4868913857678,621.0880149812734,728.683520599251,679.0393258426966,668.9943820224719,725.9513108614232,642.6479400749064,713.0898876404494,678.559925093633,742.0992509363296,680.9531835205993,692.9307116104869,822.1666666666666,770.4700374531835,674.1629213483146,730.9494382022472,716.1048689138577,740.5168539325842,695.6142322097378,779.6535580524345,651.0430711610487,708.8838951310861,711.0505617977528,746.8876404494382,661.3033707865169,778.0917602996254,761.685393258427,724.1404494382023,747.6460674157304,752.2378277153558,723.4063670411985,789.8370786516854,700.9344569288389,788.1385767790263,716.8913857677902,748.6404494382023,704.6704119850187,679.2958801498128,694.1741573033707,809.8595505617977,667.2378277153558,766.6573033707865,701.0393258426966,645.6142322097378,836.7715355805243,831.3239700374531,743.8838951310861,776.310861423221,735.0262172284645,842.7209737827716,716.2958801498128,798.2303370786517,769.9588014981273,770.1647940074906,776.0187265917604,824.3202247191011,737.8558052434457,797.6310861423221,708.8239700374531,768.2584269662922,721.8220973782771,844.2490636704119,796.5861423220974,817.4644194756554,761.5131086142322,840.1217228464419,737.7808988764045,752.6928838951311,739.2397003745318,818.2134831460675,779.1179775280899,823.3277153558053,668.5205992509364,772.556179775281,690.874531835206,676.7677902621723,821.8857677902622,858.3389513108614,757.5823970037453,777.6086142322098,774.1441947565543,784.8408239700375,798.2322097378277,786.7734082397004,727.5973782771536,767.4625468164794,746.5823970037453,847.8277153558053,800.4138576779026,786.8239700374531,781.4475655430712,766.4101123595506,687.7883895131087,831.1629213483146,799.4868913857678,766.6741573033707,777.6629213483146,831.5543071161048,773.2022471910112,797.4119850187266,795.2865168539325,847.4456928838952,717.87265917603,866.9850187265918,800.1591760299625,842.4119850187266,772.2734082397004,741.9719101123595,869.441947565543,888.998127340824,775.685393258427,851.7621722846442,758.5037453183521,897.9363295880149,790.4662921348314,801.2771535580524,801.4700374531835,770.4925093632959,755.3838951310861,833.5805243445693,813.7453183520599,793.7640449438202,822.0393258426966,825.6217228464419,810.4868913857678,844.2677902621723,776.0692883895131,858.8913857677902,767.9138576779026,860.5318352059925,819.438202247191,827.8820224719101,885.7996254681648,805.2415730337078,833.8352059925094,875.8014981273408,823.8501872659176,851.4812734082396,773.0093632958801,734.9662921348314,913.1966292134831,817.0243445692884,835.5861423220974,873.9307116104869,805.0168539325842,862.1385767790263,795.6516853932584,856.4269662921348,813.7734082397004,862.056179775281,782.4513108614232,820.5786516853933,794.2996254681648,843.8408239700375,838.7996254681648,878.623595505618,812.2228464419476,875.7172284644195,862.7808988764045,831.4213483146067,786.2490636704119,816.5805243445693,869.2734082397004,878.3071161048689,843.998127340824,868.3370786516854,876.0299625468165,865.8071161048689,872.443820224719,803.7958801498128,781.0805243445693,782.0823970037453,916.8370786516854,868.8352059925094,827.0149812734082,790.6104868913858,815.1573033707865,826.1554307116105,807.7677902621723,848.7865168539325,754.3370786516854,812.059925093633,837.0861423220974,785.6647940074906,830.8295880149813,769.9044943820224,772.3876404494382,839.3558052434457,796.187265917603,797.558052434457,807.3464419475655,841.870786516854,834.7940074906367,833.2902621722847,855.7453183520599,871.5973782771536,767.123595505618,890.8183520599251,808.4906367041199,842.1666666666666,883.4943820224719,834.7153558052435,812.3876404494382,880.8052434456929,947.3895131086142,896.683520599251,812.9794007490636,944.62734082397,858.2921348314607,865.5486891385768,866.0730337078652,852.2940074906367,844.0318352059925,880.5224719101124,778.8951310861423,813.9887640449438,849.4513108614232,846.1591760299625,883.5,858.7808988764045,877.3614232209737,856.0056179775281,781.3464419475655,878.625468164794,808.438202247191,837.2808988764045,843.9625468164794,873.5056179775281,845.5411985018727,886.5299625468165,798.7509363295881,863.689138576779,817.9737827715355,862.1629213483146,813.8838951310861,786.8389513108614,974.7209737827716,898.9831460674158,892.9026217228464,833.7247191011236,811.1629213483146,863.7640449438202,838.6367041198502,855.4456928838952,886.629213483146,828.6760299625469,835.058052434457,893.8895131086142,831.9812734082396,912.7677902621723,815.9194756554307,847.1404494382023,867.3426966292135,898.0767790262172,857.6460674157304,897.8389513108614,900.1423220973783,891.6142322097378,845.7677902621723,877.683520599251,891.2996254681648,838.1348314606741,915.7602996254682,914.8576779026217,857.2715355805243,900.0355805243446,811.5730337078652,778.7359550561798,1016.5486891385768,1043.9756554307116,924.6610486891386,917.7022471910112,907.5168539325842,948.814606741573,846.7022471910112,919.2397003745318,839.7865168539325,881.7808988764045,939.4026217228464,822.37265917603,918.2284644194757,976.814606741573,919.0936329588015,961.123595505618,907.9082397003746,915.0074906367041,900.0767790262172,939.1554307116105,940.1348314606741,928.370786516854,889.370786516854,899.4325842696629,890.2471910112359,874.0187265917604,879.870786516854,929.1610486891386,928.5917602996254,930.4044943820224,853.4962546816479,823.2059925093633,961.7284644194757,958.8370786516854,917.6947565543071,944.3558052434457,994.0468164794007,1081.2808988764045,1012.0,955.9700374531835,912.7546816479401,913.4531835205993,921.0074906367041,969.6460674157304,913.4850187265918,933.2865168539325,971.3333333333334,979.0973782771536,962.4269662921348,984.3220973782771,911.1048689138577,1001.0880149812734,927.2715355805243,982.561797752809,956.9831460674158,1030.7865168539327,999.8558052434457,947.1104868913858,929.310861423221,958.6198501872659,907.3408239700375,956.8782771535581,922.2303370786517,852.0299625468165,1057.8988764044943,947.0973782771536,966.4063670411985,994.7584269662922,940.0955056179776,1022.7921348314607,960.7097378277153,972.2659176029963,1036.1011235955057,1018.1516853932584,943.5786516853933,1001.7490636704119,935.2808988764045,944.870786516854,999.7659176029963,1063.6591760299625,1026.5468164794008,1069.3558052434457,1002.1142322097378,1022.3689138576779,980.8539325842696,982.7415730337078,1038.5112359550562,991.7883895131087,998.0955056179776,1063.3651685393259,1032.8445692883895,1039.003745318352,1013.2059925093633,1053.0243445692884,920.1404494382023,974.7640449438202,1195.3988764044943,1021.4119850187266,1106.0543071161048,1076.9550561797753,1044.0767790262173,1153.0449438202247,1190.2191011235955,1240.0318352059926,1059.6535580524344,1059.436329588015,986.1423220973783,976.4662921348314,1025.0337078651685,1047.7734082397003,1001.3876404494382,1056.310861423221,1005.3595505617977,1058.5936329588014,1041.24531835206,1024.2359550561798,997.683520599251,1082.8314606741574,1003.7940074906367,1064.380149812734,1111.9044943820224,1074.926966292135,1009.6722846441947,953.3651685393259,962.9456928838952,1002.2621722846442,935.5037453183521,955.4531835205993,1080.559925093633,1092.5955056179776,962.1554307116105,1005.8220973782771,1051.9325842696628,1205.056179775281,1160.5299625468165,1143.0973782771537,973.7696629213483,1024.5056179775281,1016.0374531835206,1051.1666666666667,1163.3632958801497,1184.1573033707866,1135.2977528089887,1001.3501872659176,986.876404494382,1010.689138576779,1026.378277153558,1133.2565543071162,1102.8202247191011,1079.8220973782772,1031.383895131086,1057.9943820224719,1063.5149812734082,1232.7228464419475,1215.1835205992509,1278.3389513108614,1114.4494382022472,1088.692883895131,991.5449438202247,981.2602996254682,1116.4943820224719,1061.8576779026216,983.3895131086142,1094.8464419475656,1104.561797752809,1096.7696629213483,1119.5805243445693,1087.2265917602997,1038.7771535580525,1089.807116104869,1127.367041198502,1230.5074906367042,1043.9250936329588,1107.1591760299625,1109.7865168539327,1171.0205992509364,1157.0430711610486,1129.4831460674156,1073.6704119850187,1283.7340823970037,1186.0786516853932,1111.747191011236,1091.681647940075,1129.4775280898875,1126.9082397003745,1181.2059925093633,1120.0074906367042,1100.181647940075,1038.5168539325844,1127.443820224719,1053.4756554307116,967.5861423220974,1177.3913857677903,1118.3258426966293,1083.7097378277153,1098.8558052434457,1116.5786516853932,1197.8483146067415,1072.2134831460673,1150.3258426966293,1168.8820224719102,1075.1704119850187,1124.2846441947565,1110.0580524344568,987.6629213483146,1149.934456928839,1076.996254681648,1076.5430711610486,997.7247191011236,1121.0823970037454,1079.6142322097378,1064.7172284644196,1068.9044943820224,1037.5898876404494,997.0299625468165,1099.2097378277153,1059.056179775281,1087.0861423220974,1088.5224719101125,1146.2621722846443,1022.8670411985019,1115.3464419475656,1037.5992509363296,1086.8445692883895,1102.6666666666667,1185.3895131086142,1159.6535580524344,1123.0992509363296,1184.9456928838952,1272.629213483146,1153.2734082397003,1208.685393258427,1161.5093632958801,1290.8164794007491,1175.8820224719102,1220.8370786516855,1174.8558052434457,1033.3689138576779,1102.4325842696628,1210.9026217228463,1163.8220973782772,1186.9550561797753,1043.4775280898875,1071.7865168539327,1053.936329588015,1263.4531835205992,1305.192883895131,1243.123595505618,1110.0786516853932,1042.0767790262173,1002.5074906367041,1199.0056179775281,1143.2677902621722,1316.4138576779026,1153.9625468164793,1105.0711610486892,1270.7097378277153,1419.747191011236,1273.4513108614233,1151.112359550562,1037.5205992509364,1104.2303370786517,1064.6554307116105,1127.7397003745318,1143.5823970037454,1153.938202247191,1088.569288389513,1076.249063670412,1037.6535580524344,1163.565543071161,1154.318352059925,1261.4868913857679,1047.8970037453184,1155.747191011236,1026.1535580524344,1133.943820224719,1122.6348314606741,1375.9606741573034,1052.5430711610486,1040.5337078651685,999.316479400749,1133.2303370786517,1151.3277153558051,1275.1498127340824,1042.7790262172284,1042.0767790262173,936.5880149812734,1089.9232209737827,1271.6797752808989,1248.573033707865,1083.0337078651685,1136.4531835205992,1101.0955056179776,1234.0018726591761,1142.7209737827716,1148.8220973782772,1115.307116104869,1117.387640449438,1180.5393258426966,1255.24531835206,1082.0973782771537,1032.4719101123596,1118.801498127341,1343.5149812734082,1469.936329588015,1611.5187265917602,1253.4213483146068,1212.5168539325844,1119.0374531835207,1118.3426966292134,1075.9887640449438,1131.7265917602997,1115.2865168539327,1314.9082397003745,1054.6348314606741,1071.619850187266,963.1554307116105,1014.4943820224719,957.4325842696629,1013.9550561797753,1082.061797752809,1245.0468164794008,1198.9232209737827,1131.8651685393259,1105.563670411985,1209.4662921348315,1135.1835205992509,1233.069288389513,1235.0337078651685,1225.198501872659,1068.2153558052435,1065.2022471910113,1048.561797752809,1102.1385767790262,1057.1535580524344,1142.2790262172284,1090.387640449438,1205.059925093633,1289.5093632958801,1465.0093632958801,1145.5355805243446,1177.4101123595506,1032.8445692883895,1039.3520599250937,982.6573033707865,1119.8857677902622,1068.2134831460673,1273.8501872659176,1301.5056179775281,1552.5243445692884,1616.8483146067415,1202.0074906367042,1192.7116104868915,1220.1573033707866,1144.5805243445693,1552.0505617977528,1810.318352059925,1701.870786516854,1898.1179775280898,1548.6441947565543,1093.0543071161048,1171.6404494382023,1066.876404494382,1179.5411985018727,1193.6741573033707,1545.2921348314608,1916.3408239700375,1590.4157303370787,1398.880149812734,1568.4625468164793,1442.2865168539327,1491.625468164794,1402.7359550561798,1812.805243445693,2710.936329588015,3325.6011235955057,2542.247191011236,1967.750936329588,1596.8539325842696,1524.387640449438,1651.0337078651685,2433.224719101124,2781.7191011235955,1591.0842696629213,1384.430711610487,1336.5767790262173,1344.8726591760299,1354.1423220973784,1169.8970037453184,1316.632958801498,1232.7265917602997,1614.132958801498,1757.694756554307,1457.74531835206,1151.3520599250937,1245.1741573033707,1201.996254681648,1523.7565543071162,2011.7003745318352,2539.0205992509364,2751.930711610487,2256.8558052434455,1486.189138576779,1776.1760299625469,1434.8857677902622,1427.0018726591761,1609.5468164794008,2070.4119850187267,1775.4325842696628,1379.4719101123596,1498.930711610487,1433.0674157303372,1443.1835205992509,1967.9550561797753,1644.4887640449438,1448.1722846441949,1638.7284644194756,1519.2958801498128,1218.0936329588014,1373.2322097378278,1618.301498127341,2271.9868913857676,1827.9157303370787,1892.9906367041199,1602.9250936329588,1396.192883895131,1278.187265917603,1326.6104868913858,1433.6554307116105,1827.7059925093633,1996.3483146067415,1919.741573033708,2540.421348314607,3283.2790262172284,4011.4719101123596,3103.7958801498125,2506.62734082397,1970.116104868914,1780.8445692883895,1504.870786516854,1213.6741573033707,1355.2865168539327,1533.436329588015,2008.1779026217228,2519.11797752809,1778.943820224719,1344.3426966292134,1321.3483146067415,1479.9831460674156,1520.5093632958801,1160.878277153558,1406.2228464419475,1494.1610486891386,2056.7116104868915,3045.9887640449438,3719.1067415730336,1816.1460674157304,1461.4681647940074,1381.5131086142321,1849.4943820224719,2412.861423220974,2251.0561797752807,1517.5505617977528,1451.052434456929,1376.2696629213483,1667.125468164794,1544.2247191011236,1904.7883895131085,2673.700374531835,3675.0243445692886,2275.2715355805244,2305.810861423221,2556.234082397004,1728.250936329588,1384.2734082397003,1499.2677902621722,1761.2790262172284,2679.7209737827716,3385.9625468164795,2504.0898876404494,1741.7921348314608,1869.9887640449438,2359.516853932584,1599.0337078651685,1228.6104868913858,1381.307116104869,1252.194756554307,1330.563670411985,1289.1011235955057,1556.2565543071162,1250.5449438202247,1375.0430711610486,1231.805243445693,1238.7397003745318,1151.1685393258426,1277.6385767790262,1338.2265917602997,1736.801498127341,1686.387640449438,1933.4288389513108,1394.5299625468165,1404.1554307116105,1209.74531835206,1318.438202247191,1428.2284644194756,1671.0880149812733,1675.0936329588014,1806.7715355805244,1716.936329588015,1696.7958801498128,1502.1573033707866,1664.2640449438202,1884.438202247191,1696.934456928839,1621.2752808988764,2064.6554307116103,1783.7172284644196,1619.3501872659176,1481.9288389513108,1484.112359550562,1429.8202247191011,1809.7902621722847,2347.1067415730336,2553.9662921348313,1746.241573033708,1374.4662921348315,1431.5411985018727,1967.2565543071162,1610.7340823970037,1879.314606741573,2082.065543071161,2048.6086142322097,1944.7602996254682,1834.3726591760299,1633.440074906367,1738.8295880149813,1338.4981273408239,1427.8501872659176,1396.258426966292,1518.310861423221,1388.7902621722847,1480.9606741573034,1349.5224719101125,1506.2134831460673,1756.7022471910113,1682.940074906367,1448.0767790262173,1544.6179775280898,1478.1441947565543,1613.4756554307116,1829.2865168539327,1926.7771535580525,1889.1498127340824,1854.7022471910113,1698.0711610486892,1994.0337078651685,2338.449438202247,2750.7808988764045,2727.043071161049,2289.054307116105,1912.436329588015,2238.456928838951,2291.0898876404494,2106.941947565543,2019.1142322097378,2024.1498127340824,1827.378277153558,1884.4513108614233,1802.1966292134832,1774.1629213483145,1835.065543071161,1916.301498127341,1816.7134831460673,2966.0561797752807,3032.554307116105,1994.7340823970037,1843.4026217228463,2176.247191011236,1589.1779026217228,1844.9681647940074,1711.2677902621722,1669.4737827715355,1841.0823970037454,2253.312734082397,2826.7734082397005,3090.674157303371,1813.4812734082398,2083.044943820225,2905.747191011236,4139.01872659176,5088.1441947565545,3845.88202247191,2459.1947565543073,1988.1722846441949,2303.6441947565545,2876.571161048689,3123.3576779026216,4266.076779026217,4101.889513108615,4017.8838951310863,4852.39138576779,5288.554307116105,4989.316479400749,3309.5917602996255,2696.001872659176,3467.947565543071,2385.7715355805244,1679.8501872659176,1690.8951310861423,2054.11797752809,2127.631086142322,2095.421348314607,1900.252808988764,2169.767790262172,2297.5131086142324,1824.2041198501872,1945.814606741573,3022.440074906367,3062.897003745318,2481.9082397003745,2232.5131086142324,2514.0355805243444,1902.9850187265918,1930.0805243445693,2106.241573033708,2535.1067415730336,2605.9157303370785,2346.7097378277153,1825.2958801498128,1655.125468164794,1503.752808988764,1929.5486891385767,2655.1591760299625,3012.563670411985,2460.801498127341,2155.4513108614233,1834.930711610487,2505.9850187265915,2789.4513108614233,2273.747191011236,2936.767790262172,3151.0112359550562,2470.803370786517,3052.8651685393256,2952.683520599251,2889.320224719101,2252.621722846442,1933.6610486891386,2180.2921348314608,2900.0411985018727,3917.941947565543,5096.232209737827,4342.941947565543,4318.383895131086,3610.50936329588,3600.5337078651687,3293.7359550561796,3654.0187265917602,4048.749063670412,3735.243445692884,4506.917602996255,4881.812734082397,3202.8838951310863,2420.88202247191,1904.4681647940074,2243.5205992509364,2471.0318352059926,3454.6404494382023,3783.243445692884,3455.569288389513,3571.683520599251,3885.423220973783,4732.940074906367,5211.98127340824,3624.638576779026,4238.460674157303,4096.925093632959,3019.9962546816478,3383.3520599250937,4133.730337078651,3684.7958801498125,3499.275280898876,3071.434456928839,3914.7715355805244,3856.820224719101,3950.0355805243444,3962.224719101124,4688.801498127341,3664.4157303370785,3133.2209737827716,3137.183520599251,3914.2265917602995,4001.2265917602995,3386.2696629213483,2483.700374531835,1970.2265917602997,1556.1104868913858,1771.5955056179776,1623.8352059925094,1509.4887640449438,1473.9513108614233,1667.880149812734,1415.4588014981273,1477.1367041198503,1487.5880149812733,1485.3913857677903,1437.7771535580525,1565.5411985018727,1694.426966292135,1867.1086142322097,1812.9681647940074,2708.0561797752807,3660.0374531835205,3177.3501872659176,2337.6423220973784,1566.0823970037454,1340.938202247191,1666.947565543071,1960.6647940074906,2289.36329588015,1503.7734082397003,1658.4606741573034,1548.621722846442,1678.6554307116105,1837.5505617977528,1869.4213483146068,1303.5805243445693,1421.1273408239701,1465.6104868913858,1730.387640449438,1884.7284644194756,2076.069288389513,2509.7265917602995,3134.7902621722847,2422.7041198501875,2131.370786516854,2367.2378277153557,1657.0374531835207,1402.74531835206,1487.0468164794008,1438.9719101123596,1782.9943820224719,2492.99063670412,3171.874531835206,1897.632958801498,1984.878277153558,2365.071161048689,2939.327715355805,3732.808988764045,2623.629213483146,1751.5299625468165,2427.001872659176,2020.870786516854,1690.7359550561798,1349.0355805243446,1738.073033707865,2134.13670411985,2751.0262172284642,1984.8632958801497,2344.5355805243444,2426.550561797753,2183.565543071161,1359.249063670412,1503.9569288389514,1548.9101123595506,2007.4531835205992,2827.312734082397,4843.767790262173,5931.777153558052,6214.013108614232,3378.2790262172284,1817.1011235955057,1385.1797752808989,1419.387640449438,1260.2677902621722,1487.6779026217228,1512.258426966292,2134.6629213483147,2507.681647940075,3104.2191011235955,3685.501872659176,4476.559925093633,2252.138576779026,1916.312734082397,1829.6011235955057,2079.0318352059926,2198.760299625468,3206.129213483146,4205.460674157303,3405.325842696629,2449.941947565543,3334.007490636704,2486.743445692884,1630.4513108614233,1459.3951310861423,1772.4194756554307,2202.0992509363296,3403.7228464419477,2620.9606741573034,1851.6385767790262,1803.0,2107.6760299625466,2241.955056179775,2526.2041198501875,2098.2191011235955,1723.6573033707866,2112.820224719101,2179.058052434457,2059.050561797753,3389.3408239700375,3157.7921348314608,1970.6779026217228,1878.8464419475656,2915.6591760299625,3077.705992509363,2455.8576779026216,2837.8370786516853,4149.365168539326,5715.752808988764,3957.8445692883897,1968.4101123595506,1594.7003745318352,1277.741573033708,1441.7378277153557,1383.3164794007491,1813.6535580524344,1549.943820224719,1465.8408239700375,1286.301498127341,1367.7602996254682,1119.7865168539327,1247.2883895131085,1276.5056179775281,1325.3576779026216,1348.4868913857679,1360.4550561797753,1099.5711610486892,1435.692883895131,1453.2191011235955,1354.307116104869,1124.6179775280898,1263.1498127340824,1121.9737827715355,1236.8464419475656,1173.2865168539327,1333.0992509363296,1102.9606741573034,1268.0168539325844,1088.6067415730338,1396.7602996254682,1195.883895131086,1246.689138576779,1105.612359550562,1215.874531835206,1129.0149812734082,1223.0842696629213,1198.3370786516855,1446.24531835206,1147.7228464419475,1240.1760299625469,1143.3820224719102,1217.694756554307,1067.5505617977528,1160.9569288389514,1328.7265917602997,1489.936329588015,1475.691011235955,1420.383895131086,1416.5149812734082,1785.7977528089887,1890.552434456929,1634.2078651685392,1747.7846441947565,2391.8913857677903,1584.308988764045,1292.132958801498,1146.063670411985,1245.4531835205992,1243.4662921348315,1174.4138576779026,1091.5187265917602,1319.6179775280898,1077.926966292135,1295.2191011235955,1098.2696629213483,1253.4213483146068,1171.8258426966293,1162.6741573033707,1080.1348314606741,1183.9082397003745,1192.5411985018727,1547.9194756554307,1803.565543071161,1660.1348314606741,1331.3202247191011,1293.9981273408239,1468.5131086142321,1462.0674157303372,1277.3820224719102,1453.24531835206,1496.191011235955,1699.069288389513,1298.9981273408239,1183.5299625468165,1158.4906367041199,1295.0674157303372,1269.6516853932585,1696.6479400749063,1967.6367041198503,1770.9700374531835,1270.75468164794,1361.749063670412,1469.9794007490636,1978.1142322097378,1458.073033707865,1441.9681647940074,1516.0,1857.6573033707866,1995.9063670411986,2011.7996254681648,1590.1029962546816,1479.6573033707866,1319.8239700374531,1640.6273408239701,1335.3258426966293,1268.7996254681648,1079.0917602996255,1257.2715355805244,1411.0243445692884,1468.8913857677903,1567.629213483146,1810.752808988764,1427.5337078651685,1721.8988764044943,2126.065543071161,2271.85393258427,1576.436329588015,1694.6367041198503,1830.7322097378278,1659.374531835206,1539.9606741573034,1769.2265917602997,1941.5243445692884,2282.5299625468165,1641.1404494382023,1958.7902621722847,2350.4513108614233,3138.174157303371,1973.2621722846443,1807.4213483146068,1736.8726591760299,1791.7059925093633,2223.1516853932585,3628.1554307116103,4601.908239700375,3399.505617977528,2745.7696629213483,3333.2790262172284,2060.6535580524346,1676.0468164794008,2028.9531835205992,2908.810861423221,2398.0842696629215,2711.625468164794,2429.505617977528,2609.0973782771534,2540.812734082397,3594.2621722846443,2740.1535580524346,1926.8539325842696,1543.307116104869,1773.123595505618,2307.5,2069.9681647940074,1405.1647940074906,1818.0842696629213,2724.6853932584268,3754.578651685393,2505.868913857678,3102.936329588015,3229.1704119850187,3194.610486891386,4389.831460674157,3431.7977528089887,2425.6067415730336,4149.837078651685,5120.533707865168,2849.3988764044943,2192.430711610487,3379.808988764045,5107.08988764045,5740.2808988764045,4963.917602996255,3758.558052434457,2888.2303370786517,3198.492509363296,5234.767790262173,7331.98127340824,4878.39138576779,3454.7097378277153,5462.893258426966,8947.5468164794,5871.25468164794,3470.3220973782772,2089.8464419475654,1877.9794007490636,2113.5730337078653,3270.192883895131,3383.9756554307114,3458.3913857677903,4433.485018726592,6725.48127340824,4532.994382022472,2656.205992509363,1989.625468164794,1496.7677902621722,1321.8295880149813,1627.2977528089887,1605.3483146067415,2029.7621722846443,3143.3932584269664,3366.2116104868915,2037.4925093632958,1734.0280898876404,1780.867041198502,1759.4325842696628,1443.3220973782772,1787.073033707865,2405.801498127341,3584.35393258427,2712.483146067416,2347.7696629213483,2348.6666666666665,1761.8352059925094,1487.692883895131,1710.7696629213483,2398.050561797753,2401.0355805243444,1569.2752808988764,1616.4101123595506,1518.4419475655432,1875.8426966292134,1431.121722846442,1546.2378277153557,1546.0823970037454,2193.3426966292136,2537.7041198501875,2288.876404494382,1816.7958801498128,1499.8239700374531,1375.7808988764045,1576.878277153558,1482.5711610486892,1578.4325842696628,1964.1704119850187,1857.3632958801497,1472.1479400749063,1534.0243445692884,1328.9456928838952,1605.6835205992509,2155.7228464419477,3380.9812734082398,2371.069288389513,1632.2116104868915,1534.6104868913858,1481.807116104869,1381.1535580524344,1670.565543071161,1374.4026217228463,1480.4756554307116,1635.4494382022472,2260.2284644194756,2422.1516853932585,2160.808988764045,1494.0805243445693,1708.749063670412,2178.0749063670414,2492.8370786516853,1620.8277153558051,1483.4157303370787,1396.938202247191,2002.250936329588,1618.9794007490636,1438.8483146067415,1413.9325842696628,1659.7134831460673,1905.7602996254682,2271.5955056179773,1595.6385767790262,1673.936329588015,2058.9588014981273,2234.071161048689,1351.0337078651685,1378.698501872659,1162.3202247191011,1298.6179775280898,1237.5823970037454,1439.0468164794008,1388.2808988764045,1890.4494382022472,2830.2846441947568,2373.674157303371,1279.752808988764,1295.8239700374531,1288.4325842696628,1606.3258426966293,1227.0749063670412,1436.7827715355804,1148.181647940075,1435.8202247191011,1302.5131086142321,1256.6029962546816,1240.752808988764,1346.6048689138577,1347.7640449438202,1891.3352059925094,2258.994382022472,1757.056179775281,1590.6179775280898,2560.767790262172,2538.138576779026,1530.125468164794,1397.4063670411986,1616.1535580524344,1532.3033707865168,1517.7078651685392,1222.436329588015,1538.4082397003745,1910.7340823970037,2422.335205992509,2768.413857677903,2034.25468164794,1401.8314606741574,1590.0580524344568,1640.426966292135,2253.612359550562,1713.2621722846443,1767.5861423220974,1711.4194756554307,2257.741573033708,1656.8820224719102,1638.623595505618,1940.0486891385767,2169.8932584269664,1398.061797752809,1456.191011235955,1686.5224719101125,2873.200374531835,3632.765917602996,2149.7827715355807,1719.0973782771537,1895.3370786516855,1449.930711610487,1527.1011235955057,1581.5449438202247,1755.5280898876404,1481.5767790262173,1493.9981273408239,1313.8558052434457,1836.9719101123596,2659.88202247191,2301.5842696629215,1337.6629213483145,1434.9569288389514,1287.9250936329588,1367.1685393258426,1437.4569288389514,1672.247191011236,1410.2247191011236,2002.1086142322097,1836.818352059925,1745.5299625468165,1271.0318352059926,1271.2041198501872,1120.185393258427,1292.374531835206,1218.181647940075,1492.6423220973784,1703.4943820224719,1902.4531835205992,1417.7846441947565,1357.9157303370787,1227.880149812734,1502.747191011236,1590.1067415730338,1713.1685393258426,1707.0823970037454,2251.6516853932585,2005.3501872659176,1475.8314606741574,1404.8726591760299,1658.692883895131,1877.559925093633,2067.1404494382023,1965.9606741573034,2327.6853932584268,1859.7303370786517,1735.2228464419475,1398.9250936329588,1628.9925093632958,1717.883895131086,1806.061797752809,1379.0374531835207,1635.4176029962546,1768.5543071161048,2707.9026217228466,4082.2284644194756,4421.797752808989,1752.2565543071162,1550.6348314606741,1587.1516853932585,1443.8651685393259,1120.3820224719102,1378.0056179775281,1226.252808988764,1331.0280898876404,1478.7846441947565,1494.308988764045,1207.8932584269662,1392.2059925093633,1248.3558052434457,1367.198501872659,1249.440074906367,1511.2827715355804,1398.4082397003745,1588.1554307116105,1878.2790262172284,2512.138576779026,1803.0543071161048,1314.8277153558051,1173.0992509363296,1375.2303370786517,1316.878277153558,1856.9943820224719,1622.447565543071,1563.4082397003745,1205.387640449438,1535.1779026217228,1632.0149812734082,1562.6104868913858,1187.4981273408239,1290.6460674157304,1176.447565543071,1238.9494382022472,1179.9082397003745,1371.8595505617977,1272.1610486891386,1499.4082397003745,1454.1086142322097,1532.3258426966293,1371.4007490636704,1400.121722846442,1349.2827715355804,1653.7715355805244,2327.1779026217228,2064.2846441947568,1192.685393258427,1333.0468164794008,1230.0823970037454,1247.943820224719,1187.5393258426966,1409.4775280898875,1505.4288389513108,2381.732209737828,2268.7771535580523,1942.0880149812733,1478.943820224719,1717.1385767790262,1639.9531835205992,1618.436329588015,1744.7359550561798,2503.550561797753,2956.5243445692886,2269.9269662921347,1686.0767790262173,2122.265917602996,2391.516853932584,2695.743445692884,1871.9026217228463,2031.5955056179776,3291.827715355805,3879.6516853932585,1870.7397003745318,1510.3464419475656,1346.8220973782772,1448.0393258426966,1368.7003745318352,1598.0486891385767,1332.7883895131085,1462.132958801498,1479.0449438202247,2088.4812734082398,3123.7958801498125,4712.732209737827,3044.9082397003745,2198.8389513108614,1902.5486891385767,2393.9588014981273,1786.5074906367042,2293.2734082397005,2662.767790262172,1774.3370786516855,1459.9007490636704,1896.2883895131085,2327.8445692883897,2688.428838951311,1737.878277153558,1812.4494382022472,2291.9044943820227,4079.174157303371,6219.348314606742,4237.308988764045,3099.5243445692886,2751.38202247191,2439.0823970037454,1955.612359550562,1579.2284644194756,1983.1179775280898,2630.38202247191,5056.043071161049,4699.305243445693,2253.3426966292136,1583.4794007490636,2015.6310861423221,2730.5,4026.50936329588,2259.1404494382023,2052.0112359550562,2454.938202247191,3672.3913857677903,2274.104868913858,1654.7041198501872,1352.0486891385767,1491.9588014981273,1564.4925093632958,2149.550561797753,2953.799625468165,4775.717228464419,4308.985018726592,5247.271535580524,6762.8707865168535,3473.567415730337,2351.3445692883897,3503.612359550562,5540.743445692884,5634.337078651685,3099.913857677903,2422.3445692883897,3267.483146067416,6309.878277153558,7346.2191011235955,2898.801498127341,1634.3558052434457,1698.8295880149813,1761.930711610487,1793.9812734082398,1384.3164794007491,1457.0149812734082,1467.0580524344568,1927.2921348314608,1925.565543071161,2909.3932584269664,3627.7977528089887,4557.799625468165,3351.4101123595506,4433.258426966292,6992.846441947566,5543.7340823970035,5985.956928838951,4522.4775280898875,2815.0749063670414,3089.3389513108614,3413.256554307116,2083.370786516854,1525.3501872659176,1624.3632958801497,2146.395131086142,2467.5318352059926,1899.7977528089887,2092.6161048689137,1934.7771535580525,2548.2041198501875,4370.797752808989,7144.398876404494,3451.0898876404494,2013.5711610486892,1867.5823970037454,1727.119850187266,1787.185393258427,2537.192883895131,4392.694756554307,7608.323970037453,6193.74531835206,8103.2808988764045,4958.404494382023,4417.808988764045,5872.741573033708,4145.829588014982,2331.552434456929,1875.5449438202247,1797.116104868914,2227.8651685393256,3399.619850187266,5955.732209737827,6407.432584269663,5821.6741573033705,5186.106741573034,5511.968164794008,2670.880149812734,2619.2771535580523,2854.0037453183522,2282.498127340824,1627.069288389513,1566.7977528089887,1549.5486891385767,1804.9194756554307,2321.9269662921347,3704.318352059925,3018.6441947565545,4591.286516853933,4312.728464419476,5714.395131086142,7199.20786516854,10482.518726591761,18372.048689138577,13504.926966292134,4407.2191011235955,2587.361423220974,2550.7827715355807,4428.359550561798,4494.041198501873,5529.8408239700375,9502.563670411984,7207.119850187266,3189.9719101123596,1798.2359550561798,1562.3314606741574,2076.131086142322,2894.5749063670414,4644.039325842697,4722.320224719101,5893.464419475656,3292.2378277153557,1824.0393258426966,1554.5880149812733,1594.6629213483145,1522.9906367041199,1847.5917602996255,2256.456928838951,3386.428838951311,6650.013108614232,5478.249063670412,2343.5973782771534,2128.747191011236,2498.241573033708,4269.329588014982,4245.685393258427,7201.73595505618,5922.380149812734,3965.631086142322,1941.3164794007491,1723.6704119850187,1821.189138576779,2067.578651685393,2203.2846441947568,3750.794007490637,7339.883895131086,5978.222846441948,2454.0187265917602,1904.8614232209738,1654.1310861423221,2236.5205992509364,2084.9044943820227,1678.2116104868915,1629.4831460674156,2212.808988764045,2062.6629213483147,2209.941947565543,2689.825842696629,2832.6554307116103,3105.0318352059926,6096.065543071161,9373.573033707866,5740.698501872659,7145.498127340824,5802.561797752809,2444.8651685393256,2073.758426966292,1746.0842696629213,2119.5262172284642,1496.9063670411986,1552.7340823970037,1525.4138576779026,1584.8651685393259,1642.0468164794008,2379.1067415730336,4043.4082397003745,8259.99063670412,5476.84456928839,2900.016853932584,1730.3913857677903,1543.6142322097378,1334.0374531835207,1328.7340823970037,1364.1760299625469,1451.6516853932585,1338.3951310861423,1634.4419475655432,2040.8595505617977,2819.1779026217228,5264.001872659176,5798.597378277153,2379.8333333333335,2056.001872659176,1930.4868913857679,1958.2846441947565,1514.4213483146068,1669.0898876404494,1598.6666666666667,1541.250936329588,1482.805243445693,2292.428838951311,2778.2022471910113,5536.867041198502,3265.301498127341,1736.4812734082398,1393.0861423220974,1466.2359550561798,1352.6573033707866,1463.0861423220974,1384.7921348314608,1497.9138576779026,1421.3951310861423,1754.3895131086142,2068.3146067415732,3891.4119850187267,3866.7958801498125,2107.054307116105,1952.2659176029963,2086.36329588015,1637.5805243445693,1685.3202247191011,1436.059925093633,1526.0318352059926,1550.1535580524344,1939.7359550561798,2549.063670411985,3832.37265917603,8478.35393258427,14798.548689138577,10493.494382022473,5137.614232209738,2977.2715355805244,2264.7808988764045,1516.9569288389514,1436.5187265917602,1215.4044943820224,1364.192883895131,1181.5823970037454,1262.5149812734082,1111.996254681648,1259.691011235955,1143.0056179775281,1295.0955056179776,1344.4644194756554,1657.9531835205992,1457.2265917602997,1585.8558052434457,1651.5299625468165,1436.691011235955,1326.0674157303372,1442.867041198502,1219.2865168539327,1455.1479400749063,1769.2696629213483,2628.8483146067415,1592.2940074906367,1426.059925093633,1344.8220973782772,1869.0149812734082,1984.5280898876404,2172.189138576779,1695.4550561797753,1543.307116104869,1322.2434456928838,1735.3277153558051,1257.9531835205992,1531.6591760299625,2035.6067415730338,3724.4026217228466,3054.3333333333335,1876.5318352059926,1281.5074906367042,1336.9775280898875,1363.9101123595506,1577.0243445692884,1210.1142322097378,1298.936329588015,1290.8314606741574,1820.2284644194756,2963.2022471910113,2414.571161048689,2463.9513108614233,2648.325842696629,1736.7172284644196,1729.7191011235955,1521.7846441947565,1480.4531835205992,1269.8333333333333,1417.5355805243446,1312.4213483146068,1672.689138576779,1843.6441947565543,1760.8239700374531,1503.3895131086142,1940.1273408239701,2317.0262172284642,2783.7865168539324,2713.0730337078653,2536.172284644195,1793.1741573033707,1511.0543071161048,1368.4943820224719,1517.3726591760299,1522.4119850187267,1563.3895131086142,1389.3820224719102,1550.5168539325844,1795.1591760299625,2499.743445692884,2821.1779026217228,1969.440074906367,2152.196629213483,2630.0917602996255,2363.112359550562,2220.6685393258426,1827.7153558052435,2351.9737827715358,2823.36329588015,3353.232209737828,3042.35393258427,2321.87265917603,1751.308988764045,2110.4868913857676,3087.7078651685392,3084.558052434457,2499.6348314606744,2339.940074906367,1724.8370786516855,1927.5992509363296,1517.9119850187267,1803.8558052434457,1924.0393258426966,2508.5131086142324,2224.7790262172284,2016.0187265917602,2154.335205992509,1856.2434456928838,1572.6498127340824,1919.752808988764,2255.807116104869,1998.112359550562,1698.121722846442,1556.7602996254682,1498.6348314606741,1852.559925093633,1610.7827715355804,2280.5187265917602,2935.9606741573034,2057.8651685393256,1605.4775280898875,2194.9044943820227,2633.765917602996,2245.49063670412,2746.4063670411983,4754.316479400749,3989.5749063670414,2529.9082397003745,2269.0205992509364,2042.6591760299625,1953.4325842696628,2138.1404494382023,1896.0280898876404,2289.6573033707864,1589.503745318352,1751.1067415730338,1876.818352059925,1802.052434456929,2045.5468164794008,2886.767790262172,1897.3632958801497,1692.4494382022472,1890.2022471910113,2540.9063670411983,3062.956928838951,4962.425093632959,7099.651685393258,5118.404494382023,3096.016853932584,2431.947565543071,2985.385767790262,5479.818352059925,7693.898876404494,3840.430711610487,2353.3651685393256,2809.9850187265915,4415.441947565543,4928.217228464419,4294.202247191011,2201.9044943820227,1736.3689138576779,1777.3951310861423,1427.7265917602997,2062.5243445692886,2039.247191011236,3965.067415730337,2877.604868913858,1945.7172284644196,1728.5505617977528,1879.0168539325844,2455.4756554307114,3256.7041198501875,3606.131086142322,5275.0374531835205,6484.277153558052,8606.501872659175,8910.161048689139,5368.0374531835205,7093.610486891385,10881.55243445693,6135.479400749064,4251.005617977528,5055.833333333333,3397.604868913858,3587.4250936329586,3056.447565543071,2651.2041198501875,4615.801498127341,7503.578651685393,4386.619850187266,3726.325842696629,7219.494382022472,9448.514981273409,4094.250936329588,2522.9644194756556,2964.2284644194756,3897.610486891386,9172.692883895132,11273.827715355805,5480.651685393258,5606.239700374532,8011.8408239700375,4782.033707865168,3569.8670411985017,3864.692883895131,4061.0280898876404,3770.6329588014983,2461.696629213483,2172.895131086142,3669.994382022472,3703.299625468165,3788.0823970037454,2482.4868913857676,2012.252808988764,2342.4082397003745,2152.681647940075,1604.0767790262173,1811.0917602996255,2288.7191011235955,4606.335205992509,3814.7827715355807,2140.2134831460676,1565.2397003745318,1509.125468164794,1551.191011235955,2202.2640449438204,3300.0917602996255,5268.58988764045,2597.129213483146,2309.0973782771534,2895.275280898876,4769.953183520599,10080.344569288389,7434.0524344569285,3631.1704119850187,2396.9794007490636,1797.374531835206,2225.61797752809,2496.49063670412,2050.5898876404494,1812.9812734082398,2024.2883895131085,2360.5149812734085,3034.63670411985,1984.9644194756554,1722.496254681648,1652.5767790262173,1736.9644194756554,1968.6479400749063,1800.9157303370787,1626.7602996254682,1711.4850187265918,1701.2734082397003,1630.808988764045,1468.5505617977528,1687.301498127341,1530.2734082397003,1494.0131086142321,1459.1460674157304,2429.110486891386,2835.395131086142,4101.5524344569285,2292.7378277153557,1654.2734082397003,1414.9550561797753,1667.2996254681648,1394.0505617977528,1541.3595505617977,1659.6179775280898,3104.734082397004,3436.3239700374534,2129.623595505618,1867.24531835206,3086.9082397003745,7680.676029962547,5741.943820224719,2468.061797752809,1842.249063670412,1541.573033707865,1554.5187265917602,1456.2191011235955,1412.5149812734082,1408.2996254681648,1660.6273408239701,2307.3501872659176,2146.8220973782772,1529.1104868913858,1504.0411985018727,1503.9194756554307,1648.4681647940074,1465.4906367041199,2213.724719101124,1962.9232209737827,2707.181647940075,4992.904494382023,6830.029962546817,3109.794007490637,2084.732209737828,1706.6179775280898,1625.7752808988764,1420.876404494382,1931.940074906367,2161.318352059925,3329.13670411985,3188.5898876404494,2010.2397003745318,1551.801498127341,1421.7247191011236,1210.2846441947565,1303.2677902621722,1166.887640449438,1298.1741573033707,1372.0224719101125,1838.5580524344568,1284.496254681648,1211.0131086142321,1051.9325842696628,1138.6535580524344,1054.7621722846443,1163.7340823970037,1093.6629213483145,1315.692883895131,1280.308988764045,2041.5168539325844,2754.0561797752807,7324.88202247191,9689.39138576779,5136.003745318352,2976.623595505618,1964.0149812734082,1371.1835205992509,1384.0056179775281,1488.1179775280898,1506.1666666666667,1190.926966292135,1307.565543071161,1142.752808988764,1277.619850187266,1640.7790262172284,2622.303370786517,2188.3295880149813,1702.887640449438,1415.6498127340824,1477.2827715355804,1247.7921348314608,1314.0711610486892,1239.569288389513,1431.0936329588014,1359.8333333333333,1540.3895131086142,1343.2621722846443,1550.9719101123596,1738.5880149812733,2030.6629213483145,2135.949438202247,2420.567415730337,1605.1498127340824,1527.2265917602997,1295.1479400749063,1360.8239700374531,1326.119850187266,1777.8913857677903,2170.054307116105,1769.7715355805244,1366.2265917602997,1411.9794007490636,1386.7209737827716,1402.7322097378278,1155.9494382022472,1147.9119850187267,1312.9194756554307,1398.9101123595506,1286.9213483146068,1743.7265917602997,1481.940074906367,1555.7940074906367,1716.6704119850187,1622.3576779026216,1476.3445692883895,1586.4157303370787,1483.996254681648,1782.7677902621722,1569.8033707865168,2156.9082397003745,1690.810861423221,1438.749063670412,1316.4026217228463,1834.0973782771537,1205.6086142322097,1388.5580524344568,1256.1460674157304,1440.3445692883895,1481.6142322097378,1585.2191011235955,1458.8333333333333,1506.3689138576779,1268.4756554307116,1362.5318352059926,1431.2621722846443,1514.3539325842696,1234.4494382022472,1364.3632958801497,1624.0318352059926,1733.1348314606741,2071.376404494382,1851.3464419475656,1627.185393258427,1549.559925093633,1351.1535580524344,1486.9569288389514,1369.301498127341,1496.6535580524344,1290.9925093632958,1403.5861423220974,1453.7078651685392,1477.9082397003745,1275.2940074906367,1409.4550561797753,1300.934456928839,1807.1104868913858,1316.9868913857679,1538.9157303370787,1667.4794007490636,2079.8314606741574,1554.880149812734,1680.9925093632958,1973.3314606741574,3674.9101123595506,3176.897003745318,4385.868913857678,2917.3651685393256,2278.7078651685392,1723.3483146067415,1550.4101123595506,1437.3726591760299,1567.6966292134832,1261.121722846442,1354.249063670412,1219.5280898876404,1404.496254681648,1417.883895131086,2023.8913857677903,2783.7453183520597,2741.5880149812733,3453.2153558052432,3352.5149812734085,2161.4850187265915,1926.1011235955057,1765.7996254681648,2135.385767790262,3284.0205992509364,3069.7921348314608,1822.5674157303372,1707.496254681648,1434.0898876404494,1536.3370786516855,1642.1404494382023,1604.7378277153557,1431.565543071161,1555.2734082397003,1406.056179775281,1629.8202247191011,1961.2715355805244,3335.7865168539324,5952.282771535581,4830.7191011235955,3065.492509363296,2880.7958801498125,2186.00936329588,1833.8033707865168,1640.2696629213483,1908.129213483146,1770.5861423220974,1846.0074906367042,2658.043071161049,4848.520599250936,2879.5374531835205,2223.0917602996255,2378.4157303370785,3029.044943820225,2854.569288389513,2301.571161048689,2769.8913857677903,5356.831460674157,3120.8595505617977,2657.183520599251,3333.058052434457,6373.694756554307,10981.919475655432,6357.3408239700375,3408.623595505618,2639.5730337078653,2448.739700374532,2362.0561797752807,2207.558052434457,2222.2846441947568,2675.434456928839,6009.586142322098,4604.911985018726,3984.6554307116103,4829.172284644194,3355.2116104868915,2344.739700374532,2340.9269662921347,3449.0187265917602,5955.044943820225,5421.303370786517,3266.0187265917602,2291.192883895131,1888.943820224719,1621.7134831460673,2119.5262172284642,3750.4719101123596,4011.8146067415732,3608.7958801498125,5805.271535580524,4636.823970037453,3798.687265917603,4750.505617977528,9433.58988764045,10858.91573033708,7196.101123595506,5409.26404494382,3353.2921348314608,2278.125468164794,1956.2116104868915,1723.2902621722847,2103.7883895131085,1787.5936329588014,1910.4007490636704,2695.5486891385767,2223.9625468164795,1694.125468164794,1710.7977528089887,1587.9250936329588,2024.1048689138577,2375.063670411985,2512.897003745318,2377.747191011236,2792.138576779026,5128.788389513109,15723.039325842698,22528.92883895131,12209.805243445693,7542.550561797752,6028.653558052434,7092.586142322098,10159.340823970037,6611.365168539326,7496.677902621723,5144.704119850187,4452.631086142322,3989.9662921348313,3148.050561797753,2308.129213483146,2145.4887640449438,2066.445692883895,3303.7621722846443,2716.7715355805244,3283.1853932584268,4584.810861423221,3796.138576779026,2818.5131086142324,2179.50936329588,1686.2284644194756,1741.8483146067415,1676.9943820224719,1952.750936329588,1833.5,2144.119850187266,3375.610486891386,3131.0355805243444,2964.85393258427,3212.50936329588,2384.5917602996255,3170.743445692884,3060.9250936329586,2313.320224719101,1858.9906367041199,2323.6779026217228,1898.3314606741574,3360.196629213483,8881.898876404495,7408.715355805243,3977.758426966292,2746.1554307116103,2260.5355805243444,2723.6760299625466,2300.455056179775,2093.2303370786517,1911.9513108614233,2796.631086142322,2437.3651685393256,2531.044943820225,2314.8651685393256,2352.992509363296,2975.1067415730336,6873.357677902622,12618.104868913857,9592.968164794007,10814.565543071161,5892.29213483146,3717.887640449438,2799.7078651685392,2061.861423220974,1834.3389513108614,1667.7902621722847,1796.556179775281,1801.9737827715355,2080.1086142322097,2053.816479400749,2623.192883895131,2049.4026217228466,2554.0898876404494,2992.14606741573,2393.0936329588017,1881.552434456929,1783.2303370786517,1755.0468164794008,2141.1516853932585,2605.7902621722847,4440.449438202248,10242.054307116105,8479.093632958802,4405.320224719101,3630.4644194756556,4257.936329588015,3294.5561797752807,2334.374531835206,2423.803370786517,2962.1441947565545,2553.876404494382,3094.058052434457,6119.833333333333,9460.24531835206,6181.12734082397,3443.732209737828,2568.552434456929,2258.623595505618,2075.308988764045,1606.5973782771537,1653.9737827715355,1413.0093632958801,1884.2977528089887,1411.573033707865,1845.621722846442,1991.8632958801497,1956.2116104868915,2527.913857677903,2289.4119850187267,1843.5955056179776,2267.1441947565545,2111.3520599250937,2069.1423220973784,2497.4681647940074,2460.2172284644193,1814.7958801498128,1944.376404494382,2193.071161048689,3961.5468164794006,8526.140449438202,5963.771535580524,5047.262172284644,3516.181647940075,2898.2209737827716,2404.5393258426966,1775.6779026217228,1739.121722846442,1786.1273408239701,1895.2865168539327,1975.1797752808989,3497.0805243445693,8888.020599250936,6761.9307116104865,4380.146067415731,3943.325842696629,3566.9082397003745,6306.25468164794,5671.8408239700375,7045.911985018726,16825.153558052436,14336.432584269663,8242.868913857677,6491.014981273408,4195.464419475656,3645.0561797752807,4371.794007490636,3820.2172284644193,2655.4101123595506,2601.631086142322,3595.438202247191,7152.185393258427,6879.114232209738,4161.241573033708,3037.760299625468,2881.5149812734085,4200.286516853933,8163.979400749064,5851.232209737827,5464.0224719101125,3898.252808988764,3095.4868913857676,2866.895131086142,4579.9925093632955,9477.181647940075,11599.243445692884,12707.402621722846,8588.194756554307,5153.224719101124,3861.9887640449438,2830.35393258427,2935.9644194756556,3430.5992509363296,2558.8389513108614,2243.2958801498125,2466.7771535580523,2373.5112359550562,1984.2883895131085,1714.0112359550562,1767.4101123595506,1429.1179775280898,1575.2790262172284,1887.2771535580525,2585.1348314606744,3426.0112359550562,6286.140449438202,9881.994382022473,18054.838951310863,11179.88202247191,7923.001872659176,9095.842696629214,6988.661048689139,7699.874531835206,12369.885767790262,7097.205992509364,4672.402621722847,3301.076779026217,2734.2977528089887,2049.698501872659,2259.760299625468,1673.5411985018727,1814.8501872659176,2450.8558052434455,6354.885767790262,17226.552434456928,12502.90074906367,7792.911985018726,5631.762172284644,4196.132958801498,4180.179775280899,6345.157303370786,17785.280898876405,33708.74157303371,20046.01498127341,12384.014981273409,10214.031835205993,6706.380149812734,5374.782771535581,5649.700374531835,4207.724719101124,4469.591760299625,4088.4775280898875,3132.6516853932585,2903.5337078651687,2355.9606741573034,2703.8426966292136,3057.631086142322,2906.6779026217228,4258.059925093633,13294.247191011236,28429.116104868914,19182.084269662922,11296.342696629214,7585.275280898876,6023.880149812734,8070.269662921349,15149.104868913857,20100.05805243446,16990.780898876405,16339.992509363296,13894.889513108614,9259.696629213484,7741.970037453183,7110.316479400749,4747.323970037453,3112.698501872659,2505.7265917602995,2228.086142322097,1916.8651685393259,2087.3426966292136,2522.205992509363,3055.8295880149813,4337.610486891385,3344.13670411985,2468.612359550562,2208.5187265917602,2037.2790262172284,2116.129213483146,1860.189138576779,2351.0730337078653,2597.0468164794006,2235.4044943820227,1777.6104868913858,2202.638576779026,2399.370786516854,3915.9063670411983,5481.672284644194,4339.425093632959,3660.9868913857676,6528.979400749064,8863.72097378277,9113.597378277154,10451.277153558052,6651.001872659176,7369.455056179775,16768.290262172286,14295.966292134832,13481.35393258427,10735.202247191011,6667.513108614232,4998.374531835206,4210.498127340824,3308.9737827715358,2995.260299625468,2872.1516853932585,2972.374531835206,2410.734082397004,2576.734082397004,3036.7265917602995,4497.529962546817,8280.979400749064,16858.1797752809,18513.606741573032,11587.014981273409,7334.60861423221,7191.528089887641,9912.041198501873,8864.784644194757,5846.728464419476,5433.6441947565545,4143.496254681648,3489.8464419475654,3335.4775280898875,2659.1423220973784,1969.119850187266,1861.3614232209738,1652.8408239700375,1730.426966292135,1474.6385767790262,1730.496254681648,2655.760299625468,5672.323970037453,16603.95692883895,17473.318352059927,10728.986891385768,7542.923220973783,5811.968164794008,5967.89138576779,4944.378277153558,3866.602996254682,3458.492509363296,3451.052434456929,3108.059925093633,4069.043071161049,4264.376404494382,3061.64606741573,3050.808988764045,6048.3408239700375,4098.702247191011,2901.224719101124,2128.247191011236,2258.14606741573,2681.138576779026,2745.3146067415732,2326.164794007491,2797.239700374532,3360.8501872659176,3105.812734082397,4652.41011235955,14202.327715355805,13370.260299625468,8760.563670411984,9815.702247191011,8725.659176029963,6400.074906367041,7643.524344569289,6149.567415730337,3919.1591760299625,2691.4812734082398,2392.1853932584268,1883.632958801498,2077.423220973783,2515.992509363296,2560.308988764045,2185.3295880149813,2055.9176029962546,1796.4494382022472,1821.5018726591761,2054.8501872659176,2761.38202247191,1810.4213483146068,1702.6797752808989,1448.9756554307116,1449.9513108614233,1557.4868913857679,1791.0056179775281,1709.1666666666667,1962.7172284644196,1609.8558052434457,1657.807116104869,1640.874531835206,2092.0936329588017,2146.631086142322,2056.9044943820227,2690.436329588015,4515.941947565543,4074.6591760299625,3032.9588014981273,2207.949438202247,1870.0861423220974,1608.2322097378278,1737.4644194756554,1563.5823970037454,1715.241573033708,1647.5337078651685,1668.4887640449438,2210.249063670412,2808.692883895131,5065.646067415731,5481.953183520599,3746.191011235955,4229.142322097378,7507.104868913858,7352.279026217228,5407.955056179775,4718.876404494382,6291.316479400749,5940.63670411985,5015.514981273408,5367.998127340824,4286.142322097378,3468.5393258426966,4888.033707865168,5231.061797752809,7024.421348314607,11536.713483146068,7555.204119850187,5881.970037453183,6244.5692883895135,4945.529962546817,4073.2958801498125,3063.5243445692886,2190.50936329588,2061.0280898876404,2216.110486891386,4382.406367041199,5566.786516853933,4964.378277153558,3953.7191011235955,2872.7865168539324,2348.874531835206,2988.187265917603,2669.543071161049,2715.3651685393256,2046.5,1945.121722846442,2328.874531835206,5116.383895131086,4932.823970037453,3715.387640449438,2775.7734082397005,3117.2134831460676,3789.310861423221,4534.063670411985,5941.41011235955,9764.166666666666,6336.013108614232,6173.413857677902,8370.350187265918,9994.13670411985,9101.09925093633,13688.87265917603,8825.503745318352,5645.4307116104865,4326.988764044944,3392.247191011236,2300.4101123595506,1850.4812734082398,1429.883895131086,1395.7265917602997,1271.867041198502,1603.6179775280898,2647.198501872659,3996.239700374532,2928.4026217228466,2756.5224719101125,2746.679775280899,3912.604868913858,11875.380149812734,19055.775280898877,11799.056179775282,8950.333333333334,8663.704119850187,12326.724719101123,8375.89138576779,5659.290262172284,5535.142322097378,4138.893258426966,2996.1554307116103,2810.941947565543,5292.101123595506,12093.0468164794,12286.18352059925,7557.98127340824,4795.243445692884,3866.2378277153557,3857.050561797753,3675.4775280898875,3164.956928838951,5452.531835205992,7612.367041198502,11862.66479400749,10988.945692883895,23812.5,29156.007490636704,19017.020599250936,14387.10861423221,21447.7734082397,18257.215355805245,12853.27902621723,8536.033707865168,6333.323970037453,4982.361423220974,3919.561797752809,2763.0393258426966,2499.876404494382,3308.413857677903,8652.544943820225,13555.964419475655,9365.563670411984,8190.23595505618,18251.451310861423,22030.657303370786,14555.606741573034,10273.97191011236,11123.511235955057,16867.799625468164,20078.112359550563,28114.275280898877,18581.837078651686,11197.494382022473,7417.88202247191,5158.383895131086,3812.4044943820227,3452.6591760299625,4055.7378277153557,2900.1535580524346,2375.4588014981273,1946.7958801498128,2358.880149812734,2910.2191011235955,4839.3707865168535,14966.0468164794,17671.550561797754,10910.23595505618,8377.352059925093,7149.6741573033705,5343.25468164794,3704.327715355805,2975.945692883895,3069.4868913857676,8871.397003745318,15739.580524344568,10356.771535580525,9878.865168539325,10894.741573033707,8405.290262172284,14469.593632958802,14327.280898876405,8955.44756554307,5592.013108614232,3994.430711610487,3400.2734082397005,2843.7808988764045,1974.5187265917602,1734.1554307116105,1510.2134831460673,1478.5449438202247,1461.6104868913858,1554.752808988764,1800.2865168539327,2219.320224719101,1733.2771535580525,2209.8408239700375,1965.6835205992509,1956.0,2119.4119850187267,2234.543071161049,2170.260299625468,1956.6685393258426,1606.8239700374531,1783.7865168539327,1673.3932584269662,1792.3520599250937,1494.2977528089887,1395.947565543071,1435.2228464419475,1521.9419475655432,2179.765917602996,4138.790262172284,4336.702247191011,5477.0524344569285,11250.87265917603,8532.567415730337,5867.434456928839,5478.490636704119,5915.925093632959,4412.827715355806,3186.4063670411983,2805.114232209738,2365.9794007490636,2648.320224719101,3369.4269662921347,6578.979400749064,12646.323970037452,9100.621722846441,5820.533707865168,4836.374531835206,7250.088014981274,10135.426966292134,14043.361423220973,14384.616104868914,14841.76404494382,9304.926966292134,6236.423220973783,5318.610486891385,4202.4157303370785,3029.2359550561796,2366.35393258427,2270.2621722846443,2513.99063670412,6159.275280898876,6436.271535580524,6628.996254681648,7108.612359550561,6428.194756554307,4770.87265917603,4207.258426966292,3320.0898876404494,2646.174157303371,2306.4176029962546,2356.619850187266,2304.3913857677903,3827.067415730337,10410.134831460675,9487.531835205993,6741.147940074907,6502.183520599251,11148.039325842698,24800.295880149813,18905.908239700373,11966.977528089888,8136.533707865168,6104.288389513109,4798.37265917603,5561.4775280898875,15982.292134831461,27638.350187265918,21825.659176029963,14800.533707865168,9715.161048689139,7174.020599250936,6654.020599250936,13729.878277153559,15026.468164794007,17117.1329588015,26643.960674157304,19387.728464419477,16065.18913857678,25416.876404494382,20368.15543071161,12830.496254681648,8236.428838951311,5736.279026217228,4338.574906367041,3220.7209737827716,2315.3314606741574,2545.614232209738,3639.602996254682,8771.468164794007,19051.35393258427,13658.200374531834,8561.511235955057,6720.84456928839,5706.737827715356,4198.807116104869,2911.2715355805244,2643.9513108614233,4335.749063670412,6503.4775280898875,15592.22097378277,26853.526217228464,24379.516853932586,14878.352059925093,10007.27902621723,9565.483146067416,6979.23595505618,4625.490636704119,3538.558052434457,3293.6348314606744,3791.9719101123596,6344.162921348315,5081.1441947565545,3705.825842696629,2873.0880149812733,3198.5842696629215,9055.432584269663,12537.955056179775,10637.767790262173,7428.662921348315,5133.237827715356,5013.985018726592,3654.7977528089887,2914.0243445692886,2508.260299625468,2469.8464419475654,3519.6591760299625,11155.970037453184,11213.876404494382,7225.990636704119,5101.610486891385,5097.114232209738,8954.0468164794,20905.99063670412,20700.44194756554,13137.865168539325,8753.224719101123,6061.503745318352,4243.932584269663,3457.8408239700375,4083.913857677903,4366.971910112359,6575.204119850187,12252.80149812734,8317.08988764045,6411.12734082397,5875.51872659176,4506.614232209738,3129.623595505618,2770.62734082397,2598.2621722846443,2480.6947565543073,2176.389513108614,3412.885767790262,8322.224719101123,12923.69850187266,9116.252808988764,7741.140449438202,5064.571161048689,3662.7134831460676,2858.0037453183522,2529.9606741573034,2302.6423220973784,4985.683520599251,16173.374531835207,23183.838951310863,16167.758426966293,9938.485018726591,6441.088014981274,4635.771535580524,3263.2191011235955,2581.179775280899,2317.827715355805,3044.4644194756556,2728.0243445692886,3102.604868913858,3515.0243445692886,7171.968164794008,17654.374531835205,20678.66479400749,16885.149812734082,14280.475655430711,18640.417602996255,13353.284644194757,8123.98127340824,5590.664794007491,4230.62734082397,3500.125468164794,3052.887640449438,2942.983146067416,4226.679775280899,4304.031835205992,3430.8239700374534,4720.470037453183,10784.96254681648,8269.983146067416,5335.8558052434455,5226.672284644194,7203.0692883895135,5766.640449438202,6948.406367041199,13085.887640449439,9506.702247191011,6381.209737827716,4394.25468164794,4563.453183520599,12438.22097378277,14831.498127340825,10022.739700374532,6752.271535580524,4912.114232209738,4976.827715355806,6795.071161048689,7320.297752808989,5030.421348314607,4480.104868913858,3001.4176029962546,2583.758426966292,2624.3445692883897,2292.897003745318,2089.318352059925,1885.7921348314608,1548.4606741573034,1457.9456928838952,1593.9681647940074,2070.5037453183522,1692.3295880149813,1652.3202247191011,1383.8988764044943,1838.2134831460673,3642.376404494382,4179.073033707865,3774.5337078651687,5526.387640449439,4878.526217228465,5801.771535580524,11260.267790262173,8404.78277153558,5568.310861423221,4564.202247191011,9602.23595505618,11667.026217228464,7055.432584269663,4663.514981273408,3549.687265917603,4240.526217228465,4357.486891385768,3573.2902621722847,4682.028089887641,13067.36329588015,10540.26404494382,7259.307116104869,6725.318352059925,13768.769662921348,11158.428838951311,7082.23595505618,4665.164794007491,4165.514981273408,3329.6067415730336,2891.6423220973784,2042.0674157303372,1776.4850187265918,2457.9962546816478,2852.8239700374534,2192.252808988764,2170.7134831460676,1834.4550561797753,1656.2808988764045,1315.1404494382023,1360.0224719101125,1310.2659176029963,2095.3483146067415,2265.7378277153557,2285.1404494382023,2692.6591760299625,2447.8314606741574,1945.1367041198503,1878.0224719101125,2121.567415730337,2310.9250936329586,1626.198501872659,1828.926966292135,2473.4063670411983,3321.2865168539324,4218.20786516854,4933.670411985018,4114.0074906367045,4495.0692883895135,3731.2153558052432,4417.215355805243,3240.198501872659,3459.5187265917602,3439.385767790262,2792.0131086142324,2240.569288389513,2049.578651685393,2071.2134831460676,3238.2846441947568,7940.059925093633,8227.535580524345,5407.84456928839,3756.5149812734085,2714.071161048689,2148.561797752809,1695.4026217228463,1695.129213483146,1495.801498127341,1639.2303370786517,1567.1966292134832,2133.2284644194756,2206.994382022472,2198.4625468164795,1924.0168539325844,1991.9101123595506,3227.3651685393256,5455.249063670412,5675.106741573034,5650.859550561798,4854.541198501873,7266.082397003745,18004.095505617977,13868.25468164794,9122.496254681648,6811.323970037453,5453.917602996255,3626.058052434457,2529.5243445692886,2137.5149812734085,1933.883895131086,1782.1797752808989,1455.7640449438202,1561.2921348314608,1783.4119850187267,2485.498127340824,3164.13670411985,4081.747191011236,2780.7865168539324,2152.1161048689137,1640.9681647940074,1530.801498127341,1289.2059925093633,1877.3352059925094,2112.307116104869,1923.9756554307116,1564.387640449438,2609.0898876404494,2637.310861423221,2183.6441947565545,2024.9606741573034,2281.956928838951,1945.7771535580525,1626.9775280898875,1313.6048689138577,1303.561797752809,1140.7116104868915,1432.1310861423221,1478.938202247191,1522.2153558052435,1333.940074906367,1314.6797752808989,1151.9775280898875,1242.0486891385767,1149.374531835206,1450.9513108614233,1224.430711610487,1449.874531835206,1702.685393258427,2021.4794007490636,4084.37265917603,6392.312734082397,5467.031835205992,3707.387640449438,2454.413857677903,2134.6685393258426,1856.6067415730338,1823.3576779026216,1666.059925093633,1620.6760299625469,1377.503745318352,1491.9606741573034,1751.1498127340824,3692.36329588015,13787.769662921348,12476.134831460675,7922.320224719101,5928.438202247191,4576.610486891385,3162.563670411985,2176.303370786517,2226.299625468165,3408.7790262172284,2738.2640449438204,2028.747191011236,1775.5955056179776,1466.194756554307,1386.8689138576779,1262.8520599250937,1824.8651685393259,3213.1853932584268,3198.234082397004,2177.397003745318,1902.2041198501872,2084.7097378277153,2590.9756554307114,2116.104868913858,2024.4007490636704,1567.4288389513108,1562.443820224719,1272.8913857677903,1359.6779026217228,1606.4943820224719,3607.0337078651687,2871.189138576779,2135.1666666666665,1635.6423220973784,1734.5280898876404,2198.923220973783,2029.930711610487,1541.807116104869,1501.6479400749063,1157.0805243445693,1145.6629213483145,1190.5018726591761,1265.3820224719102,1421.561797752809,2296.956928838951,5763.290262172284,6749.0842696629215,4535.116104868914,3948.5411985018727,5057.486891385768,5376.586142322098,3701.2865168539324,4495.318352059925,3292.7172284644193,2627.9606741573034,1885.0355805243446,1636.9906367041199,1321.5767790262173,1366.621722846442,1136.3951310861423,1302.0580524344568,1205.7715355805244,1512.814606741573,1862.1722846441949,2361.275280898876,1860.1797752808989,1647.619850187266,1497.1479400749063,2191.9157303370785,2956.436329588015,4746.501872659176,17844.51498127341,35144.402621722846,22473.61797752809,13066.996254681648,8161.123595505618,5380.438202247191,3315.5112359550562,2331.1498127340824,1633.563670411985,1549.7247191011236,1376.621722846442,1494.7434456928838,1584.4606741573034,1715.6029962546816,1556.2902621722847,1593.185393258427,1795.380149812734,2350.586142322097,1944.7228464419475,1849.9232209737827,1507.887640449438,1623.9868913857679,1751.4569288389514,1968.4981273408239,1719.9213483146068,1794.1367041198503,1529.9494382022472,1586.1685393258426,1588.8820224719102,2568.4719101123596,4466.365168539326,13797.895131086143,29020.779026217228,18565.224719101123,10518.144194756554,6981.943820224719,4486.456928838951,3598.1853932584268,4088.432584269663,4486.749063670412,4023.5749063670414,2913.205992509363,2098.7172284644193,2150.507490636704,3025.327715355805,7769.243445692884,25937.537453183522,19584.24157303371,10758.848314606741,7127.9925093632955,5040.25468164794,3991.62734082397,2825.923220973783,2388.4250936329586,3134.621722846442,4060.8670411985017,2706.3426966292136,2330.5131086142324,2125.576779026217,2004.367041198502,2134.3576779026216,2251.760299625468,1786.7865168539327,1587.308988764045,1390.8295880149813,1374.5131086142321,1506.3164794007491,1836.2340823970037,2455.576779026217,3636.6853932584268,3487.9157303370785,2603.174157303371,1974.2191011235955,1786.880149812734,1383.1591760299625,1330.934456928839,1209.4063670411986,1330.7265917602997,1158.6179775280898,1216.9213483146068,1189.6835205992509,1253.1741573033707,1235.758426966292,1373.880149812734,1070.6479400749063,1132.2696629213483,1034.4625468164793,1255.3295880149813,1434.0936329588014,1886.0337078651685,1500.0074906367042,1440.7921348314608,1739.8464419475656,1921.0093632958801,1452.6348314606741,1320.4138576779026,1321.2958801498128,1506.9737827715355,1605.2752808988764,1503.9681647940074,1163.2977528089887,1191.0131086142321,1138.6348314606741,1492.3164794007491,1321.7734082397003,1256.8483146067415,1166.5337078651685,1419.1666666666667,1789.563670411985,3272.7827715355807,2259.63670411985,1847.4513108614233,1807.4494382022472,2755.1067415730336,1925.621722846442,1575.612359550562,1279.4906367041199,1288.8033707865168,1352.3988764044943,1595.6348314606741,1365.0786516853932,1935.6048689138577,1695.9494382022472,1452.1423220973784,1189.4868913857679,1192.9925093632958,1140.4756554307116,1604.7003745318352,5076.269662921349,5780.632958801498,3562.318352059925,2858.7209737827716,2143.5224719101125,1700.2247191011236,1786.1086142322097,1932.750936329588,1554.4063670411986,1517.241573033708,1357.5337078651685,1284.1142322097378,1189.7228464419475,1747.7322097378278,1913.7434456928838,1686.2022471910113,2334.4681647940074,2656.7191011235955,1733.3614232209738,1547.556179775281,1206.5580524344568,1221.808988764045,1274.0187265917602,2476.4044943820227,11873.131086142323,12060.62734082397,7406.8408239700375,4908.014981273408,4120.140449438202,5610.846441947566,3502.3052434456927,2271.8220973782772,1919.749063670412,2731.7265917602995,2164.125468164794,1637.4082397003745,1238.7902621722847,1221.5992509363296,1124.1591760299625,1200.7322097378278,1095.4775280898875,1187.7771535580525,1351.6741573033707,1928.9831460674156,6777.443820224719,19085.71161048689,14700.850187265918,7781.702247191011,4525.788389513109,2885.438202247191,1831.749063670412,1824.5112359550562,2313.934456928839,1938.0936329588014,1619.3857677902622,2052.0468164794006,1786.2921348314608,1616.9250936329588,1306.314606741573,1447.867041198502,1553.6498127340824,1564.4138576779026,1861.2602996254682,4075.692883895131,6446.185393258427,5774.445692883895,3706.9700374531835,2875.8314606741574,4216.080524344569,3789.3408239700375,3543.3052434456927,3199.7378277153557,2748.7546816479403,2150.3295880149813,1627.9044943820224,1455.5018726591761,1254.0318352059926,1246.250936329588,1036.7003745318352,1070.1310861423221,1025.132958801498,1115.1554307116105,1019.3951310861423,1192.443820224719,1012.0936329588015,1084.9194756554307,927.0187265917604,1062.7209737827716,1089.2996254681648,1309.1404494382023,1180.5337078651685,1214.0786516853932,1203.1067415730338,1926.3202247191011,2016.6685393258426,2536.043071161049,2562.870786516854,2335.0992509363296,2043.552434456929,1763.1179775280898,1712.681647940075,2546.631086142322,3703.395131086142,3358.5,2697.4250936329586,2351.550561797753,1866.2752808988764,1648.947565543071,1383.4850187265918,1329.6385767790262,1197.3314606741574,1520.8595505617977,3965.4269662921347,7150.258426966292,4733.10861423221,3204.198501872659,2056.724719101124,1823.0187265917602,2876.385767790262,2786.2734082397005,2018.374531835206,2642.9887640449438,7678.353932584269,10732.78277153558,10008.569288389514,5751.13670411985,3385.205992509363,2411.102996254682,1777.3033707865168,2396.3501872659176,6062.20786516854,4876.269662921349,2721.7921348314608,1892.0224719101125,1384.3314606741574,1287.5861423220974,1498.24531835206,2975.307116104869,2990.492509363296,2872.827715355805,2078.224719101124,2373.705992509363,7057.202247191011,11669.247191011236,13484.556179775282,7537.835205992509,4077.3558052434455,3251.2172284644193,4881.831460674157,15131.383895131086,10244.788389513109,5195.338951310861,3878.6704119850187,3325.565543071161,1952.1498127340824,1643.6048689138577,1279.9943820224719,1383.7602996254682,1578.5936329588014,1472.305243445693,1324.6966292134832,1602.5898876404494,1493.2209737827716,1966.4157303370787,3993.2022471910113,3142.767790262172,1761.5805243445693,1446.6367041198503,1127.4981273408239,1240.8258426966293,1541.0187265917602,1385.4176029962546,1095.4925093632958,1325.7172284644196,1843.9756554307116,2085.267790262172,1767.2715355805244,2625.8445692883897,2039.0842696629213,2005.258426966292,4558.827715355806,4142.898876404494,2593.078651685393,1912.1760299625469,1518.0093632958801,3318.498127340824,3378.249063670412,2263.895131086142,2182.2546816479403,3306.9700374531835,2796.0,3347.8670411985017,3178.749063670412,2976.189138576779,5468.176029962547,10260.492509363296,6697.509363295881,3742.1610486891386,2211.2209737827716,1801.5018726591761,1326.0749063670412,1282.5112359550562,1136.24531835206,1231.2378277153557,1374.4981273408239,3105.007490636704,6797.964419475656,4912.239700374532,2805.4250936329586,3634.9606741573034,10788.423220973782,9256.234082397004,4569.842696629214,2954.7172284644193,2667.3408239700375,3891.1853932584268,3916.619850187266,3281.6947565543073,2275.563670411985,1710.3895131086142,1202.0880149812733,1074.2172284644196,1051.438202247191,1213.1179775280898,1055.436329588015,1046.2752808988764,1200.3426966292134,1931.694756554307,1775.681647940075,1633.5393258426966,2007.1142322097378,4003.9962546816478,3449.0374531835205,2442.3483146067415,1819.3314606741574,4829.728464419476,12639.129213483146,18774.563670411986,11653.8202247191,5189.353932584269,2495.2546816479403,1672.8632958801497,1207.6479400749063,1588.747191011236,1482.119850187266,1320.3033707865168,1094.1516853932585,1142.2902621722847,1027.4756554307116,1117.4981273408239,1073.9007490636704,1350.4737827715355,1490.2883895131085,2659.8913857677903,12175.955056179775,21587.908239700373,12029.53745318352,5248.631086142322,2748.2640449438204,1819.2659176029963,1316.069288389513,1363.367041198502,1283.3614232209738,1264.0917602996255,1157.9906367041199,1172.1966292134832,1231.5299625468165,1487.9325842696628,1688.8314606741574,1685.6385767790262,1407.434456928839,1491.2640449438202,1578.6704119850187,3820.3239700374534,14212.573033707866,28407.548689138577,22024.421348314605,9541.829588014982,4203.428838951311,2471.102996254682,1794.6779026217228,1847.2378277153557,1394.8352059925094,1266.5861423220974,1170.5299625468165,1244.4981273408239,1101.125468164794,1199.625468164794,989.3558052434457,1018.5861423220974,1150.814606741573,1171.2621722846443,1082.7041198501872,1436.2228464419475,3888.335205992509,6189.747191011236,3520.983146067416,1919.926966292135,1266.1797752808989,1218.0093632958801,1397.947565543071,1440.9288389513108,1150.5674157303372,1235.7340823970037,1093.2265917602997,1231.9981273408239,1131.1011235955057,1281.378277153558,1350.1535580524344,1492.9981273408239,1287.7003745318352,1353.7752808988764,1201.305243445693,1251.812734082397,1228.0880149812733,3087.205992509363,7787.90074906367,7152.908239700375,3212.4719101123596,1814.7265917602997,1215.8408239700375,1095.3895131086142,1149.619850187266,1611.1797752808989,2187.441947565543,6290.033707865168,8692.151685393259,5206.161048689139,2543.50936329588,1692.75468164794,1271.5898876404494,1347.2715355805244,1154.2397003745318,1158.7827715355804,1047.0486891385767,1197.5243445692884,1308.8895131086142,1670.6647940074906,1545.4925093632958,1851.2958801498128,4787.602996254682,17189.784644194755,22320.01498127341,12211.707865168539,5623.121722846442,3265.5749063670414,1856.0486891385767,1433.9007490636704,1021.0917602996254,1115.1797752808989,952.2247191011236,1013.4569288389513,978.129213483146,1273.7771535580525,3027.2715355805244,4612.777153558052,3037.544943820225,1735.8239700374531,1213.6573033707866,1134.308988764045,987.4812734082396,1060.1666666666667,927.8033707865169,1050.378277153558,903.9026217228464,1085.430711610487,1029.438202247191,1090.5224719101125,1099.6067415730338,1108.3220973782772,978.9812734082396,1265.4831460674156,1718.0505617977528,6479.2265917603,17490.286516853932,22860.732209737827,12609.35393258427,5646.359550561798,2826.5730337078653,1857.7808988764045,1192.4831460674156,1166.0149812734082,1004.7247191011236,1080.370786516854,889.629213483146,990.4887640449438,1044.7659176029963,1084.3202247191011,985.9588014981273,1046.691011235955,944.9250936329588,1057.801498127341,938.9307116104869,1074.4194756554307,1588.496254681648,2649.739700374532,3025.129213483146,2078.265917602996,1285.9288389513108,1138.4588014981273,955.1779026217229,1062.5018726591761,926.625468164794,1037.6479400749063,949.4943820224719,1016.4082397003746,1009.1910112359551,1155.1722846441949,1125.870786516854,1163.7284644194756,1020.058052434457,1129.6179775280898,996.7209737827716,1148.0749063670412,1078.940074906367,1121.7191011235955,930.7284644194757,1018.6779026217229,1072.5,1016.2790262172284,979.4176029962547,1104.430711610487,1164.3689138576779,1787.7265917602997,2205.9606741573034,2723.3651685393256,1867.4644194756554,1336.7790262172284,997.7228464419476,1021.2883895131087,945.5711610486892,1040.9194756554307,875.0318352059925,1017.9007490636704,1010.2734082397004,1270.6348314606741,1229.2284644194756,1155.5786516853932,1000.8670411985019,1067.187265917603,1005.6535580524345,1082.0074906367042,933.9531835205993,1076.5749063670412,949.1310861423221,1086.061797752809,997.3501872659176,1040.2921348314608,909.9213483146067,1047.9981273408239,1147.938202247191,1409.801498127341,1377.7883895131085,1628.6573033707866,1370.9794007490636,1618.880149812734,1764.5374531835207,1974.8164794007491,1439.6310861423221,1208.9194756554307,1007.9026217228464,1087.8913857677903,1080.059925093633,1236.612359550562,1143.1516853932585,1260.947565543071,1506.4681647940074,2074.5992509363296,2449.0337078651687,2432.9438202247193,1552.1404494382023,1221.4569288389514,1060.3164794007491,1097.7865168539327,990.7041198501872,1151.7790262172284,1070.8258426966293,1307.301498127341,1389.8726591760299,2411.016853932584,7325.1741573033705,15894.808988764045,22706.172284644195,25103.204119850187,14124.237827715357,6014.26404494382,2655.679775280899,1831.8277153558051,1384.7434456928838,1462.440074906367,1614.6104868913858,1913.9176029962546,1841.874531835206,1676.7265917602997,1313.9606741573034,1364.7172284644196,1311.5018726591761,1373.4250936329588,1201.4737827715355,1175.3389513108614,987.5917602996254,1095.5243445692884,893.8352059925094,1115.8651685393259,957.0842696629213,1066.8277153558051,940.9232209737828,976.6498127340824,850.5056179775281,936.3239700374531,919.9513108614232,1028.5805243445693,883.6779026217229,1009.7808988764045,1262.1722846441949,1380.5131086142321,1295.2078651685392,1445.6741573033707,1360.6104868913858,2746.2209737827716,7185.397003745318,11516.200374531834,15272.110486891386,16186.7734082397,9335.638576779027,4023.681647940075,2124.4625468164795,1857.880149812734,1767.9906367041199
578.234404536862,500.8714555765595,526.5538752362949,463.07939508506615,589.9243856332703,429.51984877126654,538.2948960302457,523.1606805293005,553.9092627599243,523.5652173913044,580.8071833648394,506.73724007561435,613.9584120982987,473.7221172022684,594.0775047258979,613.695652173913,652.7145557655955,612.9395085066162,591.0775047258979,567.179584120983,606.8223062381852,567.0831758034027,676.4990548204158,599.8941398865785,693.4763705103969,675.640831758034,649.17202268431,590.9338374291116,641.0926275992439,580.8374291115312,690.8979206049149,609.7523629489604,706.2041587901701,634.054820415879,708.4517958412098,607.68809073724,729.1606805293005,589.187145557656,710.2835538752363,596.9810964083176,709.2741020793951,639.1285444234404,625.3327032136106,715.9243856332703,667.7826086956521,533.1039697542533,648.054820415879,725.1965973534972,750.0775047258979,627.7202268431001,720.4517958412098,689.6710775047259,713.9697542533081,687.6899810964084,744.124763705104,596.8449905482041,723.1890359168242,650.3251417769376,689.5879017013233,631.6181474480152,699.5689981096408,638.0604914933838,687.1134215500945,623.0132325141777,735.952741020794,652.2854442344045,724.1379962192817,669.3459357277883,619.8223062381852,728.0510396975425,678.6465028355387,666.2646502835539,724.3761814744802,642.4234404536862,711.9640831758034,677.1039697542533,741.7788279773157,678.007561436673,690.2986767485822,820.6597353497165,770.4385633270322,672.0604914933838,730.17202268431,715.5330812854443,738.5935727788279,693.9754253308129,779.9621928166351,648.1153119092628,708.4461247637051,710.249527410208,747.1833648393194,660.3875236294896,776.3837429111531,759.5028355387524,723.132325141777,746.047258979206,750.695652173913,723.3459357277883,789.765595463138,699.5614366729678,791.1739130434783,715.6843100189036,748.1379962192817,704.5085066162571,679.3364839319471,694.4423440453686,808.8109640831758,666.2325141776938,765.6521739130435,699.1909262759924,644.7296786389414,835.6238185255198,830.9565217391304,743.7882797731569,774.5368620037807,734.805293005671,842.0737240075614,716.7693761814745,798.6086956521739,769.047258979206,769.2438563327032,774.2173913043479,821.9357277882798,737.3761814744802,795.7769376181475,707.6918714555766,767.3213610586012,720.8431001890359,842.625708884688,795.9073724007561,816.5841209829867,760.6843100189036,838.8355387523629,735.7277882797731,752.7958412098299,737.9829867674858,816.7939508506616,777.5406427221172,819.8412098298677,667.5841209829867,773.1398865784499,690.4461247637051,675.5727788279773,821.7996219281664,856.8034026465028,754.4555765595463,777.289224952741,773.2514177693762,783.5879017013233,796.7051039697543,786.3081285444234,725.1625708884688,766.2986767485822,744.7901701323251,846.3137996219282,799.8714555765596,785.7618147448015,780.9338374291116,765.952741020794,686.3686200378072,829.9243856332703,797.2986767485822,765.4045368620037,777.4423440453686,830.5198487712665,772.6313799621928,796.0491493383743,793.9659735349717,846.3610586011342,715.8941398865785,867.3950850661626,799.0170132325142,844.5368620037807,770.6540642722117,739.0812854442344,866.8657844990548,887.5463137996219,772.4706994328923,851.1587901701323,757.6124763705104,895.5122873345936,788.1550094517959,799.8468809073725,798.2665406427221,767.8695652173913,753.6672967863894,832.1682419659735,812.6729678638941,793.289224952741,820.1663516068053,824.1739130434783,808.5047258979206,842.8941398865785,773.9886578449906,859.4234404536862,767.6767485822306,861.0037807183364,817.3213610586012,826.289224952741,883.2703213610586,804.4801512287335,834.241965973535,873.1379962192817,823.1266540642722,850.5009451795842,773.17202268431,735.2665406427221,909.5425330812855,816.8941398865785,833.0056710775048,873.4612476370511,804.3818525519848,861.5217391304348,795.1039697542533,855.5500945179584,813.124763705104,860.4971644612476,781.0831758034027,819.0056710775048,792.3837429111531,843.1965973534972,838.7221172022685,876.0642722117202,810.3137996219282,873.5179584120983,863.2533081285444,831.179584120983,785.6502835538753,816.9092627599243,867.742911153119,876.4725897920605,842.8260869565217,867.4328922495274,875.7051039697543,863.4744801512287,873.296786389414,803.710775047259,780.4064272211721,781.7164461247637,914.7069943289225,867.3421550094517,825.4310018903592,790.2627599243856,815.4007561436673,825.9092627599243,807.5614366729678,848.9603024574669,752.1020793950851,810.3232514177694,835.5293005671077,784.0850661625709,828.9546313799622,769.1304347826087,771.2230623818525,837.4725897920605,795.3251417769376,796.578449905482,807.6238185255198,840.4461247637051,833.5538752362949,832.8865784499055,856.1814744801512,872.6124763705104,765.8034026465028,890.3440453686201,807.6937618147448,841.5879017013233,882.0189035916824,834.015122873346,813.2192816635161,880.8506616257089,944.4725897920605,896.7901701323251,812.7353497164461,944.241965973535,857.124763705104,864.6862003780718,865.289224952741,851.4102079395085,844.6370510396976,880.0491493383743,778.047258979206,812.4064272211721,848.4026465028355,847.4272211720227,882.9073724007561,858.3837429111531,876.0396975425331,853.9603024574669,780.4744801512287,877.5708884688091,808.0831758034027,835.8998109640831,843.9565217391304,869.8487712665407,845.3081285444234,885.7977315689981,797.0359168241966,863.1814744801512,816.3610586011342,861.054820415879,814.5425330812855,786.4404536862004,976.1776937618148,897.4007561436673,892.9792060491493,832.3383742911153,810.0189035916824,863.9413988657845,839.5028355387524,855.2854442344045,887.2041587901701,826.6937618147448,834.5557655954632,892.8223062381852,831.2684310018903,909.5406427221172,815.0056710775048,847.0226843100189,865.7901701323251,897.7769376181475,856.3837429111531,897.124763705104,899.8733459357278,891.2608695652174,847.0604914933838,880.4064272211721,891.5198487712665,837.5349716446125,915.2816635160681,913.9810964083176,856.047258979206,899.6351606805293,811.2381852551985,778.9206049149338,1015.4045368620037,1043.514177693762,926.1228733459358,915.4366729678638,908.6351606805293,947.4083175803403,845.4612476370511,918.6635160680529,838.2287334593573,881.6843100189036,939.3913043478261,822.7618147448015,919.1474480151229,975.0567107750472,919.7277882797731,961.4933837429112,906.0869565217391,914.0359168241966,899.3686200378072,939.5500945179584,939.1417769376181,927.3024574669187,889.5330812854443,897.9754253308129,888.758034026465,873.7277882797731,880.2948960302457,928.6105860113422,927.5160680529301,930.5595463137996,851.6843100189036,821.0491493383743,959.8298676748582,957.6805293005671,918.9659735349717,944.0189035916824,996.3856332703214,1081.6068052930057,1015.8034026465028,954.9640831758034,912.2249527410208,913.5368620037807,918.8468809073725,967.640831758034,913.2362948960302,931.304347826087,970.4328922495274,978.7712665406427,961.2022684310019,984.4782608695652,908.9697542533081,1000.4177693761815,929.3327032136106,980.8090737240076,955.9565217391304,1028.5614366729678,1001.1890359168242,945.4612476370511,929.9773156899811,958.7561436672968,907.7145557655955,956.7693761814745,921.2778827977315,850.0189035916824,1058.5085066162571,946.8468809073725,963.7920604914934,993.8393194706995,939.062381852552,1024.2287334593573,961.2646502835539,973.2608695652174,1036.3024574669187,1016.0113421550094,945.0907372400757,1001.4291115311909,934.8412098298677,944.8865784499055,998.7863894139887,1062.9621928166353,1027.2249527410208,1069.3345935727789,1001.6691871455577,1021.5765595463138,979.8960302457467,982.710775047259,1037.8506616257089,992.6143667296786,999.8015122873346,1064.3610586011341,1034.4744801512288,1040.0037807183364,1014.1606805293005,1051.1266540642723,919.5538752362949,973.5954631379963,1194.8185255198487,1022.5652173913044,1107.8260869565217,1075.8657844990548,1046.9659735349717,1154.1077504725897,1193.9962192816636,1243.8960302457467,1059.0680529300566,1056.0094517958412,987.194706994329,975.7051039697543,1025.444234404537,1048.8298676748582,1002.6691871455577,1057.0567107750473,1004.867674858223,1059.8109640831758,1040.4933837429112,1023.2400756143667,996.194706994329,1082.608695652174,1005.5879017013233,1067.538752362949,1117.2533081285444,1078.678638941399,1008.7164461247637,952.5519848771266,962.4688090737241,1000.8487712665407,935.8090737240076,953.984877126654,1080.0113421550095,1092.4877126654064,963.2778827977315,1006.2797731568999,1054.6446124763704,1209.531190926276,1163.7599243856332,1144.319470699433,973.7939508506616,1023.4933837429112,1016.1361058601134,1051.1909262759925,1163.4083175803403,1187.413988657845,1139.5274102079395,1001.0245746691871,987.750472589792,1010.4499054820416,1026.9943289224952,1133.2570888468808,1106.1587901701323,1080.3799621928167,1030.6313799621928,1054.2608695652175,1064.3308128544425,1234.8185255198487,1219.2476370510396,1284.0623818525519,1114.5103969754252,1088.2627599243856,988.8090737240076,981.6294896030246,1115.86011342155,1059.678638941399,980.6162570888469,1092.780718336484,1102.6975425330813,1096.9224952741022,1119.8166351606806,1086.803402646503,1038.9357277882798,1088.748582230624,1128.4480151228734,1233.9508506616257,1043.625708884688,1106.8676748582232,1109.7069943289225,1169.7996219281663,1157.431001890359,1131.4385633270322,1073.7618147448015,1285.8109640831758,1189.1115311909264,1114.2778827977315,1091.6143667296787,1128.8374291115313,1125.4574669187145,1177.9886578449905,1119.1531190926275,1099.1436672967864,1038.9319470699434,1125.1285444234404,1053.765595463138,965.0737240075614,1175.9981096408317,1117.6824196597354,1084.6068052930057,1098.2136105860113,1117.4631379962193,1199.48393194707,1072.8336483931946,1148.897920604915,1170.773156899811,1077.406427221172,1125.4706994328922,1108.1852551984878,987.5255198487713,1148.9981096408317,1075.4650283553876,1077.5595463137997,996.9716446124763,1120.37618147448,1078.4952741020793,1062.499054820416,1067.780718336484,1037.2136105860113,995.7221172022685,1098.5198487712667,1058.6729678638942,1087.0075614366729,1087.0415879017014,1145.7448015122873,1021.359168241966,1112.835538752363,1036.4102079395086,1086.586011342155,1101.6899810964082,1183.0586011342155,1157.65595463138,1119.578449905482,1184.0756143667297,1271.13988657845,1150.3875236294896,1208.4706994328922,1161.6597353497164,1289.8998109640831,1175.9168241965974,1219.7750472589792,1176.13988657845,1031.6370510396976,1103.9678638941398,1209.7523629489604,1163.805293005671,1186.9792060491493,1043.446124763705,1071.7542533081285,1055.2797731568999,1266.3478260869565,1308.319470699433,1246.4272211720227,1110.882797731569,1041.5992438563328,1002.5387523629489,1199.039697542533,1144.4404536862003,1318.8884688090736,1156.3100189035918,1107.695652173913,1275.6068052930057,1425.3724007561436,1274.351606805293,1153.4385633270322,1038.398865784499,1102.835538752363,1065.5425330812855,1131.0510396975426,1146.2211720226844,1159.4026465028355,1091.0132325141776,1078.5633270321362,1040.4007561436672,1166.234404536862,1158.7410207939508,1266.9187145557655,1048.680529300567,1157.9508506616257,1026.1512287334594,1138.102079395085,1122.7844990548203,1377.6502835538752,1053.9640831758034,1039.7750472589792,998.5179584120983,1132.9224952741022,1153.9092627599243,1280.1531190926275,1044.601134215501,1041.6672967863894,936.0037807183364,1090.9130434782608,1277.0113421550095,1253.663516068053,1084.8487712665406,1137.7410207939508,1103.0680529300566,1237.0113421550095,1145.2835538752363,1150.5576559546314,1119.593572778828,1120.2173913043478,1184.1209829867676,1257.803402646503,1083.2173913043478,1033.4725897920605,1120.3175803402646,1350.1625708884687,1479.1153119092628,1628.8998109640831,1259.9187145557655,1218.9508506616257,1123.750472589792,1120.389413988658,1078.7599243856332,1133.5217391304348,1116.8676748582232,1318.758034026465,1055.7240075614366,1071.6918714555766,962.0245746691871,1013.6200378071834,956.6068052930057,1013.7674858223062,1084.7448015122873,1249.568998109641,1204.34404536862,1130.8506616257089,1107.336483931947,1212.9017013232515,1136.1890359168242,1238.0737240075614,1241.406427221172,1227.0245746691871,1069.1625708884687,1065.1455576559547,1048.1625708884687,1101.7051039697542,1056.570888468809,1140.6578449905483,1090.0831758034026,1206.9735349716445,1299.7674858223063,1474.8771266540643,1147.3100189035918,1177.805293005671,1031.625708884688,1037.2930056710775,981.6899810964084,1118.6219281663516,1068.0793950850662,1275.0586011342155,1304.788279773157,1556.531190926276,1621.5765595463138,1201.4045368620039,1193.9754253308129,1219.0264650283555,1147.2533081285444,1554.9565217391305,1817.3402646502836,1710.6143667296787,1909.6578449905483,1551.86011342155,1094.124763705104,1172.2022684310018,1066.3119092627599,1182.1304347826087,1195.4120982986767,1548.0113421550095,1925.2022684310018,1592.2533081285444,1402.663516068053,1572.9773156899812,1448.1190926275992,1492.0075614366729,1408.6332703213611,1824.9017013232515,2729.850661625709,3347.9054820415877,2558.2930056710775,1974.7788279773156,1600.2627599243856,1528.8185255198487,1659.7202268431001,2449.3081285444237,2802.3175803402646,1600.531190926276,1386.9640831758034,1336.7826086956522,1346.9206049149338,1356.0831758034026,1170.0869565217392,1314.945179584121,1235.7429111531192,1613.4404536862003,1761.2589792060492,1458.4234404536862,1149.4877126654064,1245.0,1202.5671077504726,1528.34404536862,2016.4102079395086,2548.7674858223063,2768.2533081285446,2266.202268431002,1491.3100189035918,1779.251417769376,1436.7523629489604,1423.5047258979207,1610.0472589792062,2077.7712665406425,1781.8582230623817,1379.4196597353498,1503.2230623818525,1435.6068052930057,1450.0926275992438,1975.9489603024574,1650.2589792060492,1450.8260869565217,1640.0793950850662,1520.8846880907372,1219.3251417769377,1375.039697542533,1623.710775047259,2288.810964083176,1839.7221172022685,1898.8865784499055,1606.249527410208,1396.5614366729678,1277.2778827977315,1328.5255198487712,1440.3478260869565,1830.0982986767485,2003.51606805293,1926.9962192816636,2559.189035916824,3301.2400756143666,4038.8714555765596,3116.6899810964082,2519.65595463138,1975.1739130434783,1785.3156899810965,1510.226843100189,1216.4102079395086,1359.9678638941398,1533.4480151228734,2015.4423440453686,2531.4328922495274,1784.9621928166353,1351.4971644612476,1322.9621928166353,1479.6068052930057,1523.0642722117202,1162.0756143667297,1407.8620037807184,1494.5463137996219,2067.576559546314,3061.202268431002,3739.975425330813,1823.725897920605,1461.9867674858224,1384.2778827977315,1854.8185255198487,2424.9073724007562,2260.421550094518,1517.7826086956522,1451.1190926275992,1378.1455576559547,1669.4877126654064,1548.8998109640831,1912.3100189035918,2691.334593572779,3699.833648393195,2286.5179584120983,2314.211720226843,2572.3742911153117,1733.5841209829869,1387.117202268431,1503.0264650283555,1769.8676748582232,2692.0359168241966,3407.134215500945,2516.438563327032,1745.7826086956522,1875.9338374291115,2367.6219281663516,1601.9829867674857,1228.9924385633271,1382.266540642722,1253.4952741020793,1331.1285444234404,1287.6124763705104,1554.9187145557655,1249.9281663516067,1375.0378071833647,1230.8147448015122,1239.7637051039696,1152.765595463138,1276.8941398865784,1337.4631379962193,1737.7618147448015,1684.6862003780718,1933.34404536862,1392.9943289224952,1403.7637051039696,1207.8846880907372,1319.1001890359169,1428.8374291115313,1669.389413988658,1675.4272211720227,1807.1039697542533,1719.9035916824196,1702.3724007561436,1505.6502835538752,1664.5822306238185,1883.1001890359169,1696.8336483931946,1620.5368620037807,2068.5103969754255,1789.8544423440453,1622.6672967863894,1483.194706994329,1486.1550094517959,1435.1285444234404,1818.555765595463,2360.7844990548206,2579.086956521739,1755.4007561436672,1375.8809073724008,1438.6748582230623,1988.0170132325143,1623.1001890359169,1885.2325141776937,2091.381852551985,2046.6181474480152,1945.3724007561436,1835.054820415879,1637.1190926275992,1742.648393194707,1345.2306238185256,1429.820415879017,1396.7164461247637,1519.7920604914934,1389.790170132325,1483.65595463138,1354.531190926276,1513.0264650283555,1767.568998109641,1684.553875236295,1450.3667296786389,1547.7750472589792,1483.6427221172023,1620.054820415879,1845.0472589792062,1935.5916824196597,1890.8563327032136,1857.5463137996219,1700.37618147448,1997.9810964083176,2345.916824196597,2778.389413988658,2759.5652173913045,2305.765595463138,1918.5085066162571,2248.2986767485822,2306.4820415879017,2114.226843100189,2025.3950850661627,2030.0283553875236,1837.0037807183364,1896.1266540642723,1819.648393194707,1780.0718336483933,1838.156899810964,1921.2476370510396,1834.2003780718337,3000.2306238185256,3081.6767485822306,2016.758034026465,1856.9262759924386,2191.2627599243856,1593.234404536862,1854.499054820416,1721.1814744801513,1675.578449905482,1850.389413988658,2270.9319470699434,2867.9054820415877,3125.7126654064273,1825.2306238185256,2097.211720226843,2932.3251417769375,4203.395085066162,5196.714555765596,3906.4007561436674,2490.2060491493385,2006.0018903591683,2324.9735349716448,2917.6219281663516,3182.4272211720227,4346.695652173913,4176.277882797732,4075.0926275992438,4927.786389413988,5391.578449905482,5077.342155009452,3341.8960302457467,2712.1304347826085,3490.7013232514178,2403.3534971644613,1687.5633270321362,1696.281663516068,2065.470699432892,2150.3497164461246,2109.4404536862003,1904.7863894139887,2173.5179584120983,2307.3497164461246,1834.5406427221171,1960.2797731568999,3055.6824196597354,3093.9546313799624,2494.922495274102,2241.391304347826,2514.8147448015125,1908.6843100189035,1943.586011342155,2118.4858223062383,2560.2287334593575,2639.4007561436674,2377.500945179584,1843.3459357277882,1662.0964083175804,1514.1531190926275,1948.7920604914934,2692.742911153119,3038.1285444234404,2472.398865784499,2172.992438563327,1849.6502835538752,2531.4877126654064,2820.1247637051038,2296.470699432892,2986.1606805293004,3202.9017013232515,2495.502835538752,3095.0132325141776,2998.24763705104,2919.4896030245745,2275.332703213611,1945.406427221172,2191.5406427221174,2929.8449905482044,3989.7542533081287,5190.209829867675,4425.508506616257,4391.240075614367,3652.610586011342,3631.58034026465,3312.9848771266543,3690.7466918714554,4113.09640831758,3784.803402646503,4581.671077504726,4950.047258979206,3239.1134215500947,2443.17202268431,1921.2759924385634,2261.8487712665406,2494.0586011342157,3483.364839319471,3809.478260869565,3480.0340264650285,3610.4725897920607,3933.7164461247635,4777.151228733459,5258.852551984877,3651.7674858223063,4261.540642722117,4120.678638941399,3046.1682419659737,3422.0491493383743,4182.833648393194,3722.727788279773,3534.8449905482044,3101.6824196597354,3960.351606805293,3900.38752362949,3989.2948960302456,4010.413988657845,4744.544423440454,3692.423440453686,3150.601134215501,3156.1833648393194,3941.001890359168,4029.533081285444,3405.8166351606806,2497.8714555765596,1983.3270321361058,1561.17202268431,1783.3780718336484,1633.9338374291115,1515.4045368620039,1480.3137996219282,1674.6294896030245,1418.429111531191,1481.5500945179583,1492.8998109640831,1489.3534971644613,1441.1512287334594,1568.6729678638942,1697.17202268431,1871.274102079395,1820.34404536862,2724.843100189036,3680.8393194706996,3195.0151228733457,2345.6597353497164,1571.0869565217392,1342.6332703213611,1666.2230623818525,1960.6994328922494,2295.6030245746692,1507.2627599243856,1660.2306238185256,1553.4933837429112,1685.555765595463,1846.610586011342,1876.0359168241966,1304.8393194706994,1423.7920604914934,1469.1001890359169,1733.4801512287333,1892.289224952741,2084.5179584120983,2532.1039697542533,3165.820415879017,2444.4631379962193,2138.6275992438564,2374.587901701323,1659.9281663516067,1406.8449905482041,1488.5047258979207,1444.82797731569,1789.9319470699434,2509.0907372400757,3194.1909262759923,1912.179584120983,2003.9810964083176,2399.2854442344046,2963.1909262759923,3759.508506616257,2634.725897920605,1758.586011342155,2444.4725897920607,2036.8846880907372,1699.718336483932,1350.8563327032136,1743.5293005671078,2143.3799621928165,2765.633270321361,1993.3289224952741,2357.281663516068,2440.4801512287336,2198.6143667296787,1365.0378071833647,1507.2476370510396,1556.1304347826087,2019.4404536862003,2850.9111531190924,4882.434782608696,5983.780718336484,6273.470699432893,3406.5198487712664,1823.1776937618147,1390.7920604914934,1424.1871455576559,1262.882797731569,1493.3005671077506,1519.773156899811,2144.20415879017,2525.7844990548206,3128.1814744801513,3727.3969754253308,4526.217391304348,2266.4253308128546,1926.5803402646502,1834.3780718336484,2088.1455576559547,2212.4593572778826,3226.0340264650285,4242.183364839319,3428.234404536862,2468.8638941398867,3357.249527410208,2506.4347826086955,1638.0718336483933,1465.2022684310018,1779.6124763705104,2221.162570888469,3433.281663516068,2645.10775047259,1859.5803402646502,1803.9224952741022,2112.65595463138,2251.3081285444237,2542.533081285444,2110.54820415879,1735.306238185255,2134.6578449905483,2194.398865784499,2072.0699432892247,3407.0945179584123,3181.850661625709,1978.2911153119092,1888.4045368620039,2939.1436672967866,3100.436672967864,2466.1361058601133,2848.616257088847,4177.614366729678,5767.905482041588,3985.170132325142,1984.835538752363,1598.945179584121,1280.9905482041588,1443.7429111531192,1389.1209829867676,1830.2684310018903,1559.6748582230623,1468.930056710775,1285.710775047259,1366.843100189036,1117.3327032136106,1246.4120982986767,1280.2022684310018,1326.6729678638942,1355.3459357277882,1363.0340264650283,1102.930056710775,1446.6143667296787,1466.8506616257089,1358.7561436672968,1124.1417769376183,1264.6200378071833,1122.4102079395086,1239.710775047259,1175.391304347826,1334.0359168241966,1105.1758034026466,1268.6597353497164,1088.969754253308,1399.304347826087,1200.9640831758034,1248.8563327032136,1107.5765595463138,1218.2797731568999,1129.1304347826087,1224.733459357278,1205.5444234404538,1450.7277882797732,1150.4820415879017,1240.6540642722118,1143.0359168241966,1217.7561436672968,1069.351606805293,1162.274102079395,1331.6672967863894,1497.4877126654064,1482.1228733459357,1426.209829867675,1418.4952741020793,1788.8393194706994,1889.0453686200378,1637.6616257088847,1758.359168241966,2410.0170132325143,1596.2060491493385,1294.7958412098299,1147.9357277882798,1249.2306238185256,1247.6030245746692,1174.4801512287333,1092.9754253308129,1320.2155009451797,1079.0132325141776,1296.5954631379961,1099.8563327032136,1256.2041587901701,1170.2041587901701,1163.9716446124764,1084.1909262759925,1186.359168241966,1197.1077504725897,1558.7750472589792,1827.6578449905483,1674.0793950850662,1336.3345935727789,1300.8638941398865,1471.6313799621928,1464.461247637051,1280.8544423440453,1455.6540642722118,1502.196597353497,1702.1455576559547,1299.9621928166353,1187.431001890359,1163.7410207939508,1299.6975425330813,1275.0718336483933,1708.7051039697542,1992.13988657845,1779.194706994329,1275.406427221172,1365.1814744801513,1470.0869565217392,1979.663516068053,1460.7788279773156,1446.6899810964082,1523.0094517958412,1868.1909262759925,2006.8620037807184,2023.9395085066162,1596.2835538752363,1483.1550094517959,1324.5425330812855,1651.51606805293,1340.2570888468808,1268.2041587901701,1081.6578449905483,1260.2022684310018,1412.875236294896,1470.9319470699434,1569.7561436672968,1812.5330812854443,1431.0661625708885,1731.3270321361058,2143.665406427221,2292.9810964083176,1584.1134215500945,1701.625708884688,1839.351606805293,1663.0170132325143,1544.930056710775,1778.0926275992438,1948.9565217391305,2293.45179584121,1648.389413988658,1965.1928166351606,2365.531190926276,3159.9017013232515,1981.5047258979207,1813.693761814745,1742.8582230623817,1806.3081285444234,2254.640831758034,3692.748582230624,4695.330812854442,3452.272211720227,2790.616257088847,3390.8809073724005,2083.438563327032,1686.1776937618147,2051.865784499055,2956.10775047259,2428.546313799622,2728.7315689981097,2447.7712665406425,2630.5916824196597,2557.9546313799624,3618.6049149338373,2759.9829867674857,1938.304347826087,1547.0737240075614,1782.156899810964,2316.969754253308,2079.164461247637,1415.2287334593573,1837.374291115312,2771.780718336484,3822.249527410208,2538.2136105860113,3152.9584120982986,3284.8090737240077,3232.633270321361,4455.2287334593575,3474.493383742911,2445.3232514177694,4185.616257088847,5168.028355387523,2874.4896030245745,2216.96786389414,3427.398865784499,5198.856332703213,5828.945179584121,5027.631379962193,3817.75236294896,2929.234404536862,3225.0680529300566,5286.449905482042,7407.177693761815,4922.897920604915,3490.79584120983,5530.081285444235,9056.385633270322,5952.009451795841,3509.6540642722116,2105.5652173913045,1886.5973534971645,2123.251417769376,3286.5444234404536,3417.703213610586,3489.2287334593575,4482.0756143667295,6798.6843100189035,4595.948960302458,2691.41965973535,2008.5028355387524,1505.0642722117202,1326.7712665406427,1638.4782608695652,1615.1758034026466,2047.3969754253308,3186.194706994329,3409.2400756143666,2055.7221172022682,1746.835538752363,1788.8298676748582,1768.391304347826,1448.758034026465,1795.0661625708885,2425.9357277882796,3613.7448015122873,2732.922495274102,2355.9300567107753,2353.8241965973534,1769.3724007561436,1494.6049149338373,1722.8582230623817,2435.7145557655954,2434.829867674858,1580.1625708884687,1620.5066162570888,1522.4952741020793,1882.9981096408317,1437.586011342155,1551.601134215501,1554.0094517958412,2212.695652173913,2567.546313799622,2298.0207939508505,1820.2759924385634,1504.5444234404538,1383.319470699433,1582.5349716446124,1486.7391304347825,1580.1814744801513,1969.2873345935727,1858.4555765595462,1472.6843100189035,1533.9621928166353,1334.8166351606806,1617.406427221172,2182.202268431002,3447.149338374291,2410.5708884688092,1643.7448015122873,1545.2060491493385,1486.211720226843,1389.2211720226844,1681.6862003780718,1378.241965973535,1485.7145557655954,1649.2722117202268,2294.1455576559547,2474.5708884688092,2183.45179584121,1504.9413988657845,1722.1304347826087,2210.8147448015125,2536.9659735349715,1633.461247637051,1488.805293005671,1410.211720226843,2026.3686200378072,1642.4234404536862,1449.4499054820417,1428.6672967863894,1672.735349716446,1928.8487712665406,2300.5500945179583,1605.4933837429112,1688.7542533081285,2086.7013232514178,2260.8809073724005,1357.5652173913043,1382.3780718336484,1166.2797731568999,1301.194706994329,1238.4083175803403,1441.7277882797732,1398.1209829867676,1911.274102079395,2884.0586011342157,2403.531190926276,1284.7863894139887,1297.8241965973534,1292.7920604914934,1608.9527410207938,1229.1436672967864,1439.9130434782608,1150.2476370510396,1439.6049149338373,1308.9073724007562,1259.4914933837429,1242.4177693761815,1351.4499054820417,1353.4744801512288,1912.555765595463,2295.0037807183367,1769.62381852552,1603.6162570888469,2596.587901701323,2568.6030245746692,1535.7561436672968,1400.5368620037807,1619.8015122873346,1536.4631379962193,1520.9281663516067,1222.3705103969755,1545.4272211720227,1923.6162570888469,2445.338374291115,2820.862003780718,2053.4007561436674,1409.5255198487712,1596.5463137996219,1650.5614366729678,2262.083175803403,1715.485822306238,1775.65595463138,1724.2589792060492,2279.610586011342,1666.5822306238185,1641.5179584120983,1941.3251417769377,2169.189035916824,1398.3705103969755,1465.2533081285444,1700.6899810964082,2913.3194706994327,3697.7126654064273,2173.0113421550095,1729.0756143667297,1907.7599243856332,1453.3421550094517,1527.336483931947,1583.7013232514178,1757.882797731569,1483.3705103969755,1496.4914933837429,1322.3553875236296,1858.2722117202268,2716.412098298677,2343.4574669187145,1344.750472589792,1437.6880907372401,1290.5368620037807,1367.8260869565217,1435.5463137996219,1672.5614366729678,1408.6748582230623,2002.2703213610587,1837.0888468809073,1746.640831758034,1271.4971644612476,1272.6729678638942,1120.5179584120983,1291.5255198487712,1219.788279773157,1499.3629489603024,1712.8147448015122,1913.7221172022685,1419.748582230624,1361.0510396975426,1230.0812854442345,1508.0075614366729,1598.1361058601135,1721.9206049149338,1717.266540642722,2274.922495274102,2025.5274102079395,1480.9716446124764,1406.1814744801513,1662.1209829867676,1881.9395085066162,2074.028355387524,1977.8412098298677,2350.810964083176,1873.4026465028355,1741.1077504725897,1401.4914933837429,1632.7296786389413,1730.3950850661627,1811.7466918714556,1384.6597353497164,1639.4669187145557,1780.0661625708885,2738.2835538752365,4157.147448015123,4520.294896030246,1773.0529300567107,1556.274102079395,1587.5217391304348,1443.6200378071833,1122.0132325141776,1381.2911153119092,1229.389413988658,1332.9376181474481,1481.6843100189035,1498.9829867674857,1209.319470699433,1394.5765595463138,1253.9187145557655,1368.5879017013233,1252.4347826086957,1514.4196597353498,1402.7523629489604,1592.945179584121,1889.3005671077506,2529.724007561437,1809.164461247637,1315.5463137996219,1171.3875236294896,1377.8620037807184,1320.695652173913,1862.4706994328922,1629.9111531190927,1566.0926275992438,1207.9829867674857,1541.4177693761815,1640.4744801512288,1567.4593572778829,1189.5103969754252,1293.6578449905483,1178.4877126654064,1242.2230623818525,1181.9432892249527,1373.3837429111531,1279.304347826087,1507.8544423440453,1459.2079395085066,1539.015122873346,1377.5103969754252,1404.9962192816636,1356.5274102079395,1669.3572778827977,2371.710775047259,2092.502835538752,1196.444234404537,1336.359168241966,1233.3137996219282,1250.748582230624,1188.9886578449905,1414.461247637051,1512.3327032136106,2404.8941398865786,2293.1776937618147,1951.4404536862003,1487.8374291115313,1728.7429111531192,1650.890359168242,1626.389413988658,1754.62381852552,2529.1606805293004,2986.500945179584,2291.7939508506615,1696.9508506616257,2136.7334593572778,2405.6578449905483,2707.0396975425333,1884.4574669187145,2054.8166351606806,3357.5916824196597,3940.888468809074,1888.4083175803403,1519.485822306238,1353.2381852551985,1453.13988657845,1372.7712665406427,1606.8223062381853,1338.7221172022685,1467.2381852551985,1489.3950850661627,2113.7296786389416,3180.937618147448,4819.410207939509,3090.5822306238183,2215.2627599243856,1918.389413988658,2413.5916824196597,1801.2155009451797,2323.9546313799624,2707.2986767485822,1792.3969754253308,1464.2173913043478,1905.0756143667297,2331.9867674858224,2701.3742911153117,1748.1361058601135,1824.8960302457467,2320.1682419659737,4129.018903591683,6331.092627599244,4302.6427221172025,3127.7391304347825,2769.137996219282,2454.551984877127,1967.0604914933838,1592.6502835538752,2004.0661625708885,2664.633270321361,5148.448015122874,4788.975425330813,2276.9962192816633,1596.930056710775,2038.4877126654064,2777.0699432892247,4118.792060491493,2289.001890359168,2066.6370510396973,2474.862003780718,3703.1531190926275,2291.858223062382,1659.304347826087,1357.1436672967864,1500.321361058601,1571.164461247637,2166.156899810964,2983.6049149338373,4861.262759924386,4391.461247637051,5364.465028355387,6927.260869565217,3527.79584120983,2380.555765595463,3558.852551984877,5650.325141776938,5758.1417769376185,3146.272211720227,2452.8809073724005,3329.5406427221174,6479.051039697542,7546.086956521739,2949.5822306238183,1645.6351606805292,1709.6654064272211,1772.6767485822306,1802.6540642722118,1388.2287334593573,1462.553875236295,1471.194706994329,1935.6124763705104,1940.4744801512288,2945.7315689981097,3702.8733459357277,4652.5103969754255,3398.4631379962193,4516.697542533081,7146.659735349716,5609.2287334593575,6027.742911153119,4543.975425330813,2834.538752362949,3126.024574669187,3463.4877126654064,2101.6238185255197,1532.9867674858224,1635.3270321361058,2166.234404536862,2489.7353497164463,1911.7826086956522,2105.5652173913045,1956.3534971644613,2584.9735349716448,4469.359168241966,7329.514177693762,3512.8317580340263,2032.5671077504726,1886.9829867674857,1738.7561436672968,1798.8582230623817,2574.4574669187145,4490.801512287335,7792.66729678639,6327.913043478261,8279.618147448014,5054.202268431002,4459.20415879017,5934.294896030246,4194.499054820416,2354.234404536862,1888.7315689981097,1811.406427221172,2248.2930056710775,3458.1247637051038,6088.122873345936,6571.879017013232,5951.862003780719,5296.476370510397,5632.6427221172025,2702.3742911153117,2646.493383742911,2886.001890359168,2294.86011342155,1634.9243856332703,1574.13988657845,1559.4801512287333,1819.1436672967864,2344.8563327032134,3754.7334593572778,3061.4045368620036,4690.873345935728,4404.563327032136,5832.442344045368,7370.776937618148,10756.69943289225,18898.703213610584,13837.383742911154,4493.803402646503,2625.421550094518,2596.275992438563,4535.710775047259,4597.754253308129,5644.990548204159,9731.59168241966,7365.4896030245745,3243.914933837429,1814.5519848771266,1577.5293005671078,2093.1512287334594,2934.0453686200376,4719.308128544423,4798.79584120983,5989.8601134215505,3342.338374291115,1835.6521739130435,1563.2778827977315,1603.0793950850662,1529.9413988657845,1859.2022684310018,2281.7448015122873,3448.4593572778826,6815.113421550094,5593.217391304348,2373.5897920604916,2150.807183364839,2527.497164461248,4334.742911153119,4305.209829867675,7312.527410207939,6019.342155009452,4021.306238185255,1960.4669187145557,1734.2797731568999,1838.1190926275992,2083.9073724007562,2233.0207939508505,3821.3194706994327,7513.381852551985,6110.240075614367,2483.274102079395,1918.1682419659735,1668.0018903591683,2256.992438563327,2097.2930056710775,1687.274102079395,1637.945179584121,2229.5368620037807,2075.257088846881,2223.7674858223063,2714.0982986767485,2865.51606805293,3155.3308128544422,6220.7939508506615,9607.975425330813,5863.21550094518,7322.621928166352,5936.1190926275995,2479.4499054820417,2088.4045368620036,1757.0,2125.7844990548206,1501.5368620037807,1563.4158790170131,1533.226843100189,1592.6540642722118,1654.8620037807184,2410.812854442344,4127.680529300567,8457.73156899811,5581.606805293006,2939.5368620037807,1745.8525519848772,1552.5897920604914,1342.351606805293,1333.601134215501,1369.0056710775048,1457.1682419659735,1344.6691871455575,1642.296786389414,2059.41965973535,2861.202268431002,5385.850661625709,5923.09640831758,2407.3761814744803,2064.890359168242,1939.7429111531192,1966.1587901701323,1523.3686200378072,1677.413988657845,1608.0378071833647,1545.6502835538752,1492.3005671077506,2308.947069943289,2823.4045368620036,5655.056710775048,3321.024574669187,1750.2911153119092,1399.2911153119092,1470.8185255198487,1358.0264650283555,1467.6370510396976,1392.7448015122873,1503.7296786389413,1427.914933837429,1767.6748582230623,2094.8223062381853,3957.5897920604916,3929.007561436673,2126.6030245746692,1967.6824196597354,2100.4593572778826,1648.0434782608695,1692.945179584121,1444.8846880907372,1532.241965973535,1561.0226843100188,1952.8374291115313,2581.493383742911,3897.4555765595464,8676.686200378072,15149.87145557656,10725.975425330813,5217.179584120983,3014.8998109640834,2281.0964083175804,1525.6748582230623,1443.710775047259,1220.4896030245748,1369.9981096408317,1185.5841209829869,1264.0812854442345,1116.8998109640831,1263.6124763705104,1147.6654064272211,1297.9905482041588,1350.3667296786389,1663.1833648393194,1464.2986767485822,1598.0189035916824,1661.2381852551985,1441.8563327032136,1331.7712665406427,1446.7618147448015,1221.2287334593573,1459.7315689981097,1783.7674858223063,2649.9735349716448,1599.695652173913,1432.5066162570888,1352.62381852552,1877.773156899811,1999.3799621928167,2187.4725897920607,1705.2854442344046,1549.4366729678638,1327.9224952741022,1738.4725897920605,1262.8393194706994,1538.3667296786389,2049.338374291115,3765.7901701323253,3088.102079395085,1891.2079395085066,1291.1379962192816,1341.3856332703213,1370.2136105860113,1585.9168241965974,1216.0170132325143,1301.6918714555766,1296.6729678638942,1833.625708884688,2992.03213610586,2429.3761814744803,2484.1531190926275,2671.137996219282,1742.6068052930057,1736.7391304347825,1525.4347826086957,1484.9168241965974,1271.3629489603024,1420.2306238185256,1316.5652173913043,1678.9035916824196,1854.4404536862003,1767.9584120982986,1509.7542533081285,1949.7769376181475,2333.2533081285446,2799.5103969754255,2736.1266540642723,2553.998109640832,1805.2041587901701,1515.179584120983,1373.7863894139887,1525.0907372400757,1528.1550094517959,1571.2022684310018,1396.264650283554,1558.9470699432893,1809.3119092627599,2519.7069943289225,2843.5179584120983,1982.4952741020793,2164.606805293006,2642.4574669187145,2376.0680529300566,2230.415879017013,1839.4234404536862,2369.17202268431,2848.8317580340263,3380.8960302457467,3071.1833648393194,2338.5500945179583,1763.3289224952741,2124.3402646502836,3119.6994328922497,3110.9848771266543,2517.1739130434785,2354.8015122873344,1733.4366729678638,1934.9754253308129,1525.015122873346,1813.2854442344046,1939.0529300567107,2526.3156899810965,2239.6238185255197,2025.7542533081285,2161.748582230624,1867.5463137996219,1585.1871455576559,1935.0,2276.829867674858,2010.4120982986767,1708.4404536862003,1563.3950850661627,1504.608695652174,1861.8241965973534,1621.0378071833647,2294.258979206049,2962.2079395085066,2073.398865784499,1613.3005671077506,2211.0434782608695,2658.6767485822306,2265.5141776937617,2775.916824196597,4814.8374291115315,4029.916824196597,2550.9073724007562,2284.86011342155,2056.0113421550095,1964.3156899810965,2148.0964083175804,1908.62381852552,2307.499054820416,1597.4423440453686,1757.0434782608695,1884.1417769376183,1810.319470699433,2063.86011342155,2911.2400756143666,1913.2551984877127,1700.7863894139887,1903.8185255198487,2561.351606805293,3094.3761814744803,5022.283553875236,7190.156899810964,5168.797731568998,3123.062381852552,2452.1984877126656,3012.7996219281663,5548.810964083175,7795.470699432893,3890.8865784499053,2379.551984877127,2844.054820415879,4465.400756143667,4987.457466918715,4348.3156899810965,2223.4272211720227,1751.1852551984878,1786.3251417769377,1435.3497164461248,2075.393194706994,2058.1758034026466,4012.2684310018903,2909.867674858223,1959.5028355387524,1740.8412098298677,1891.266540642722,2476.758034026465,3287.060491493384,3640.1209829867676,5326.8393194707,6566.502835538752,8713.453686200379,9038.459357277883,5438.582230623819,7183.026465028355,11059.64650283554,6220.565217391304,4302.73156899811,5122.145557655955,3436.922495274102,3625.4858223062383,3089.030245746692,2684.998109640832,4679.442344045368,7614.0756143667295,4447.022684310019,3782.741020793951,7338.130434782609,9610.470699432892,4155.54820415879,2557.030245746692,2994.389413988658,3958.9905482041586,9346.854442344045,11479.107750472589,5564.879017013232,5672.568998109641,8098.735349716446,4834.514177693762,3611.1058601134214,3903.7939508506615,4103.398865784499,3809.9508506616257,2483.468809073724,2193.48393194707,3709.0396975425333,3740.476370510397,3824.7863894139887,2506.3251417769375,2025.7391304347825,2359.8015122873344,2170.257088846881,1615.0529300567107,1823.304347826087,2309.0396975425333,4668.979206049149,3860.4328922495274,2159.500945179584,1575.4102079395086,1514.9413988657845,1561.0775047258978,2220.243856332703,3340.361058601134,5327.952741020794,2619.0434782608695,2324.3232514177694,2928.2003780718337,4868.058601134216,10375.069943289225,7614.34404536862,3693.8468809073725,2430.4404536862003,1810.9905482041588,2245.843100189036,2514.1512287334594,2062.9111531190924,1826.6899810964082,2042.2797731568999,2381.6521739130435,3066.803402646503,1998.0056710775048,1730.468809073724,1659.4914933837429,1742.1587901701323,1981.9470699432893,1808.1134215500945,1629.8260869565217,1713.0037807183364,1708.6654064272211,1637.3724007561436,1474.4385633270322,1693.8771266540643,1542.5349716446124,1503.1190926275992,1470.5992438563328,2442.141776937618,2861.156899810964,4146.039697542533,2314.2287334593575,1664.3837429111531,1422.9281663516067,1671.710775047259,1399.6672967863894,1543.2457466918715,1671.1663516068054,3136.6805293005673,3481.393194706994,2149.0699432892247,1889.8998109640831,3151.398865784499,7887.211720226843,5874.066162570888,2514.4310018903593,1862.6729678638942,1553.5614366729678,1562.6143667296787,1461.1776937618147,1417.8468809073725,1418.65595463138,1668.9810964083176,2330.648393194707,2160.8393194706996,1532.8676748582232,1509.9943289224952,1510.4877126654064,1660.663516068053,1470.164461247637,2228.6257088846883,1978.3724007561436,2736.922495274102,5078.586011342155,6947.928166351607,3155.3232514177694,2105.7712665406425,1718.3799621928167,1637.4593572778829,1427.2854442344046,1947.3572778827977,2176.8090737240077,3361.368620037807,3223.998109640832,2021.6389413988659,1559.7750472589792,1427.773156899811,1216.3345935727789,1306.773156899811,1168.296786389414,1301.820415879017,1378.7429111531192,1847.7164461247637,1290.5992438563328,1211.8147448015122,1053.7202268431001,1140.1739130434783,1058.3459357277882,1165.0132325141776,1096.094517958412,1317.461247637051,1285.788279773157,2052.4045368620036,2788.553875236295,7439.143667296787,9845.243856332703,5212.540642722117,3013.2854442344046,1978.2003780718337,1377.680529300567,1388.3459357277882,1494.695652173913,1516.266540642722,1193.6162570888469,1308.6843100189035,1144.5916824196597,1281.4820415879017,1649.0793950850662,2644.0756143667295,2208.718336483932,1711.0680529300566,1418.8714555765596,1485.2722117202268,1249.914933837429,1316.1417769376183,1243.5066162570888,1435.0207939508507,1364.0434782608695,1545.0434782608695,1349.1001890359169,1553.9376181474481,1748.7448015122873,2041.4404536862003,2152.788279773157,2431.7674858223063,1612.3950850661627,1532.7769376181475,1300.3534971644613,1364.2041587901701,1332.7637051039696,1787.1304347826087,2189.1814744801513,1779.1474480151228,1371.4026465028355,1414.8090737240075,1391.9829867674857,1407.82797731569,1159.748582230624,1151.5803402646502,1316.500945179584,1401.9357277882798,1290.2362948960304,1753.1587901701323,1484.2060491493385,1561.8846880907372,1724.7051039697542,1626.431001890359,1481.6710775047259,1591.4083175803403,1492.5992438563328,1792.1776937618147,1581.2476370510396,2173.8449905482044,1698.4045368620039,1442.2684310018903,1320.4669187145557,1837.625708884688,1208.3383742911153,1391.7051039697542,1257.9092627599243,1443.7769376181475,1486.1039697542533,1589.568998109641,1466.4120982986767,1517.7788279773156,1273.773156899811,1365.9262759924386,1436.1758034026466,1517.9092627599243,1238.8960302457467,1367.3327032136106,1629.4971644612476,1743.4120982986767,2088.502835538752,1863.9962192816636,1637.0037807183364,1555.914933837429,1356.8809073724008,1492.2703213610587,1374.6994328922494,1498.7750472589792,1294.2551984877127,1408.446124763705,1461.069943289225,1484.8336483931946,1280.8563327032136,1413.476370510397,1303.4234404536862,1807.7844990548203,1318.693761814745,1542.9584120982986,1676.7561436672968,2092.6521739130435,1561.2041587901701,1684.6843100189035,1987.4744801512288,3711.5406427221174,3207.393194706994,4440.926275992439,2947.6465028355387,2295.8809073724005,1735.7088846880908,1557.4385633270322,1442.1909262759925,1571.9224952741022,1264.0661625708885,1354.8790170132324,1223.8260869565217,1407.3459357277882,1424.1493383742911,2036.6578449905483,2806.693761814745,2762.5727788279773,3481.3100189035918,3378.897920604915,2172.7088846880906,1932.0434782608695,1774.6275992438564,2146.5425330812855,3315.357277882798,3095.007561436673,1833.359168241966,1714.039697542533,1439.5103969754252,1540.3648393194708,1649.3818525519848,1609.5879017013233,1434.3799621928167,1557.7448015122873,1410.8015122873346,1632.945179584121,1974.9470699432893,3364.3459357277884,6024.272211720227,4874.769376181474,3087.7618147448015,2904.111531190926,2201.257088846881,1841.7599243856332,1647.1909262759925,1919.0226843100188,1777.663516068053,1858.805293005671,2686.2325141776937,4907.130434782609,2909.8393194706996,2241.453686200378,2398.5500945179583,3053.296786389414,2879.9565217391305,2319.2608695652175,2796.10775047259,5403.38752362949,3150.149338374291,2681.9886578449905,3373.835538752363,6473.525519848771,11192.030245746691,6465.017013232514,3463.1814744801513,2669.6370510396973,2472.593572778828,2384.765595463138,2227.436672967864,2240.5274102079393,2710.6143667296787,6095.427221172023,4667.66729678639,4030.3950850661627,4878.491493383743,3386.5708884688092,2360.758034026465,2356.557655954631,3487.7693761814744,6028.786389413988,5480.470699432893,3298.529300567108,2311.179584120983,1900.1909262759925,1634.2173913043478,2134.4347826086955,3788.7126654064273,4050.3799621928165,3644.916824196597,5867.888468809074,4692.421550094518,3838.332703213611,4804.93572778828,9591.78449905482,11054.260869565218,7304.103969754254,5475.289224952741,3394.810964083176,2307.5671077504726,1969.4177693761815,1736.1493383742911,2122.7863894139887,1799.476370510397,1924.266540642722,2714.028355387524,2236.0396975425333,1704.4952741020793,1717.6351606805292,1598.1758034026466,2038.5198487712667,2391.3232514177694,2531.68809073724,2401.0378071833647,2827.6143667296787,5227.1852551984875,16132.045368620038,23163.58979206049,12520.606805293006,7709.113421550094,6149.73156899811,7272.568998109641,10434.701323251418,6754.100189035917,7625.909262759925,5224.7939508506615,4503.086956521739,4039.4820415879017,3180.807183364839,2329.531190926276,2159.6200378071835,2082.38752362949,3334.0189035916824,2742.4650283553874,3316.523629489603,4632.742911153119,3829.423440453686,2840.1190926275995,2193.9281663516067,1695.875236294896,1755.0793950850662,1686.9981096408317,1962.6275992438564,1845.0793950850662,2155.8166351606806,3399.6748582230625,3151.803402646503,2988.2835538752365,3238.9092627599243,2402.8563327032134,3195.8260869565215,3081.5916824196597,2328.3969754253308,1869.733459357278,2335.234404536862,1917.897920604915,3424.9621928166353,9145.398865784498,7604.578449905482,4056.1531190926275,2790.2986767485822,2293.51606805293,2752.296786389414,2320.508506616257,2108.780718336484,1924.6748582230623,2813.3194706994327,2453.858223062382,2545.6597353497164,2328.797731568998,2370.3100189035918,3020.75236294896,7045.374291115312,12970.207939508507,9834.884688090737,11104.083175803402,6021.724007561436,3788.7088846880906,2841.5897920604916,2083.31190926276,1848.0132325141776,1678.6975425330813,1808.553875236295,1815.2835538752363,2093.4083175803403,2067.1039697542533,2633.289224952741,2060.561436672968,2574.8733459357277,3017.0982986767485,2407.65595463138,1896.2173913043478,1794.0756143667297,1768.3572778827977,2157.304347826087,2641.170132325142,4521.393194706994,10537.727788279773,8700.587901701323,4505.531190926276,3693.45179584121,4305.805293005671,3320.546313799622,2351.551984877127,2440.1739130434785,2988.5425330812855,2570.897920604915,3131.7353497164463,6211.23629489603,9682.59168241966,6311.491493383743,3505.8487712665406,2607.028355387524,2283.111531190926,2087.538752362949,1612.710775047259,1660.3780718336484,1418.4952741020793,1891.8506616257089,1416.9659735349717,1856.4744801512288,2005.984877126654,1967.4650283553876,2549.3251417769375,2304.805293005671,1855.9508506616257,2285.5274102079393,2126.7202268431,2083.6994328922497,2511.998109640832,2473.829867674858,1823.4801512287333,1954.446124763705,2214.1455576559547,4023.0586011342157,8691.497164461247,6067.381852551985,5111.7069943289225,3560.610586011342,2929.6578449905483,2422.332703213611,1787.0623818525519,1749.648393194707,1796.2381852551985,1903.6389413988659,1989.4801512287333,3550.2930056710775,9079.867674858224,6890.604914933838,4442.196597353497,3990.2457466918713,3607.0056710775048,6383.482041587902,5745.0756143667295,7172.034026465029,17115.08506616257,14535.958412098298,8356.879017013232,6573.737240075614,4251.671077504726,3686.7863894139887,4417.835538752363,3860.0718336483933,2680.381852551985,2630.1852551984875,3636.493383742911,7231.4404536862,6959.410207939509,4213.512287334594,3073.364839319471,2915.9810964083176,4251.383742911153,8260.886578449905,5922.2514177693765,5524.432892249527,3940.351606805293,3124.391304347826,2904.3950850661627,4641.841209829868,9604.593572778827,11756.41965973535,12876.788279773156,8709.519848771266,5218.697542533081,3911.491493383743,2860.8260869565215,2965.361058601134,3463.3534971644613,2579.9905482041586,2260.867674858223,2486.48393194707,2395.5746691871454,1999.1436672967864,1724.3875236294896,1777.6975425330813,1436.6124763705104,1582.8846880907372,1899.179584120983,2604.618147448015,3464.398865784499,6377.003780718336,10038.442344045368,18320.627599243857,11359.175803402646,8049.61247637051,9212.578449905483,7083.786389413988,7856.979206049149,12672.151228733459,7243.429111531191,4756.187145557656,3352.0151228733457,2768.17202268431,2067.109640831758,2273.2003780718337,1685.890359168242,1831.2022684310018,2481.0964083175804,6485.485822306238,17640.145557655953,12753.228733459357,7934.487712665406,5729.867674858223,4268.914933837429,4248.374291115312,6465.024574669187,18189.10018903592,34418.86011342155,20459.175803402646,12628.18147448015,10385.234404536863,6814.831758034026,5452.5557655954635,5721.502835538752,4258.521739130435,4521.234404536862,4127.4026465028355,3165.243856332703,2932.3969754253308,2378.710775047259,2731.82797731569,3089.141776937618,2941.0756143667295,4332.4896030245745,13594.95652173913,29079.434782608696,19559.01134215501,11522.04347826087,7726.962192816635,6132.922495274102,8204.93572778828,15430.221172022684,20503.873345935728,17310.455576559547,16684.53875236295,14168.066162570889,9424.754253308129,7863.78449905482,7190.396975425331,4800.255198487713,3144.551984877127,2528.0132325141776,2244.2797731569,1930.3497164461248,2102.778827977316,2542.8223062381853,3083.7296786389416,4380.353497164461,3374.028355387524,2487.3761814744803,2223.499054820416,2050.2381852551985,2129.703213610586,1871.4725897920605,2367.31190926276,2620.992438563327,2252.2665406427222,1790.156899810964,2214.780718336484,2420.7145557655954,3949.803402646503,5543.313799621928,4388.009451795841,3702.9300567107753,6617.281663516068,8979.4404536862,9268.797731568999,10622.40831758034,6760.810964083175,7517.572778827977,17178.285444234403,14621.882797731569,13731.045368620038,10908.695652173914,6781.115311909262,5069.041587901701,4260.844990548204,3343.89224952741,3025.1436672967866,2901.943289224953,3002.810964083176,2432.381852551985,2600.9792060491495,3071.0189035916824,4562.109640831758,8418.716446124763,17221.659735349716,18907.209829867676,11810.59168241966,7473.196597353497,7308.060491493384,10071.756143667297,9000.461247637051,5924.77504725898,5501.448015122874,4196.037807183365,3522.9735349716448,3367.506616257089,2678.2986767485822,1982.4272211720227,1872.0283553875236,1664.351606805293,1738.7088846880908,1483.3648393194708,1746.3383742911153,2689.4725897920607,5772.572778827977,16968.35538752363,17842.19281663516,10945.604914933838,7663.77504725898,5910.699432892249,6043.465028355387,4989.8393194707,3906.506616257089,3496.001890359168,3481.7618147448015,3136.3156899810965,4112.298676748582,4309.671077504726,3093.9111531190924,3087.7769376181473,6118.920604914933,4147.914933837429,2928.6465028355387,2149.2287334593575,2276.7221172022682,2705.748582230624,2768.2911153119094,2347.9621928166353,2818.415879017013,3401.5368620037807,3138.805293005671,4736.062381852552,14549.302457466918,13663.930056710775,8939.18147448015,9985.597353497164,8856.412098298677,6496.6427221172025,7761.353497164461,6236.799621928167,3971.521739130435,2723.189035916824,2415.916824196597,1896.2022684310018,2091.7448015122873,2535.45179584121,2578.170132325142,2199.8449905482044,2071.476370510397,1808.8071833648394,1832.3818525519848,2069.0056710775048,2777.196597353497,1823.0472589792062,1712.693761814745,1457.523629489603,1454.2930056710775,1565.0075614366729,1798.570888468809,1718.7069943289225,1970.2570888468808,1617.2551984877127,1664.2457466918715,1648.9187145557655,2102.884688090737,2161.499054820416,2069.6502835538754,2718.9054820415877,4566.907372400756,4118.7069943289225,3059.38752362949,2227.58034026465,1883.8393194706994,1621.6332703213611,1745.7410207939508,1569.9338374291115,1722.960302457467,1656.0075614366729,1676.8884688090736,2223.3251417769375,2829.8166351606806,5126.325141776938,5544.725897920605,3785.3213610586013,4291.756143667297,7705.646502835539,7525.347826086957,5511.833648393194,4799.073724007561,6383.939508506616,6012.404536862004,5070.037807183365,5434.113421550094,4331.5557655954635,3512.937618147448,4952.183364839319,5295.485822306238,7162.931947069943,11790.875236294896,7704.241965973535,5979.954631379962,6335.913043478261,5010.120982986768,4124.954631379962,3096.7674858223063,2213.8317580340263,2076.275992438563,2239.51606805293,4432.202268431002,5621.618147448015,5016.517958412098,3997.0094517958414,2899.2911153119094,2369.9565217391305,3015.5897920604916,2687.5122873345936,2733.109640831758,2064.502835538752,1960.7826086956522,2353.111531190926,5168.361058601135,4983.431001890359,3756.1134215500947,2802.922495274102,3142.3005671077503,3826.9565217391305,4589.616257088847,6078.166351606806,10030.07561436673,6491.896030245746,6289.313799621928,8510.822306238186,10141.593572778827,9280.892249527411,14011.206049149338,9002.922495274102,5759.285444234404,4397.281663516068,3439.2533081285446,2331.8941398865786,1865.9262759924386,1441.2249527410208,1403.51606805293,1278.8128544423441,1614.9130434782608,2672.4045368620036,4028.79584120983,2954.7126654064273,2780.5708884688092,2779.3459357277884,3969.1550094517956,12160.852551984877,19503.82608695652,12065.266540642722,9128.232514177695,8847.671077504727,12653.444234404536,8590.056710775047,5785.665406427222,5634.621928166352,4201.519848771267,3034.890359168242,2850.952741020794,5367.281663516068,12346.905482041588,12545.950850661626,7709.2514177693765,4893.2797731569,3937.179584120983,3909.3402646502836,3721.756143667297,3204.3553875236294,5532.894139886578,7769.894139886578,12160.30056710775,11269.190926275993,24389.79395085066,29771.476370510398,19408.977315689983,14719.652173913044,21963.421550094517,18688.43100189036,13125.21550094518,8708.156899810963,6447.512287334594,5056.981096408317,3974.9546313799624,2797.6843100189035,2531.6918714555763,3359.6805293005673,8825.264650283554,13830.971644612477,9539.756143667297,8373.468809073724,18727.540642722117,22616.578449905483,14913.909262759924,10517.221172022684,11411.020793950851,17312.682419659734,20561.194706994327,28772.491493383743,18992.835538752362,11447.724007561437,7577.584120982987,5261.8374291115315,3882.0396975425333,3500.7844990548206,4100.79584120983,2931.217391304348,2393.381852551985,1962.7429111531192,2379.030245746692,2943.829867674858,4930.587901701323,15329.72211720227,18068.283553875237,11152.045368620038,8543.746691871456,7272.945179584121,5424.769376181474,3760.453686200378,3013.389413988658,3119.1285444234404,9082.771266540643,16110.285444234405,10596.342155009452,10085.249527410208,11101.856332703213,8569.894139886579,14817.91304347826,14654.05293005671,9154.368620037807,5708.179584120983,4068.6767485822306,3456.1852551984875,2879.998109640832,1995.6162570888469,1749.7637051039696,1521.3270321361058,1487.8449905482041,1470.6446124763704,1563.6899810964082,1809.4158790170131,2230.8241965973534,1743.13988657845,2222.3421550094517,1976.3156899810965,1967.3553875236296,2134.884688090737,2248.850661625709,2182.820415879017,1968.1323251417768,1614.5500945179583,1794.48393194707,1682.7448015122873,1802.289224952741,1502.4234404536862,1404.51606805293,1442.570888468809,1530.0793950850662,2197.765595463138,4175.761814744801,4380.03213610586,5567.400756143667,11494.147448015123,8700.302457466918,5978.54820415879,5565.056710775048,5991.79584120983,4466.051039697542,3224.8809073724005,2828.8998109640834,2388.945179584121,2674.765595463138,3401.361058601134,6692.156899810964,12936.49338374291,9298.58034026465,5940.958412098299,4925.863894139887,7366.691871455577,10305.930056710775,14296.336483931947,14689.608695652174,15160.370510396975,9503.357277882798,6356.931947069943,5409.130434782609,4265.508506616257,3074.0642722117204,2389.7334593572778,2290.8544423440453,2539.788279773157,6250.724007561436,6520.359168241966,6719.852551984877,7206.51606805293,6499.4442344045365,4822.969754253309,4250.461247637051,3351.196597353497,2668.2608695652175,2328.7221172022682,2374.5122873345936,2330.3761814744803,3892.468809073724,10619.081285444234,9658.062381852553,6858.391304347826,6602.637051039697,11395.809073724007,25351.512287334594,19300.480151228734,12212.508506616257,8304.879017013232,6224.448015122874,4887.691871455577,5666.372400756144,16367.918714555766,28240.432892249526,22275.187145557655,15086.710775047259,9906.8809073724,7310.990548204159,6795.699432892249,14080.190926275993,15409.523629489602,17545.268431001892,27274.336483931947,19834.47069943289,16448.31001890359,26004.351606805292,20836.402646502836,13115.682419659735,8407.901701323251,5850.977315689981,4417.122873345936,3270.132325141777,2349.1776937618147,2572.9546313799624,3695.48393194707,8973.109640831757,19505.145557655953,13963.25897920605,8755.852551984877,6855.298676748582,5812.691871455577,4276.499054820416,2951.8166351606806,2680.6521739130435,4400.041587901701,6609.32325141777,15977.315689981097,27488.735349716448,24927.32514177694,15217.555765595464,10237.710775047259,9748.534971644613,7106.081285444235,4700.364839319471,3584.8638941398867,3329.0207939508505,3838.2948960302456,6416.092627599244,5136.61247637051,3744.102079395085,2902.4801512287336,3252.102079395085,9259.854442344045,12791.63516068053,10814.137996219282,7548.181474480151,5210.088846880907,5074.669187145558,3700.635160680529,2943.9735349716448,2530.0756143667295,2492.275992438563,3586.7126654064273,11487.272211720227,11534.391304347826,7412.327032136106,5220.247637051039,5196.5973534971645,9135.289224952741,21413.370510396977,21168.92438563327,13414.965973534972,8938.99054820416,6173.049149338374,4327.599243856333,3512.6275992438564,4129.754253308129,4411.005671077504,6698.773156899811,12501.91304347826,8472.293005671077,6518.797731568998,5963.884688090738,4568.712665406427,3163.897920604915,2796.438563327032,2621.5349716446126,2494.8941398865786,2194.765595463138,3446.952741020794,8490.234404536863,13187.317580340265,9284.015122873347,7868.68809073724,5148.453686200378,3721.366729678639,2893.8752362948962,2554.750472589792,2332.366729678639,5091.264650283554,16578.01890359168,23760.308128544424,16552.049149338374,10171.4404536862,6593.954631379962,4732.274102079395,3325.275992438563,2613.0434782608695,2339.587901701323,3068.306238185255,2754.7712665406425,3128.3005671077503,3561.3232514177694,7330.183364839319,18125.98676748582,21163.15122873346,17250.57088846881,14604.170132325142,19005.937618147447,13603.175803402646,8278.3213610586,5688.060491493384,4291.633270321361,3544.6540642722116,3086.9187145557657,2975.661625708885,4276.287334593573,4346.090737240075,3466.20415879017,4813.752362948961,11073.754253308129,8476.99054820416,5459.570888468809,5324.971644612477,7298.1417769376185,5843.058601134216,7111.245746691871,13431.916824196598,9739.965973534972,6530.759924385633,4487.468809073724,4663.434782608696,12714.417769376181,15137.001890359168,10210.27788279773,6878.240075614367,5002.769376181474,5067.364839319471,6908.572778827977,7426.523629489603,5092.8582230623815,4526.234404536862,3036.5274102079393,2607.8733459357277,2646.523629489603,2309.249527410208,2106.4801512287336,1899.209829867675,1560.34404536862,1466.8393194706994,1604.523629489603,2082.8468809073725,1700.9489603024574,1657.3497164461248,1390.9981096408317,1852.0453686200378,3674.6370510396973,4206.342155009452,3813.3156899810965,5574.015122873346,4927.952741020794,5906.04347826087,11528.1190926276,8588.582230623819,5684.2930056710775,4659.202268431002,9868.597353497164,11976.969754253309,7238.54820415879,4771.4669187145555,3624.7069943289225,4308.258979206049,4411.512287334594,3612.4328922495274,4792.735349716446,13420.219281663516,10799.858223062382,7420.761814744801,6894.782608695652,14151.977315689981,11454.217391304348,7256.321361058601,4775.030245746691,4241.2287334593575,3385.6786389413987,2923.4555765595464,2063.672967863894,1787.1909262759925,2476.5198487712664,2874.7088846880906,2205.226843100189,2187.0982986767485,1847.8147448015122,1663.5765595463138,1321.306238185255,1367.2476370510396,1317.680529300567,2109.9640831758034,2274.920604914934,2297.7901701323253,2712.2060491493385,2464.9905482041586,1961.7561436672968,1889.5671077504726,2137.413988657845,2325.1531190926275,1633.7523629489604,1839.0812854442345,2493.969754253308,3349.7939508506615,4252.96786389414,4982.03213610586,4153.1606805293,4538.78449905482,3768.2533081285446,4455.37618147448,3270.9810964083176,3493.219281663516,3472.5973534971645,2811.3175803402646,2257.7051039697544,2063.922495274102,2084.4253308128546,3268.4801512287336,8029.0,8312.406427221173,5461.846880907372,3796.6805293005673,2741.0982986767485,2166.7466918714554,1709.9754253308129,1705.9035916824196,1505.2381852551985,1649.905482041588,1580.13988657845,2146.0415879017014,2223.3761814744803,2212.5727788279773,1936.6446124763704,2008.5482041587902,3256.538752362949,5495.1625708884685,5728.1625708884685,5706.869565217391,4905.631379962193,7404.810964083175,18382.134215500944,14137.094517958412,9291.013232514179,6929.156899810964,5540.561436672968,3679.4347826086955,2557.221172022684,2157.9035916824196,1951.34404536862,1792.748582230624,1463.2173913043478,1570.9716446124764,1796.5576559546314,2503.9584120982986,3194.7221172022682,4111.40831758034,2802.943289224953,2165.0264650283552,1652.8449905482041,1536.351606805293,1297.0982986767485,1890.2041587901701,2126.8468809073725,1930.7088846880908,1573.9659735349717,2626.2003780718337,2657.555765595463,2198.0756143667295,2034.9659735349717,2299.366729678639,1959.7561436672968,1634.5916824196597,1322.0189035916824,1309.7202268431001,1146.0604914933838,1437.4952741020793,1488.1531190926275,1531.4574669187145,1341.8525519848772,1317.0926275992438,1157.8128544423441,1247.085066162571,1153.4801512287333,1459.2211720226844,1228.735349716446,1455.9565217391305,1712.0775047258978,2036.2476370510396,4127.990548204159,6461.982986767486,5524.128544423441,3744.7164461247635,2478.1058601134214,2154.187145557656,1870.3024574669187,1833.8865784499055,1674.2457466918715,1627.5576559546314,1386.7145557655954,1499.3270321361058,1766.4499054820417,3754.5406427221174,14046.64461247637,12686.069943289225,8043.077504725898,6015.013232514178,4638.544423440454,3204.7353497164463,2200.5368620037807,2246.149338374291,3437.249527410208,2759.3742911153117,2043.9130434782608,1789.8620037807184,1474.7977315689982,1393.5576559546314,1273.5274102079395,1838.0472589792062,3242.3213610586013,3220.9508506616257,2192.5122873345936,1913.9489603024574,2100.0094517958414,2612.0207939508505,2133.65595463138,2037.1039697542533,1579.6918714555766,1569.4933837429112,1281.4404536862003,1363.0472589792062,1617.0680529300566,3635.6899810964082,2894.5689981096407,2149.0926275992438,1647.2060491493385,1745.1776937618147,2213.1531190926275,2039.249527410208,1554.62381852552,1507.788279773157,1160.8487712665406,1152.0831758034026,1195.5973534971645,1270.030245746692,1429.0907372400757,2320.03213610586,5836.491493383743,6842.752362948961,4596.5538752362945,3995.525519848771,5127.404536862004,5449.773156899811,3755.6521739130435,4558.939508506616,3340.4574669187145,2659.2362948960304,1904.905482041588,1647.820415879017,1330.8071833648394,1370.9981096408317,1140.6162570888469,1306.3081285444234,1210.485822306238,1520.5992438563328,1876.9262759924386,2385.546313799622,1874.241965973535,1661.0869565217392,1511.0037807183364,2212.2646502835537,2986.7693761814744,4817.500945179584,18276.030245746693,35892.918714555766,22931.724007561435,13334.633270321361,8338.60302457467,5488.599243856333,3370.9735349716448,2366.0415879017014,1648.8544423440453,1560.805293005671,1387.069943289225,1502.6068052930057,1592.5633270321362,1726.1134215500945,1564.3931947069943,1602.461247637051,1809.1682419659735,2364.5179584120983,1959.5916824196597,1864.3875236294896,1519.7561436672968,1634.62381852552,1761.499054820416,1985.4517958412098,1733.3667296786389,1806.0869565217392,1539.9281663516067,1596.4877126654064,1601.431001890359,2595.202268431002,4531.126654064272,14115.610586011342,29661.952741020796,18953.02079395085,10742.523629489602,7123.340264650284,4569.977315689981,3654.1606805293004,4136.035916824197,4529.7485822306235,4056.5500945179583,2942.192816635161,2115.648393194707,2172.2136105860113,3066.221172022684,7948.155009451796,26529.52741020794,19989.553875236295,10975.446124763705,7277.073724007561,5136.294896030246,4054.852551984877,2859.843100189036,2422.0982986767485,3171.0207939508505,4096.137996219281,2724.9640831758034,2348.3534971644613,2142.8941398865786,2022.1758034026466,2151.0151228733457,2268.7448015122873,1795.3024574669187,1600.6465028355387,1397.8071833648394,1385.0604914933838,1518.7637051039696,1849.7145557655954,2476.4310018903593,3662.4083175803403,3515.5122873345936,2617.502835538752,1985.7372400756144,1799.2533081285444,1388.9792060491493,1337.9565217391305,1211.3383742911153,1331.0567107750473,1161.8544423440453,1220.820415879017,1191.3705103969755,1254.9943289224952,1237.226843100189,1376.0113421550095,1074.6143667296787,1134.6918714555766,1038.803402646503,1254.37618147448,1440.0321361058602,1895.0586011342155,1506.6049149338373,1446.5085066162571,1747.8412098298677,1926.5519848771266,1461.8714555765596,1326.094517958412,1324.5066162570888,1510.0283553875236,1609.6672967863894,1507.0737240075614,1166.9810964083176,1192.179584120983,1142.5085066162571,1498.9981096408317,1327.3610586011341,1259.765595463138,1169.5614366729678,1422.733459357278,1806.4083175803403,3293.665406427221,2270.4347826086955,1858.7637051039696,1819.7277882797732,2774.5916824196597,1934.500945179584,1580.7051039697542,1283.6597353497164,1292.9508506616257,1358.1228733459357,1605.0510396975426,1374.1984877126654,1945.219281663516,1703.718336483932,1458.6918714555766,1193.3837429111531,1195.6672967863894,1147.1304347826087,1616.1285444234404,5146.436672967864,5842.761814744801,3594.289224952741,2886.1587901701323,2157.1776937618147,1706.8374291115313,1796.593572778828,1944.0567107750473,1559.7769376181475,1521.1379962192816,1366.3629489603024,1287.2155009451797,1199.3705103969755,1756.398865784499,1923.6502835538752,1692.4328922495274,2351.3421550094517,2673.4291115311908,1740.7977315689982,1554.0982986767485,1212.0510396975426,1226.413988657845,1282.234404536862,2511.742911153119,12102.638941398865,12241.561436672968,7511.5330812854445,4973.1625708884685,4171.223062381852,5671.240075614367,3535.194706994329,2290.0434782608695,1937.1361058601135,2751.8865784499053,2180.3856332703213,1646.1474480151228,1246.51606805293,1226.3875236294896,1129.296786389414,1205.2551984877127,1100.6843100189035,1193.6313799621928,1362.4423440453686,1946.5482041587902,6882.262759924386,19408.207939508506,14945.221172022684,7906.727788279773,4604.257088846881,2930.275992438563,1854.2041587901701,1837.7844990548203,2329.610586011342,1945.1814744801513,1629.7202268431001,2065.13988657845,1796.264650283554,1624.5255198487712,1312.4650283553876,1454.13988657845,1562.3686200378072,1571.429111531191,1877.750472589792,4107.9470699432895,6507.155009451796,5814.746691871455,3738.587901701323,2903.3705103969755,4259.862003780719,3820.663516068053,3569.109640831758,3221.2873345935727,2768.41965973535,2165.0113421550095,1637.6465028355387,1463.0472589792062,1262.0207939508507,1251.1909262759925,1039.4971644612476,1075.2079395085066,1027.0359168241966,1120.4555765595462,1022.4763705103969,1195.124763705104,1016.3534971644613,1089.2589792060492,929.5576559546314,1064.4045368620039,1095.1682419659735,1314.9962192816636,1185.446124763705,1220.6862003780718,1210.2438563327032,1935.2533081285444,2028.7750472589792,2554.3534971644613,2581.9262759924386,2348.8752362948962,2055.109640831758,1767.5954631379961,1721.9338374291115,2570.383742911153,3732.557655954631,3381.2854442344046,2717.7126654064273,2367.758034026465,1872.164461247637,1651.6427221172023,1387.2551984877127,1335.7693761814744,1203.48393194707,1529.1758034026466,4017.9243856332705,7227.051039697542,4780.406427221172,3230.663516068053,2071.6899810964082,1835.1663516068054,2896.7391304347825,2805.697542533081,2032.274102079395,2667.304347826087,7756.603024574669,10838.803402646503,10106.53686200378,5807.164461247637,3411.5274102079393,2430.4952741020793,1788.34404536862,2421.497164461248,6112.905482041588,4908.412098298677,2741.3780718336484,1908.6710775047259,1394.406427221172,1295.1493383742911,1512.2684310018903,2994.971644612476,3008.054820415879,2892.587901701323,2096.258979206049,2399.2948960302456,7136.304347826087,11808.457466918715,13648.306238185256,7629.117202268431,4129.7069943289225,3291.7693761814744,4981.614366729678,15425.007561436672,10404.429111531192,5273.094517958412,3936.718336483932,3360.1039697542533,1968.7939508506615,1654.9206049149338,1283.5274102079395,1389.9584120982986,1584.4385633270322,1476.2948960302458,1332.9905482041588,1610.0226843100188,1499.4517958412098,1981.3327032136106,4024.7202268431,3156.7296786389416,1770.8468809073725,1455.3705103969755,1134.219281663516,1245.9073724007562,1549.0321361058602,1388.4517958412098,1096.3251417769377,1333.3950850661627,1846.5973534971645,2089.9905482041586,1774.476370510397,2644.8809073724005,2047.882797731569,2027.3289224952741,4614.226843100189,4171.843100189036,2613.476370510397,1925.102079395085,1528.2589792060492,3341.5274102079393,3398.7448015122873,2275.1361058601133,2203.0056710775048,3327.797731568998,2814.553875236295,3373.4820415879017,3207.10775047259,3004.3969754253308,5529.058601134216,10349.672967863895,6755.417769376181,3782.703213610586,2232.0359168241966,1812.1531190926275,1333.5614366729678,1288.241965973535,1138.9584120982986,1234.6049149338373,1380.1228733459357,3133.51606805293,6854.213610586012,4947.334593572778,2831.0926275992438,3683.332703213611,10928.943289224953,9346.336483931947,4622.66729678639,2986.8412098298677,2692.3742911153117,3917.9659735349715,3950.217391304348,3309.0964083175804,2292.6143667296787,1718.2930056710775,1206.304347826087,1082.0604914933838,1055.5595463137997,1215.3837429111531,1061.5482041587902,1048.8298676748582,1206.7863894139887,1941.0056710775048,1786.7145557655954,1642.2873345935727,2022.7429111531192,4035.635160680529,3476.555765595463,2462.7051039697544,1840.2778827977315,4896.2287334593575,12814.625708884689,19064.230623818527,11820.94706994329,5267.438563327032,2526.9111531190924,1689.2948960302458,1217.1379962192816,1597.6672967863894,1484.4669187145557,1323.5576559546314,1096.8809073724008,1145.8317580340265,1031.570888468809,1119.1304347826087,1077.9962192816636,1357.4196597353498,1503.6597353497164,2694.6540642722116,12404.417769376181,21916.63327032136,12207.347826086956,5330.155009451796,2785.7863894139887,1838.3629489603024,1327.1361058601135,1369.1625708884687,1287.7788279773156,1267.7637051039696,1162.0869565217392,1175.8128544423441,1237.570888468809,1492.9886578449905,1697.9716446124764,1690.7844990548203,1414.5595463137997,1499.4083175803403,1594.2911153119092,3877.9943289224952,14454.531190926276,28984.198487712667,22443.627599243857,9720.922495274102,4282.143667296787,2507.258979206049,1813.9754253308129,1859.3497164461248,1398.4914933837429,1268.5085066162571,1174.4196597353498,1248.969754253308,1103.5463137996219,1201.6616257088847,992.6219281663516,1020.6275992438564,1150.9470699432893,1174.5803402646502,1086.4725897920605,1442.3459357277882,3940.4007561436674,6244.6843100189035,3542.1984877126656,1933.6294896030245,1273.0453686200378,1226.4650283553876,1407.5879017013233,1444.7712665406427,1157.9659735349717,1237.3553875236296,1096.1039697542533,1235.9111531190927,1134.0207939508507,1285.780718336484,1352.4272211720227,1500.13988657845,1292.5122873345936,1357.8015122873346,1203.6843100189035,1254.085066162571,1232.0737240075614,3129.521739130435,7888.476370510397,7211.862003780719,3240.9584120982986,1828.9470699432893,1223.8298676748582,1099.6521739130435,1153.8846880907372,1618.9187145557655,2213.412098298677,6371.659735349716,8781.08506616257,5253.122873345936,2571.234404536862,1706.4158790170131,1279.735349716446,1352.2306238185256,1156.2948960302458,1158.9338374291115,1050.6049149338373,1202.9924385633271,1313.7712665406427,1682.251417769376,1555.1039697542533,1871.748582230624,4901.117202268431,17614.44234404537,22790.25708884688,12447.83742911153,5721.015122873346,3307.68809073724,1876.7863894139887,1441.9243856332703,1026.429111531191,1117.3724007561436,956.0945179584121,1014.4555765595463,980.5614366729678,1283.640831758034,3061.234404536862,4641.491493383743,3052.45179584121,1744.0189035916824,1217.179584120983,1134.6200378071833,990.1398865784499,1060.5765595463138,927.4725897920605,1052.2060491493385,903.8298676748582,1086.7712665406427,1030.820415879017,1091.5992438563328,1099.2873345935727,1113.0321361058602,981.5708884688091,1268.9432892249527,1738.780718336484,6626.45179584121,17895.202268431003,23321.97920604915,12850.939508506617,5747.824196597354,2867.7391304347825,1873.8260869565217,1202.124763705104,1169.9092627599243,1005.8166351606806,1081.8336483931946,890.0302457466919,990.7372400756144,1046.34404536862,1086.945179584121,987.1531190926275,1048.4593572778829,946.9829867674858,1055.6843100189035,938.952741020794,1075.2570888468808,1593.7277882797732,2662.7844990548206,3033.6219281663516,2085.6767485822306,1289.5595463137997,1138.9905482041588,956.4310018903592,1064.015122873346,927.1644612476371,1036.444234404537,949.5160680529301,1016.8865784499055,1011.2684310018903,1158.431001890359,1127.2570888468808,1163.476370510397,1019.7145557655955,1130.2722117202268,997.8355387523629,1147.0283553875236,1079.5576559546314,1122.6502835538752,931.3610586011342,1019.3988657844991,1073.281663516068,1016.4839319470699,979.5368620037807,1108.7126654064273,1164.1134215500945,1797.8412098298677,2217.412098298677,2735.187145557656,1874.0207939508507,1340.389413988658,1000.3875236294896,1022.0964083175803,947.007561436673,1041.4234404536862,875.3194706994329,1018.0,1012.413988657845,1271.4480151228734,1231.2948960302458,1156.555765595463,1000.3875236294896,1067.9489603024574,1004.8449905482041,1080.663516068053,934.1361058601134,1076.3553875236296,950.7202268431001,1086.4120982986767,997.8431001890359,1039.48393194707,911.0094517958412,1047.1342155009452,1150.5482041587902,1412.8865784499055,1381.1228733459357,1630.1153119092628,1377.391304347826,1626.9678638941398,1774.8676748582232,1984.485822306238,1443.391304347826,1212.0907372400757,1010.2457466918714,1088.5803402646502,1083.4933837429112,1240.3119092627599,1147.5122873345936,1261.51606805293,1509.9187145557655,2077.975425330813,2449.4404536862003,2432.788279773157,1555.2306238185256,1222.8090737240075,1062.6275992438564,1100.4385633270322,992.8336483931947,1153.875236294896,1075.2589792060492,1314.9659735349717,1400.7996219281663,2448.0718336483933,7483.415879017013,16256.037807183366,23197.909262759924,25620.680529300567,14399.034026465028,6113.59168241966,2689.7164461247635,1851.0264650283555,1394.7466918714556,1468.8960302457467,1621.8317580340265,1924.8676748582232,1850.1758034026466,1685.446124763705,1324.2570888468808,1370.8015122873346,1316.0756143667297,1379.5595463137997,1206.3724007561436,1176.648393194707,988.6994328922495,1097.336483931947,896.1568998109641,1113.5727788279773,958.765595463138,1066.2570888468808,940.2117202268431,976.8147448015122,849.812854442344,938.1190926275992,919.2816635160681,1029.1587901701323,886.9659735349717,1015.1852551984878,1264.608695652174,1387.7410207939508,1300.3251417769377,1454.094517958412,1371.4896030245748,2794.7334593572778,7341.697542533081,11756.998109640832,15600.415879017013,16518.466918714556,9521.72211720227,4088.7126654064273,2150.289224952741,1869.9395085066162,1774.9584120982986
578.6402321083173,501.66924564796903,527.3617021276596,461.4796905222437,589.1044487427466,430.3230174081238,538.4158607350097,523.0522243713733,554.3558994197292,523.3075435203094,580.2649903288201,505.9767891682785,613.8413926499032,474.4642166344294,593.1914893617021,613.7292069632496,652.916827852998,611.605415860735,590.0754352030948,566.3926499032882,606.110251450677,566.6943907156673,675.5551257253385,599.0889748549323,692.5570599613153,675.9709864603482,647.2553191489362,589.8413926499032,639.7659574468086,578.7272727272727,690.6615087040619,608.4448742746615,705.5628626692456,634.504835589942,707.6034816247583,607.4197292069632,728.1721470019343,589.2862669245648,708.7872340425532,596.504835589942,708.715667311412,639.953578336557,625.2417794970986,716.0328820116055,666.514506769826,532.2998065764024,647.0212765957447,723.9497098646035,749.1972920696325,627.4332688588008,719.1276595744681,690.7504835589942,712.504835589942,688.8123791102514,742.384912959381,596.5106382978723,722.4294003868472,651.8355899419729,687.4410058027079,630.5628626692456,698.7079303675048,638.1063829787234,686.0696324951645,622.3249516441006,736.615087040619,654.394584139265,725.8278529980657,669.4506769825919,620.7079303675048,727.1586073500968,678.7524177949709,667.458413926499,724.4719535783365,640.8433268858801,711.963249516441,676.2127659574468,741.0212765957447,677.7408123791103,690.7756286266924,819.7234042553191,770.7504835589942,672.4526112185687,730.2823984526112,715.3636363636364,738.6615087040619,694.3423597678917,779.1914893617021,650.0715667311412,707.6905222437138,710.1257253384913,745.9052224371374,661.1547388781431,777.0174081237911,760.3268858800774,722.5725338491296,746.1702127659574,749.477756286267,723.0657640232108,788.2882011605416,699.3617021276596,788.8007736943907,715.0870406189555,747.7930367504836,704.3752417794971,676.6382978723404,692.3829787234042,808.3733075435204,665.5087040618955,764.4294003868472,699.2959381044487,643.852998065764,835.7176015473888,829.6615087040619,744.1508704061896,774.4410058027079,732.9226305609284,839.605415860735,713.5918762088975,798.1779497098646,768.5454545454545,769.651837524178,774.7330754352031,822.5377176015473,737.0793036750483,794.4139264990329,706.009671179884,767.1276595744681,719.9497098646035,842.4564796905222,794.9187620889749,817.321083172147,760.1044487427466,839.174081237911,736.531914893617,752.7272727272727,738.7446808510638,816.8491295938104,777.9980657640232,819.7814313346229,665.0522243713733,771.1760154738878,690.0406189555126,674.0348162475822,821.3500967117989,857.5299806576402,754.5473887814313,776.1856866537718,773.678916827853,784.1779497098646,796.137330754352,784.8549323017409,725.862669245648,764.9052224371374,744.1450676982591,846.2998065764024,799.42166344294,786.1605415860735,781.9477756286267,764.9806576402322,685.7562862669246,828.504835589942,796.3558994197292,764.1818181818181,776.036750483559,829.8123791102514,772.4042553191489,796.6092843326886,793.9690522243714,846.477756286267,716.816247582205,866.4564796905222,796.7620889748549,841.7698259187621,771.284332688588,739.0328820116055,867.0328820116055,885.9400386847195,774.0928433268858,850.2688588007737,757.2127659574468,894.4661508704062,788.7466150870406,798.9767891682785,798.7001934235976,767.936170212766,754.8297872340426,831.1798839458414,812.9748549323017,793.5764023210832,820.0889748549323,823.3675048355899,808.0541586073501,841.4100580270793,775.411992263056,858.514506769826,765.5493230174081,860.1644100580271,817.7988394584139,826.8394584139265,884.9574468085107,802.9477756286267,831.7040618955513,873.2998065764024,821.4622823984527,849.3829787234042,771.9110251450677,733.880077369439,909.8549323017409,816.4274661508704,832.8704061895551,872.4390715667312,802.8375241779497,860.1276595744681,793.5744680851063,854.0193423597678,811.8220502901354,861.5377176015473,781.9013539651837,816.9593810444874,791.9555125725338,842.0618955512573,838.8491295938104,876.953578336557,810.3520309477756,874.046421663443,862.5899419729207,830.9148936170212,784.4274661508704,816.880077369439,868.57833655706,876.3326885880077,843.4564796905222,866.110251450677,875.889748549323,863.0,871.6092843326886,801.4893617021277,779.119922630561,780.7001934235976,912.5183752417795,865.9941972920697,825.4719535783365,789.4235976789168,816.3288201160542,825.4023210831722,807.1856866537718,849.0328820116055,753.3404255319149,808.6576402321083,833.6634429400386,782.6131528046421,828.5009671179884,767.8839458413927,769.6228239845261,837.936170212766,794.4371373307544,795.6847195357834,807.1025145067698,842.3907156673114,834.9342359767892,832.6827852998066,855.0154738878143,869.9206963249517,763.4352030947775,889.4177949709865,806.9400386847195,842.0676982591876,882.3172147001934,834.009671179884,811.0618955512573,881.1334622823985,944.3307543520309,895.3713733075435,810.0851063829788,944.8181818181819,855.8704061895551,863.9709864603482,865.7311411992263,851.3829787234042,842.7350096711799,880.4042553191489,776.972920696325,813.1450676982591,846.9593810444874,845.9090909090909,880.4177949709865,858.009671179884,875.899419729207,853.6827852998066,779.9767891682785,878.2088974854933,807.588007736944,836.2224371373308,841.3829787234042,873.1895551257253,845.0348162475822,883.9941972920697,798.7524177949709,861.5473887814313,816.9767891682785,861.7427466150871,814.6499032882011,785.7079303675048,974.7756286266924,897.0773694390716,892.1508704061896,831.5338491295938,810.5860735009671,863.1682785299806,838.816247582205,853.3597678916827,885.8413926499032,825.588007736944,834.1121856866538,892.6692456479691,830.8936170212766,910.7911025145067,813.8239845261122,844.6827852998066,866.9497098646035,897.0058027079303,855.4912959381045,897.4448742746615,898.3114119922631,889.495164410058,843.2243713733076,879.3036750483559,891.3114119922631,837.0154738878143,913.8433268858801,913.8781431334622,855.6208897485493,898.926499032882,810.6905222437138,778.3404255319149,1014.1856866537718,1042.230174081238,924.8317214700194,914.9516441005803,907.1218568665378,947.7833655705996,843.9400386847195,917.3539651837524,837.3636363636364,882.1682785299806,938.4603481624758,821.1547388781431,916.1992263056093,974.348162475822,919.2688588007737,958.2456479690522,907.1682785299806,913.852998065764,895.4042553191489,935.4719535783365,937.147001934236,927.5802707930368,888.4255319148937,898.605415860735,887.9477756286267,873.0851063829788,878.8123791102514,926.284332688588,926.6228239845261,930.6286266924565,853.2611218568666,821.0812379110251,957.2205029013539,955.9400386847195,915.4100580270793,938.678916827853,988.9090909090909,1073.007736943907,1007.5493230174081,951.2669245647969,907.7059961315281,911.1025145067698,918.0502901353965,966.046421663443,910.7852998065764,930.3268858800774,971.4332688588008,976.9516441005803,962.4371373307544,983.541586073501,910.321083172147,998.9400386847195,925.9071566731142,976.514506769826,951.715667311412,1018.7930367504836,991.348162475822,943.514506769826,927.9574468085107,958.2959381044487,904.5938104448743,956.2553191489362,920.9052224371374,850.4564796905222,1058.835589941973,946.4003868471954,963.7234042553191,993.0406189555126,938.5454545454545,1022.2533849129594,960.3017408123791,972.1876208897486,1034.0328820116054,1014.5241779497098,940.9671179883945,998.6982591876209,931.6866537717601,943.1586073500968,1000.6847195357834,1061.9516441005803,1026.6015473887815,1068.1914893617022,1001.2205029013539,1020.7833655705996,979.1528046421663,981.6170212765958,1036.9651837524177,989.4893617021277,997.5357833655706,1060.5512572533848,1031.1141199226306,1036.3152804642166,1012.2263056092843,1051.1063829787233,917.8394584139265,973.6170212765958,1194.4216634429401,1020.1025145067698,1102.7930367504835,1070.2243713733076,1028.89748549323,1131.798839458414,1188.2224371373306,1249.2069632495165,1057.3249516441006,1053.2823984526112,977.7137330754352,969.8143133462282,1024.1334622823983,1047.0038684719536,1001.9323017408124,1053.1431334622823,1001.8007736943907,1054.3752417794972,1032.303675048356,1008.1489361702128,988.3617021276596,1080.6112185686654,1004.1179883945841,1066.6170212765958,1116.4932301740812,1070.1257253384913,996.4758220502902,946.6866537717601,956.8549323017409,994.1257253384913,926.4255319148937,950.9187620889749,1077.2553191489362,1086.3249516441006,953.174081237911,1001.9226305609284,1053.2147001934236,1213.6189555125725,1166.1334622823983,1146.3597678916828,971.0309477756286,1020.7678916827853,1008.9129593810445,1046.294003868472,1160.852998065764,1184.1798839458413,1132.0618955512573,997.5531914893617,984.2514506769826,1008.0676982591876,1026.9400386847196,1135.4777562862669,1107.21083172147,1076.936170212766,1025.3017408123792,1048.017408123791,1052.8375241779497,1209.6286266924565,1197.796905222437,1281.019342359768,1106.7814313346228,1084.0212765957447,987.7195357833656,980.9032882011605,1114.5899419729208,1056.8471953578337,977.9516441005803,1085.6982591876208,1090.237911025145,1088.0870406189556,1113.0870406189556,1081.7562862669245,1034.870406189555,1080.6170212765958,1113.4506769825919,1220.0676982591876,1037.6943907156674,1101.2727272727273,1107.9613152804643,1163.7369439071567,1138.7098646034817,1107.1624758220503,1045.936170212766,1233.4564796905222,1156.8491295938104,1102.1508704061896,1079.862669245648,1126.7195357833655,1128.1334622823983,1181.6286266924565,1118.4603481624758,1095.212765957447,1028.4970986460348,1109.230174081238,1044.348162475822,955.3346228239845,1154.3694390715668,1097.129593810445,1065.0058027079303,1084.4235976789168,1091.4197292069632,1169.348162475822,1060.5764023210832,1135.3268858800773,1142.990328820116,1060.9574468085107,1122.5125725338492,1108.6615087040618,986.4081237911025,1149.8027079303674,1077.203094777563,1076.4758220502902,995.3984526112185,1120.7949709864604,1076.100580270793,1063.1121856866537,1067.303675048356,1036.5725338491295,995.1179883945841,1098.203094777563,1057.0889748549323,1083.3558994197292,1084.787234042553,1135.0019342359767,1015.0444874274662,1110.3887814313346,1033.9148936170213,1085.0058027079303,1101.431334622824,1178.3771760154739,1145.0851063829787,1115.10251450677,1187.5647969052225,1277.2263056092843,1157.129593810445,1212.0386847195357,1169.4603481624758,1293.4835589941972,1180.046421663443,1219.6150870406188,1166.7852998065764,1015.852998065764,1100.1702127659576,1213.284332688588,1166.110251450677,1187.1798839458413,1041.8143133462283,1069.5725338491295,1054.907156673114,1267.348162475822,1316.7930367504835,1250.862669245648,1110.394584139265,1037.3752417794972,998.6286266924565,1193.3152804642166,1132.4816247582205,1297.0019342359767,1148.723404255319,1106.0038684719536,1273.1315280464216,1423.936170212766,1278.5725338491295,1150.2804642166345,1029.7717601547388,1084.3384912959382,1036.1547388781432,1121.5609284332688,1141.1431334622823,1153.4526112185686,1086.8085106382978,1073.3423597678916,1034.9980657640233,1160.688588007737,1154.8936170212767,1263.3462282398452,1041.083172147002,1146.6092843326885,1016.3307543520309,1118.4448742746615,1123.6731141199227,1384.7466150870407,1054.1160541586073,1037.7640232108317,998.6170212765958,1131.1972920696326,1151.7446808510638,1282.3017408123792,1046.0038684719536,1040.78916827853,930.5164410058027,1081.934235976789,1264.8278529980657,1241.0019342359767,1072.468085106383,1118.230174081238,1060.4661508704062,1206.8297872340424,1136.0599613152804,1145.5125725338492,1114.2050290135396,1109.3288201160542,1166.2185686653772,1246.3713733075435,1076.0522243713733,1021.0174081237911,1085.183752417795,1303.705996131528,1454.1914893617022,1620.468085106383,1252.3365570599613,1209.6112185686654,1107.733075435203,1097.970986460348,1063.6731141199227,1109.980657640232,1073.7659574468084,1294.321083172147,1052.8317214700194,1069.1798839458413,957.6112185686653,1008.5377176015473,951.3114119922631,1008.009671179884,1078.835589941973,1243.6266924564798,1190.6827852998065,1097.5860735009671,1015.5570599613153,1106.1160541586073,1065.0135396518376,1145.7852998065764,1167.3984526112185,1117.8278529980657,1019.5493230174081,1030.2707930367505,981.3442940038685,1036.4506769825919,997.9980657640232,1113.5473887814314,1074.6827852998065,1162.6653771760155,1188.3017408123792,1358.6363636363637,1074.825918762089,1100.4622823984525,1007.7543520309478,1024.5918762088975,975.5493230174081,1107.0154738878143,1042.2804642166345,1213.2727272727273,1262.4777562862669,1573.990328820116,1656.5415860735009,1208.5145067698259,1186.357833655706,1202.0348162475823,1120.9497098646034,1572.0135396518376,1862.4177949709865,1737.9497098646034,1955.193423597679,1576.4023210831722,1090.3268858800773,1161.212765957447,1062.6499032882011,1179.899419729207,1192.5280464216635,1543.6750483558994,1944.0135396518376,1606.8413926499034,1401.5822050290135,1569.678916827853,1442.926499032882,1491.4294003868472,1416.6634429400387,1850.201160541586,2803.3442940038685,3453.31334622824,2614.4448742746613,1950.872340425532,1544.926499032882,1515.1411992263056,1668.5744680851064,2497.5918762088977,2898.0270793036752,1620.3191489361702,1387.4139264990329,1341.3384912959382,1358.2147001934236,1365.4912959381045,1174.0348162475823,1321.0812379110253,1245.4796905222438,1634.9206963249517,1793.8123791102514,1475.4854932301741,1151.1876208897486,1245.8297872340424,1211.3558994197292,1546.8220502901354,2071.8201160541585,2631.0967117988394,2863.777562862669,2324.825918762089,1506.934235976789,1808.1992263056093,1454.017408123791,1441.7930367504835,1639.3868471953579,2130.5628626692455,1822.8027079303674,1395.7852998065764,1522.651837524178,1447.2862669245649,1467.2282398452612,2014.4777562862669,1675.6576402321084,1465.5744680851064,1662.992263056093,1535.183752417795,1228.4294003868472,1390.0425531914893,1655.6015473887815,2345.7543520309478,1876.0522243713733,1933.220502901354,1633.5183752417795,1407.6150870406188,1288.276595744681,1334.7369439071567,1454.0676982591876,1867.5493230174081,2057.0812379110253,1971.0038684719536,2635.3442940038685,3407.5299806576404,4200.392649903288,3216.63249516441,2592.605415860735,2016.5261121856865,1820.3849129593812,1523.4661508704062,1216.5009671179885,1362.5106382978724,1551.247582205029,2058.8588007736944,2606.352030947776,1814.9323017408124,1359.1083172147003,1330.029013539652,1491.3172147001935,1531.6073500967118,1158.0212765957447,1402.9883945841393,1497.0889748549323,2077.8820116054158,3156.384912959381,3879.533849129594,1861.936170212766,1476.2340425531916,1398.1876208897486,1887.5009671179885,2493.2088974854933,2320.5454545454545,1538.7388781431334,1459.6866537717601,1382.1121856866537,1676.8317214700194,1567.9323017408124,1945.5164410058028,2771.6170212765956,3829.926499032882,2351.392649903288,2366.5280464216635,2648.671179883946,1755.3365570599613,1394.9187620889747,1517.1586073500966,1798.4545454545455,2766.613152804642,3529.615087040619,2585.781431334623,1766.4893617021276,1906.166344294004,2429.25918762089,1623.8646034816247,1227.6808510638298,1374.3558994197292,1231.5531914893618,1316.7717601547388,1295.4429400386848,1572.7292069632495,1253.3017408123792,1368.3752417794972,1225.6847195357834,1236.3597678916828,1152.0348162475823,1281.183752417795,1349.4139264990329,1761.5880077369438,1714.017408123791,1976.752417794971,1406.4854932301741,1409.835589941973,1212.4506769825919,1324.2359767891683,1442.6247582205028,1699.5048355899419,1706.193423597679,1837.5203094777562,1751.899419729207,1707.742746615087,1516.705996131528,1696.7833655705997,1918.2533849129593,1713.1044487427466,1635.9284332688587,2079.3268858800775,1776.8568665377177,1619.0947775628626,1486.147001934236,1485.6208897485494,1429.1218568665377,1830.8143133462283,2398.431334622824,2596.0251450676983,1761.9245647969053,1373.8220502901354,1429.7814313346228,1980.936170212766,1627.201160541586,1907.872340425532,2139.5299806576404,2093.9381044487427,1993.2920696324952,1866.3597678916828,1658.2959381044489,1761.715667311412,1347.4951644100581,1430.742746615087,1399.065764023211,1522.4835589941972,1386.044487427466,1477.1605415860736,1346.3191489361702,1508.4874274661508,1767.2495164410059,1692.4371373307542,1455.6537717601548,1547.6905222437138,1483.5996131528047,1627.659574468085,1861.9574468085107,1964.762088974855,1933.404255319149,1882.816247582205,1718.3384912959382,2029.6208897485494,2398.684719535783,2839.315280464217,2809.7678916827854,2334.854932301741,1949.174081237911,2287.7872340425533,2355.0135396518376,2147.0444874274663,2052.2514506769826,2049.984526112186,1840.705996131528,1912.1237911025146,1842.2243713733076,1804.5396518375242,1872.6344294003868,1948.6382978723404,1848.5705996131528,3043.8413926499034,3147.8123791102516,2039.5996131528047,1870.3558994197292,2213.661508704062,1596.7485493230174,1855.4352030947775,1721.4177949709865,1682.6092843326885,1869.4506769825919,2301.2127659574467,2902.6286266924567,3179.698259187621,1843.4448742746615,2124.0793036750483,2992.1083172147,4293.0928433268855,5330.214700193424,3966.3075435203095,2515.7117988394584,2009.1895551257253,2347.294003868472,2941.0502901353966,3198.936170212766,4410.245647969052,4234.381044487427,4132.500967117989,5049.576402321083,5511.0889748549325,5191.011605415861,3375.7504835589943,2753.742746615087,3606.384912959381,2456.6750483558994,1687.762088974855,1695.4990328820115,2059.448742746615,2152.926499032882,2122.4816247582203,1929.4603481624758,2215.899419729207,2366.311411992263,1849.909090909091,1968.6905222437138,3076.0870406189556,3113.237911025145,2517.5841392649904,2273.0270793036752,2556.978723404255,1925.3172147001935,1933.4410058027079,2109.649903288201,2540.8762088974854,2585.5802707930366,2343.05415860735,1841.3172147001935,1661.4061895551258,1515.7775628626694,1957.294003868472,2716.725338491296,3086.9574468085107,2518.2263056092843,2175.4003868471955,1834.4506769825919,2496.68665377176,2784.5725338491297,2262.984526112186,2923.7137330754354,3155.4526112185686,2497.1508704061894,3108.9922630560927,3001.936170212766,2882.2998065764023,2254.2127659574467,1946.9497098646034,2211.4912959381045,2949.5841392649904,4018.26499032882,5252.744680851064,4420.713733075435,4394.4003868471955,3701.425531914894,3719.131528046422,3392.2998065764023,3748.3713733075433,4156.748549323017,3771.402321083172,4589.827852998066,5046.756286266925,3292.460348162476,2440.982591876209,1909.7079303675048,2245.74081237911,2488.1025145067697,3518.6634429400387,3869.8491295938106,3524.365570599613,3648.570599613153,3973.9148936170213,4833.390715667311,5318.350096711799,3701.47582205029,4365.208897485493,4232.063829787234,3068.168278529981,3454.6092843326887,4244.046421663443,3766.9883945841393,3571.1508704061894,3127.0676982591876,3988.798839458414,3906.1972920696326,3996.588007736944,4022.3733075435202,4757.413926499033,3697.4081237911023,3162.485493230174,3190.388781431335,4025.2243713733073,4145.413926499033,3481.301740812379,2519.5841392649904,1977.7736943907157,1552.5647969052225,1772.8878143133463,1625.7311411992264,1513.4487427466152,1479.0,1675.6557059961315,1415.4758220502902,1473.3752417794972,1490.5899419729208,1487.715667311412,1436.5725338491295,1576.2185686653772,1716.5705996131528,1895.4119922630562,1843.046421663443,2784.5087040618955,3797.9400386847196,3296.2359767891685,2411.870406189555,1580.4545454545455,1347.6847195357834,1686.15667311412,2000.6460348162475,2345.1160541586073,1520.8646034816247,1671.1721470019343,1558.0058027079303,1688.4642166344295,1853.9748549323017,1891.340425531915,1307.8413926499034,1420.992263056093,1473.0406189555126,1748.5048355899419,1917.1315280464216,2093.723404255319,2483.943907156673,3096.292069632495,2445.8955512572534,2175.752417794971,2424.110251450677,1669.1586073500966,1403.760154738878,1488.4158607350096,1443.6402321083172,1799.174081237911,2533.174081237911,3246.315280464217,1936.806576402321,2020.2785299806576,2434.441005802708,3039.1624758220505,3884.5473887814314,2695.549323017408,1765.7408123791101,2440.0270793036752,2032.017408123791,1695.7756286266924,1354.8413926499034,1761.4564796905222,2184.8007736943905,2828.549323017408,2021.7930367504835,2365.021276595745,2403.3249516441006,2171.112185686654,1362.5261121856865,1505.0599613152804,1562.3849129593812,2045.4970986460348,2923.7543520309478,5042.816247582205,6207.187620889748,6506.74081237911,3500.6460348162477,1833.8646034816247,1390.7350096711798,1420.5609284332688,1253.3984526112185,1486.9690522243714,1512.1895551257253,2134.2804642166343,2500.7911025145067,3112.684719535783,3814.1411992263056,4665.762088974855,2299.7292069632495,1927.0038684719536,1840.0406189555126,2097.825918762089,2243.6382978723404,3302.644100580271,4384.181818181818,3529.330754352031,2514.7485493230174,3452.5667311411994,2566.164410058027,1641.642166344294,1468.955512572534,1792.9883945841393,2256.7504835589943,3512.073500967118,2681.669245647969,1860.036750483559,1820.2147001934236,2142.6402321083174,2297.9555125725337,2598.0676982591876,2157.8588007736944,1739.6150870406188,2153.5106382978724,2224.237911025145,2111.9168278529983,3516.7872340425533,3292.6015473887815,2011.5280464216635,1917.8665377176017,3014.998065764023,3200.127659574468,2521.7698259187623,2925.8491295938106,4308.249516441006,5985.58994197292,4110.617021276596,1994.9226305609284,1599.3539651837525,1279.5164410058028,1442.0058027079303,1388.2611218568666,1831.3442940038685,1556.907156673114,1464.605415860735,1285.0386847195357,1352.531914893617,1102.110251450677,1244.3075435203095,1274.9148936170213,1320.84332688588,1348.4932301740812,1359.6673114119922,1099.5377176015475,1438.8143133462283,1460.2340425531916,1349.1876208897486,1119.6441005802708,1254.294003868472,1112.8375241779497,1234.0754352030947,1169.0793036750483,1329.7543520309478,1098.1353965183753,1263.0212765957447,1088.230174081238,1395.769825918762,1196.1528046421663,1243.7659574468084,1097.4603481624758,1209.4990328820115,1123.3868471953579,1216.5918762088975,1192.5087040618955,1443.0599613152804,1145.2263056092843,1237.394584139265,1141.1528046421663,1213.6557059961315,1060.5880077369438,1149.083172147002,1315.3694390715668,1488.936170212766,1474.4777562862669,1425.3326885880078,1422.5531914893618,1809.5106382978724,1931.7582205029014,1653.237911025145,1773.9148936170213,2432.7756286266927,1603.1624758220503,1291.7195357833655,1144.5938104448742,1244.073500967118,1242.9845261121857,1171.311411992263,1086.8762088974854,1310.3191489361702,1060.852998065764,1272.852998065764,1091.1914893617022,1249.84332688588,1166.4738878143135,1161.769825918762,1080.1160541586073,1185.1528046421663,1195.5996131528047,1558.029013539652,1832.183752417795,1664.880077369439,1319.7640232108317,1290.752417794971,1459.21083172147,1451.4119922630562,1262.4854932301741,1431.0870406189556,1484.3733075435202,1710.8278529980657,1302.723404255319,1181.7543520309478,1155.0328820116054,1287.0812379110253,1259.21083172147,1704.1914893617022,1988.3694390715668,1773.5551257253385,1272.6266924564798,1367.0483558994197,1483.2437137330755,2005.6982591876208,1470.0618955512573,1438.5589941972921,1509.6441005802708,1846.8916827852997,1980.6499032882011,2005.8394584139264,1588.9110251450677,1478.7446808510638,1319.760154738878,1643.330754352031,1333.862669245648,1260.1953578336556,1065.247582205029,1240.835589941973,1405.8646034816247,1475.6015473887815,1587.4526112185686,1839.1586073500966,1433.1798839458413,1722.5261121856865,2141.2727272727275,2303.352030947776,1584.1179883945842,1695.5570599613152,1834.798839458414,1664.796905222437,1538.2862669245649,1772.6537717601548,1957.394584139265,2316.1586073500966,1666.8820116054158,1986.0851063829787,2415.8588007736944,3248.228239845261,2013.2959381044489,1826.212765957447,1760.019342359768,1808.468085106383,2252.0967117988394,3718.8046421663444,4760.605415860735,3477.0483558994197,2801.2340425531916,3433.036750483559,2103.7640232108315,1692.073500967118,2065.5802707930366,2990.3636363636365,2448.220502901354,2749.4816247582203,2457.7833655705995,2639.7504835589943,2604.056092843327,3724.1508704061894,2819.5551257253387,1943.5145067698259,1552.15667311412,1801.0986460348163,2360.7021276595747,2108.0251450676983,1418.1953578336556,1837.943907156673,2783.744680851064,3844.574468085106,2534.3075435203095,3172.228239845261,3325.6769825918764,3295.642166344294,4574.228239845261,3552.1411992263056,2499.2243713733073,4322.04255319149,5372.00580270793,2943.6208897485494,2241.752417794971,3471.533849129594,5299.311411992263,5994.57833655706,5173.272727272727,3877.816247582205,2979.0657640232107,3312.6827852998067,5475.856866537718,7704.148936170212,5103.4003868471955,3592.79497098646,5741.468085106383,9437.912959381045,6152.729206963249,3561.0502901353966,2113.0464216634427,1903.2050290135396,2153.7272727272725,3352.6015473887815,3465.394584139265,3544.862669245648,4613.483558994198,7038.725338491296,4721.785299806576,2707.350096711799,2008.5609284332688,1500.4410058027079,1323.5415860735009,1631.21083172147,1614.7079303675048,2053.05415860735,3212.1160541586073,3436.7504835589943,2040.8491295938104,1730.5183752417795,1775.2321083172146,1759.139264990329,1449.6576402321084,1804.357833655706,2447.1431334622825,3697.448742746615,2792.137330754352,2374.6382978723404,2374.9497098646034,1771.862669245648,1494.5145067698259,1722.796905222437,2435.7021276595747,2435.6402321083174,1564.1547388781432,1603.916827852998,1500.860735009671,1833.0154738878143,1394.4468085106382,1541.05415860735,1550.237911025145,2213.707930367505,2577.2727272727275,2319.6576402321084,1823.5164410058028,1475.4255319148936,1370.7949709864604,1573.266924564797,1489.2785299806576,1595.7369439071567,2009.212765957447,1888.2456479690522,1472.2920696324952,1537.083172147002,1334.3365570599613,1620.2882011605416,2195.127659574468,3486.6576402321084,2435.6943907156674,1631.8878143133463,1530.3384912959382,1473.8742746615087,1373.7582205029014,1664.8220502901354,1368.2359767891683,1468.860735009671,1617.5435203094778,2195.512572533849,2294.31914893617,2032.6344294003868,1464.2998065764023,1693.8143133462283,2152.68665377176,2433.758220502901,1589.7678916827854,1469.1721470019343,1366.5338491295938,1930.934235976789,1555.6673114119922,1381.8471953578337,1336.5531914893618,1641.7833655705997,1922.1508704061896,2301.9497098646034,1599.431334622824,1683.796905222437,2085.388781431335,2263.31334622824,1339.5241779497098,1370.0406189555126,1160.3230174081239,1296.2263056092843,1234.147001934236,1438.8510638297873,1397.7214700193424,1917.1353965183753,2915.560928433269,2437.551257253385,1268.862669245648,1268.2321083172146,1215.7388781431334,1503.6208897485494,1198.7001934235977,1425.139264990329,1139.4893617021276,1434.6092843326885,1298.779497098646,1249.5705996131528,1226.8839458413927,1330.092843326886,1346.8007736943907,1910.862669245648,2298.4700193423596,1760.8936170212767,1589.083172147002,2595.4816247582203,2572.615087040619,1525.6363636363637,1395.0058027079303,1614.531914893617,1535.5899419729208,1519.0406189555126,1225.9651837524177,1547.955512572534,1949.862669245648,2486.678916827853,2857.835589941973,2074.2359767891685,1404.2340425531916,1587.9400386847196,1647.5106382978724,2273.6402321083174,1722.0870406189556,1773.8143133462283,1720.8820116054158,2279.560928433269,1669.9477756286267,1655.1528046421663,1962.6711798839458,2195.247582205029,1402.1528046421663,1459.0135396518376,1699.0386847195357,2923.147001934236,3731.814313346228,2184.8820116054158,1723.7408123791101,1902.715667311412,1445.05415860735,1514.239845261122,1539.3752417794972,1696.980657640232,1473.1257253384913,1493.7833655705997,1309.3752417794972,1828.321083172147,2617.5802707930366,2181.220502901354,1292.8588007736944,1415.0967117988394,1284.8413926499034,1370.6557059961315,1449.3733075435202,1686.742746615087,1423.073500967118,2015.8588007736944,1859.119922630561,1759.6673114119922,1272.3249516441006,1271.8123791102514,1118.8394584139264,1289.6847195357834,1215.5899419729208,1488.6479690522244,1688.9381044487427,1883.9419729206963,1409.2050290135396,1353.9477756286267,1219.7717601547388,1490.8375241779497,1582.4468085106382,1709.2785299806576,1707.4526112185686,2261.671179883946,2012.8820116054158,1466.9980657640233,1378.129593810445,1609.276595744681,1871.3771760154739,2082.9864603481624,1990.8510638297873,2348.377176015474,1872.8181818181818,1740.1315280464216,1398.2514506769826,1628.1508704061896,1716.725338491296,1801.943907156673,1368.4506769825919,1621.9477756286267,1756.6827852998065,2686.651837524178,3984.4893617021276,4313.562862669246,1724.4738878143135,1548.8588007736944,1596.193423597679,1445.8413926499034,1118.2359767891683,1376.6015473887815,1220.6402321083172,1321.9381044487427,1472.9381044487427,1490.1818181818182,1199.3075435203095,1378.4506769825919,1229.0754352030947,1326.3520309477756,1218.2321083172146,1499.4854932301741,1386.6305609284332,1574.8452611218568,1860.3810444874275,2497.3172147001933,1802.5860735009671,1314.7582205029014,1168.2533849129593,1376.1856866537717,1309.6150870406188,1849.5435203094778,1614.9961315280464,1557.705996131528,1198.4603481624758,1529.092843326886,1621.4912959381045,1553.3771760154739,1175.7466150870407,1284.5087040618955,1173.0851063829787,1235.84332688588,1172.870406189555,1365.2359767891683,1266.1218568665377,1487.6634429400387,1442.6653771760155,1515.1141199226306,1346.852998065764,1394.6808510638298,1345.220502901354,1649.4197292069632,2346.4332688588006,2089.1798839458415,1186.119922630561,1322.0502901353966,1221.3056092843326,1241.2088974854933,1184.4603481624758,1405.5802707930368,1506.237911025145,2381.936170212766,2273.1179883945842,1935.3094777562862,1473.9961315280464,1707.823984526112,1631.6073500967118,1611.4951644100581,1728.5377176015475,2466.3791102514506,2904.05415860735,2251.495164410058,1675.6943907156674,2121.021276595745,2411.8936170212764,2737.825918762089,1880.4468085106382,2043.6499032882011,3344.568665377176,3938.181818181818,1854.0483558994197,1466.7949709864604,1325.3172147001935,1432.8085106382978,1334.7195357833655,1542.8916827852997,1299.7292069632495,1429.9613152804643,1473.970986460348,2113.191489361702,3203.7137330754354,4876.936170212766,3085.752417794971,2176.0425531914893,1844.036750483559,2326.3539651837523,1770.798839458414,2303.502901353965,2703.2069632495163,1783.9323017408124,1453.8085106382978,1879.6634429400387,2308.9342359767893,2719.4893617021276,1738.1431334622823,1814.2591876208899,2328.5183752417797,4184.288201160542,6444.794970986461,4297.413926499033,3026.365570599613,2700.284332688588,2420.8916827853,1944.1818181818182,1580.5783365570599,2006.257253384913,2690.301740812379,5224.386847195357,4879.976789168279,2275.5725338491297,1585.2804642166345,2030.6363636363637,2794.0096711798838,4167.738878143134,2303.495164410058,2056.982591876209,2460.0251450676983,3677.9729206963248,2263.31334622824,1635.6673114119922,1344.5609284332688,1491.899419729207,1566.2959381044489,2173.038684719536,3021.8936170212764,4936.878143133462,4446.969052224372,5405.437137330754,7030.160541586073,3549.9226305609286,2377.6943907156674,3555.8297872340427,5688.922630560928,5871.450676982592,3193.328820116054,2472.7001934235977,3369.483558994197,6618.011605415861,7772.84912959381,2983.8413926499034,1646.340425531915,1699.2727272727273,1757.8317214700194,1791.044487427466,1379.1605415860736,1453.3462282398452,1466.5996131528047,1938.3017408123792,1937.7117988394584,2933.7852998065764,3690.6189555125725,4619.516441005802,3404.5996131528045,4561.7640232108315,7275.802707930367,5707.943907156673,6203.605415860735,4656.955512572534,2854.696324951644,3105.6905222437135,3419.446808510638,2074.2901353965185,1517.8588007736944,1620.2166344294003,2141.5009671179882,2459.386847195358,1882.4197292069632,2058.7698259187623,1877.6769825918761,2570.1257253384915,4511.667311411992,7444.073500967118,3546.303675048356,2021.029013539652,1869.1257253384913,1729.6576402321084,1792.787234042553,2579.678916827853,4520.369439071566,7875.340425531915,6366.266924564797,8336.68665377176,4936.659574468085,3903.704061895551,5262.78916827853,3703.321083172147,2043.7117988394584,1823.943907156673,1784.2823984526112,2235.495164410058,3451.487427466151,6111.970986460348,6661.4177949709865,6036.297872340426,5306.872340425532,5655.692456479691,2646.907156673114,2481.2901353965185,2435.2533849129595,1878.531914893617,1550.5822050290135,1538.6441005802708,1529.9323017408124,1798.2417794970986,2320.145067698259,3717.8375241779495,3056.0425531914893,4709.750483558994,4416.504835589942,5812.618955512573,7409.017408123791,10983.947775628627,19399.398452611218,14138.731141199227,4533.982591876209,2626.4526112185686,2607.1972920696326,4578.404255319149,4658.0,5698.044487427466,9876.878143133463,7434.6557059961315,3245.247582205029,1805.5938104448742,1567.274661508704,2083.6382978723404,2913.1353965183753,4693.57833655706,4768.061895551257,5941.970986460348,3302.127659574468,1817.0618955512573,1544.568665377176,1586.872340425532,1512.5725338491295,1842.9613152804643,2271.6537717601545,3437.2340425531916,6802.452611218569,5312.864603481625,2184.6827852998067,2104.613152804642,2496.0270793036752,4284.622823984526,4262.148936170212,7232.806576402321,5955.193423597679,3984.7176015473888,1929.9690522243714,1699.907156673114,1787.1721470019343,2049.9903288201162,2230.9535783365573,3841.52417794971,7622.243713733075,6197.497098646035,2462.166344294004,1823.3462282398452,1421.5841392649904,1506.833655705996,1492.3365570599613,1569.4758220502902,1578.321083172147,2138.615087040619,1892.1353965183753,1899.7292069632495,2577.9593810444876,2807.852998065764,3112.332688588008,6138.748549323017,9363.744680851063,5752.932301740812,7417.408123791102,6030.653771760155,2475.8646034816247,2069.5067698259186,1740.7272727272727,2119.330754352031,1491.723404255319,1526.852998065764,1465.6866537717601,1467.6750483558994,1599.3791102514506,2399.2166344294005,4136.882011605416,8523.495164410058,5618.835589941973,2920.8568665377175,1731.2185686653772,1536.8027079303674,1326.7756286266924,1317.36750483559,1359.2978723404256,1446.9883945841393,1328.7930367504835,1624.164410058027,2021.5531914893618,2844.1624758220505,5431.1083172147,5979.212765957447,2423.3907156673113,2068.8433268858803,1926.044487427466,1957.9303675048357,1508.431334622824,1637.9187620889747,1529.5067698259188,1489.1315280464216,1507.1179883945842,2350.595744680851,2837.071566731141,5668.982591876209,3335.8820116054158,1735.5435203094778,1366.3075435203095,1450.2495164410059,1340.166344294004,1436.056092843327,1372.8220502901354,1490.237911025145,1416.3539651837525,1753.0425531914893,2079.5667311411994,3936.448742746615,3933.6382978723404,2201.2882011605416,2009.7717601547388,2076.4990328820118,1612.5725338491295,1662.4700193423598,1424.8104448742747,1507.1605415860736,1503.852998065764,1909.5996131528047,2538.5802707930366,3860.6170212765956,8655.30754352031,15105.413926499034,10399.533849129593,4097.557059961316,2136.477756286267,2079.0058027079303,1463.5725338491295,1413.0812379110253,1192.7930367504835,1328.6731141199227,1150.8491295938104,1246.3655705996132,1102.880077369439,1247.678916827853,1131.7079303675048,1284.4951644100581,1335.6441005802708,1639.7350096711798,1432.5841392649904,1544.110251450677,1584.6402321083172,1408.7311411992264,1296.3791102514506,1394.936170212766,1197.5067698259188,1442.5222437137331,1755.7543520309478,2615.8452611218568,1586.3384912959382,1422.0406189555126,1341.3597678916828,1858.5531914893618,1976.4468085106382,2156.8974854932303,1677.110251450677,1519.129593810445,1300.5009671179885,1725.1798839458413,1251.4990328820115,1528.284332688588,2027.1353965183753,3707.2998065764023,3039.1934235976787,1868.9032882011606,1276.4255319148936,1330.7852998065764,1353.0986460348163,1561.6266924564798,1195.752417794971,1266.2901353965183,1173.806576402321,1452.8839458413927,1874.212765957447,1818.4216634429401,1982.276595744681,2234.557059961315,1639.963249516441,1694.073500967118,1493.3810444874275,1460.1257253384913,1253.0870406189556,1398.4932301740812,1293.7485493230174,1658.0348162475823,1829.9941972920697,1745.5338491295938,1487.2359767891683,1922.0,2294.185686653772,2763.760154738878,2690.9032882011606,2520.218568665377,1778.5029013539652,1496.05415860735,1359.7852998065764,1506.3887814313346,1509.8085106382978,1555.193423597679,1381.934235976789,1543.980657640232,1785.5183752417795,2479.05415860735,2798.6015473887815,1950.468085106383,2127.531914893617,2619.808510638298,2381.9323017408124,2221.6634429400387,1814.8394584139264,2327.477756286267,2782.998065764023,3267.203094777563,2785.9497098646034,2056.2088974854933,1686.5667311411992,2079.6634429400387,3059.2243713733073,3058.220502901354,2482.8046421663444,2327.448742746615,1721.2533849129593,1921.129593810445,1505.7079303675048,1793.1605415860736,1913.8104448742747,2494.73500967118,2213.0444874274663,2015.2553191489362,2154.9516441005803,1828.2882011605416,1464.8665377176017,1502.0967117988394,1489.119922630561,1780.531914893617,1618.7640232108317,1515.4796905222438,1474.5841392649904,1835.2553191489362,1595.237911025145,2250.174081237911,2900.1257253384915,2035.0348162475823,1592.8413926499034,2193.1083172147,2615.1586073500966,2232.7292069632495,2733.8936170212764,4726.607350096712,3964.3462282398455,2511.5009671179882,2249.7543520309478,2027.6015473887815,1931.5473887814314,2118.2147001934236,1867.3288201160542,2259.5473887814314,1574.5299806576402,1755.4526112185686,1892.669245647969,1795.9323017408124,2028.3713733075435,2867.185686653772,1886.3733075435202,1683.7756286266924,1883.926499032882,2521.3984526112185,3038.063829787234,4899.738878143134,6921.522243713733,4474.816247582205,2733.332688588008,2333.8955512572534,2949.0831721470017,5457.663442940038,7666.601547388781,3822.145067698259,2341.071566731141,2791.3907156673113,4383.5822050290135,4893.738878143134,4269.707930367505,2183.744680851064,1721.5628626692458,1765.1411992263056,1421.835589941973,2057.963249516441,2023.6092843326885,3923.181818181818,2826.7466150870405,1917.8491295938104,1706.725338491296,1844.4796905222438,2358.3075435203095,3089.705996131528,3542.814313346228,5239.485493230174,6451.121856866538,8560.932301740813,8891.646034816247,5374.876208897485,7133.531914893617,10911.636363636364,6115.030947775628,4219.197292069633,5026.963249516441,3372.928433268859,3556.348162475822,3023.6750483558994,2635.0270793036752,4592.678916827853,7474.1624758220505,4364.624758220503,3707.228239845261,7193.243713733075,9476.379110251451,4099.292069632495,2517.833655705996,2953.605415860735,3878.4352030947775,9204.68085106383,11367.907156673115,5510.7814313346225,5638.137330754352,8031.334622823984,4748.384912959381,3550.5183752417797,3825.9671179883944,4023.257253384913,3734.019342359768,2432.8452611218568,2094.6769825918764,3442.9748549323017,3588.2340425531916,3729.479690522244,2432.52417794971,1982.5415860735009,2312.7272727272725,2112.0309477756286,1575.6208897485494,1797.5222437137331,2276.998065764023,4586.292069632495,3795.8046421663444,2122.6653771760157,1552.6847195357834,1495.3172147001935,1511.2959381044489,2086.019342359768,3224.9206963249517,5222.282398452611,2564.7176015473888,2268.1528046421663,2813.634429400387,4569.866537717601,9584.021276595744,7064.348162475822,3472.406189555126,2331.7021276595747,1754.6576402321084,2179.4274661508703,2461.8201160541585,2029.5512572533848,1794.5280464216635,2006.4139264990329,2346.063829787234,3022.9574468085107,1974.0232108317214,1709.3558994197292,1628.6441005802708,1718.5396518375242,1955.4661508704062,1793.5880077369438,1629.5125725338492,1706.7814313346228,1690.0425531914893,1620.0754352030947,1459.2243713733076,1676.2553191489362,1513.5473887814314,1482.6228239845261,1446.9651837524177,2400.276595744681,2811.6557059961315,4085.1624758220505,2281.392649903288,1646.8742746615087,1407.4506769825919,1652.3810444874275,1382.4584139264991,1529.936170212766,1649.0773694390716,3073.384912959381,3402.704061895551,2099.340425531915,1787.6943907156674,2828.7021276595747,6842.371373307544,5168.0889748549325,2278.9941972920697,1757.3558994197292,1504.0502901353966,1542.2166344294003,1455.6673114119922,1404.3907156673115,1399.2321083172146,1647.7775628626694,2294.0618955512573,2136.7137330754354,1522.5145067698259,1489.1876208897486,1478.1856866537717,1630.4874274661508,1452.5203094777562,2197.477756286267,1939.852998065764,2701.413926499033,5032.516441005802,6880.158607350097,3121.9535783365573,2077.247582205029,1672.688588007737,1598.8317214700194,1392.9303675048357,1889.2282398452612,2130.588007736944,3287.332688588008,3149.5667311411994,1987.5203094777562,1541.007736943907,1416.8878143133463,1205.1528046421663,1297.7543520309478,1156.7814313346228,1291.3752417794972,1359.3191489361702,1827.9129593810444,1279.1121856866537,1202.6982591876208,1047.7292069632495,1131.5841392649904,1050.2591876208899,1159.9748549323017,1087.6537717601548,1307.05415860735,1272.6711798839458,2031.7408123791101,2760.0328820116056,7362.226305609284,9748.982591876209,5143.077369439072,2961.78916827853,1948.7736943907157,1362.4352030947775,1376.1489361702127,1477.752417794971,1497.3384912959382,1179.5512572533848,1286.6073500967118,1118.15667311412,1258.5106382978724,1621.7137330754351,2592.3733075435202,2115.001934235977,1570.89748549323,1364.311411992263,1449.4429400386848,1232.4506769825919,1302.6615087040618,1225.3288201160542,1396.5009671179885,1272.0328820116054,1477.1121856866537,1307.6228239845261,1497.0580270793037,1694.9651837524177,2009.1353965183753,2105.073500967118,2402.3056092843326,1589.733075435203,1505.762088974855,1281.8839458413927,1341.862669245648,1309.669245647969,1767.0,2157.332688588008,1756.5705996131528,1359.1083172147003,1402.4158607350096,1378.1586073500966,1392.0116054158607,1146.4758220502902,1144.0715667311413,1306.6150870406188,1391.2321083172146,1277.909090909091,1733.1431334622823,1471.0967117988394,1547.5029013539652,1702.2263056092843,1609.852998065764,1466.9864603481624,1576.872340425532,1472.779497098646,1774.2050290135396,1569.6344294003868,2155.624758220503,1683.065764023211,1430.6827852998065,1301.4371373307542,1792.926499032882,1171.3849129593812,1371.725338491296,1234.669245647969,1416.6189555125725,1465.3442940038685,1577.2533849129593,1467.4603481624758,1527.5357833655705,1271.7079303675048,1361.9323017408124,1425.8123791102514,1508.3365570599613,1227.7446808510638,1356.9690522243714,1616.0154738878143,1724.3423597678916,2060.284332688588,1847.0986460348163,1616.0889748549323,1535.8936170212767,1314.348162475822,1417.6150870406188,1335.1798839458413,1475.009671179884,1275.7369439071567,1382.3965183752418,1368.6266924564798,1411.870406189555,1239.63249516441,1375.2959381044489,1254.6460348162475,1774.2688588007736,1264.7543520309478,1404.3713733075435,1536.7040618955511,2007.0773694390716,1506.2882011605416,1623.0599613152804,1819.4332688588008,3197.8471953578337,2907.4738878143135,4293.773694390716,2836.516441005803,2162.019342359768,1674.5415860735009,1523.6847195357834,1379.6479690522244,1471.3926499032882,1204.6208897485494,1322.7930367504835,1197.798839458414,1388.5744680851064,1406.8007736943907,2006.1624758220503,2738.63249516441,2618.168278529981,2954.8046421663444,2382.0502901353966,1768.239845261122,1751.9477756286267,1665.4603481624758,2089.479690522244,3243.483558994197,2986.3423597678916,1760.8104448742747,1679.5377176015475,1417.4390715667312,1521.9980657640233,1631.5570599613152,1596.1141199226306,1418.15667311412,1535.3017408123792,1355.669245647969,1438.8452611218568,1680.2804642166345,3142.779497098646,5486.307543520309,3991.3230174081236,2740.771760154739,2732.174081237911,2106.5996131528045,1793.9226305609284,1614.2785299806576,1889.9419729206963,1754.1257253384913,1837.8394584139264,2657.947775628627,4859.955512572534,2879.071566731141,2215.5996131528045,2359.669245647969,3007.721470019342,2828.4545454545455,2276.2340425531916,2744.5280464216635,5314.609284332689,3082.7098646034815,2604.0135396518376,3285.0116054158607,6414.220502901354,11196.953578336557,6453.191489361702,3446.4274661508703,2646.2669245647967,2437.8433268858803,2354.8839458413927,2193.071566731141,2208.2862669245646,2656.661508704062,5944.756286266925,4276.41005802708,2837.7001934235977,2582.3423597678916,2467.7272727272725,1945.0618955512573,2128.218568665377,3359.1334622823983,5921.073500967118,5390.323017408124,3243.7466150870405,2266.2069632495163,1865.860735009671,1589.4448742746615,2086.661508704062,3691.2456479690522,3865.404255319149,3165.7678916827854,5521.588007736944,4508.613152804643,3726.2088974854933,4721.396518375242,9509.504835589942,11021.502901353966,7247.8375241779495,5426.392649903288,3360.777562862669,2282.392649903288,1950.3887814313346,1718.7350096711798,2089.4642166344292,1738.3887814313346,1703.7369439071567,2006.4661508704062,1840.7543520309478,1512.5783365570599,1592.1972920696326,1514.0754352030947,1917.9574468085107,2082.477756286267,2352.147001934236,2305.8065764023213,2761.3829787234044,5241.056092843327,16482.15087040619,23699.64410058027,12694.353965183753,7717.856866537718,6154.278529980657,7349.698259187621,10580.876208897485,6750.04835589942,7446.025145067698,4470.477756286267,3447.622823984526,3480.1063829787236,2893.1566731141197,2173.442940038685,2059.705996131528,2018.7272727272727,3275.647969052224,2694.015473887814,3248.2321083172146,4476.392649903288,3426.1605415860736,2535.684719535783,2057.8433268858803,1618.4758220502902,1704.1818181818182,1639.4487427466152,1890.7021276595744,1762.9400386847196,1879.230174081238,2220.3907156673113,2227.7756286266927,2588.0251450676983,2941.9323017408124,2042.3423597678916,2075.5667311411994,1941.4661508704062,1887.6673114119922,1637.5299806576402,2200.9883945841393,1855.1856866537717,3437.239845261122,9346.003868471953,7722.607350096712,4060.8201160541585,2757.1934235976787,2264.448742746615,2700.669245647969,2237.406189555126,2051.8762088974854,1876.1218568665377,2743.001934235977,2289.1566731141197,2050.7485493230174,2040.8781431334623,2224.1779497098646,2936.5802707930366,7125.938104448743,13208.765957446809,9956.83172147002,11239.326885880077,6066.247582205029,3795.605415860735,2830.1218568665377,2068.220502901354,1826.4874274661508,1659.860735009671,1789.183752417795,1790.8375241779497,2057.9593810444876,1993.3133462282399,2430.961315280464,1904.5067698259188,2484.394584139265,2932.7369439071567,2344.825918762089,1858.7949709864604,1770.3152804642166,1744.6731141199227,2129.851063829787,2609.9864603481624,4534.411992263056,10774.748549323018,8847.793036750483,4500.41586073501,3379.129593810445,2901.038684719536,2427.3829787234044,1966.3056092843326,2220.8916827853,2842.5918762088977,2489.6634429400387,3073.0831721470017,6166.659574468085,9747.071566731142,6322.688588007737,3501.181818181818,2587.9381044487427,2222.1199226305607,1921.2823984526112,1521.5938104448742,1604.8143133462283,1376.9032882011606,1862.909090909091,1384.8878143133463,1805.7852998065764,1962.8143133462283,1934.4177949709865,2504.26499032882,2266.8800773694393,1813.294003868472,2224.9690522243714,2072.5183752417797,1969.4564796905222,2030.8007736943907,2024.870406189555,1628.5899419729208,1836.4738878143135,2129.0696324951646,3961.3636363636365,8611.088974854933,5590.636363636364,3488.1528046421663,2661.6402321083174,2501.9516441005803,2177.7930367504837,1639.3829787234042,1666.4738878143135,1732.274661508704,1823.6247582205028,1877.9941972920697,3506.7833655705995,9083.531914893618,6857.707930367505,4383.4352030947775,3891.8239845261123,3247.094777562863,4447.158607350097,3639.7388781431337,6276.015473887815,16610.72340425532,14136.802707930368,8124.883945841392,6412.767891682785,4160.036750483559,3616.9129593810444,4328.41586073501,3779.483558994197,2612.8781431334623,2530.6208897485494,3504.228239845261,7083.21083172147,6821.669245647969,4125.152804642166,3012.852998065764,2861.615087040619,4180.328820116054,8133.709864603482,5794.568665377176,5411.036750483559,3865.4332688588006,3069.355899419729,2849.899419729207,4562.454545454545,9454.57253384913,11570.08510638298,12665.224371373308,8554.317214700193,5125.220502901354,3845.9013539651837,2811.758220502901,2916.0831721470017,3403.4081237911023,2535.9864603481624,2213.1353965183753,2371.1508704061894,2216.2823984526112,1905.4061895551258,1669.5029013539652,1737.4622823984525,1408.0425531914893,1557.5609284332688,1873.1489361702127,2565.9729206963248,3410.5473887814314,6281.78916827853,9898.108317214701,18141.15087040619,11191.599613152805,7928.249516441006,9077.083172147002,6983.495164410058,7863.272727272727,12800.404255319148,7270.816247582205,4747.870406189555,3338.6363636363635,2750.321083172147,2042.6344294003868,2251.4100580270792,1656.7562862669245,1803.0348162475823,2465.980657640232,6536.798839458414,17905.123791102513,12409.324951644101,7159.495164410058,5353.651837524178,4068.852998065764,4098.574468085107,6316.756286266925,18256.76595744681,34910.700193423596,20574.88007736944,12536.181818181818,10171.41586073501,6698.050290135397,5359.771760154739,5611.201160541586,4180.551257253385,4435.686653771761,4058.6015473887815,3111.980657640232,2883.833655705996,2326.611218568665,2691.707930367505,3081.8781431334623,2922.704061895551,4306.292069632495,13745.72920696325,29589.63056092843,19683.57253384913,11536.05415860735,7719.539651837525,6111.748549323017,8165.317214700193,15418.497098646034,20596.326885880077,17293.760154738877,16738.323017408125,14175.647969052225,9375.373307543521,7782.384912959381,7102.678916827853,4733.682785299807,3098.7562862669247,2491.814313346228,2216.5996131528045,1907.4854932301741,2092.1528046421663,2551.47582205029,3064.963249516441,4320.541586073501,3321.255319148936,2448.7021276595747,2185.8607350096713,1958.6460348162475,1911.3346228239845,1743.230174081238,2280.2862669245646,2550.607350096712,2200.2611218568663,1755.7833655705997,2186.5822050290135,2367.3907156673113,3882.20502901354,5469.858800773694,4331.379110251451,3653.388781431335,6577.123791102515,8930.626692456479,9284.808510638299,10664.765957446809,6755.634429400387,7537.176015473888,17476.748549323016,14752.471953578337,13622.462282398452,10627.965183752418,6615.736943907156,4955.348162475822,4123.096711798839,3199.8820116054158,2917.21083172147,2771.181818181818,2900.4100580270792,2369.3597678916826,2549.684719535783,3019.112185686654,4497.522243713733,8327.119922630562,17292.400386847195,18230.317214700193,10681.019342359768,6914.738878143134,7008.390715667311,9870.880077369438,8837.26499032882,5831.52417794971,5415.95744680851,4115.7640232108315,3425.549323017408,3287.247582205029,2621.531914893617,1942.3791102514506,1839.5860735009671,1640.5551257253385,1714.9245647969053,1459.787234042553,1716.0599613152804,2656.9129593810444,5750.520309477756,17239.147001934238,18037.208897485492,10982.332688588007,7661.723404255319,5878.943907156673,5990.2533849129595,4915.580270793037,3813.862669245648,3423.0812379110253,3423.439071566731,3082.191489361702,4054.9129593810444,4247.234042553191,3051.1779497098646,3060.112185686654,6080.0541586073505,4115.10251450677,2900.872340425532,2132.1760154738877,2255.495164410058,2673.661508704062,2729.485493230174,2312.222437137331,2780.1895551257253,3350.3442940038685,3104.6943907156674,4749.659574468085,14814.510638297872,13872.125725338492,9019.810444874274,9988.29593810445,8816.007736943908,6456.191489361702,7717.992263056093,6200.667311411992,3939.8974854932303,2701.4719535783365,2393.3907156673113,1877.5551257253385,2069.5357833655708,2503.872340425532,2545.9226305609286,2170.6943907156674,2034.2630560928433,1775.9245647969053,1803.8878143133463,2014.009671179884,2717.6769825918764,1785.955512572534,1684.4545454545455,1431.2707930367505,1434.2533849129593,1543.6750483558994,1767.017408123791,1677.7833655705997,1924.6073500967118,1579.6866537717601,1638.2727272727273,1620.2088974854933,2071.1083172147,2124.092843326886,2034.769825918762,2672.402321083172,4499.352030947775,4044.4177949709865,2996.0831721470017,2188.448742746615,1854.2630560928433,1587.056092843327,1714.8955512572534,1533.257253384913,1678.3771760154739,1621.7079303675048,1649.5145067698259,2194.781431334623,2797.63249516441,5073.9806576402325,5490.647969052225,3748.21083172147,4274.51837524178,7821.301740812379,7575.168278529981,5498.568665377176,4757.878143133462,6319.272727272727,5930.796905222437,5007.932301740812,5367.129593810445,4276.595744680851,3472.3423597678916,4883.41586073501,5229.996131528046,7183.742746615087,11903.907156673115,7718.852998065764,5951.860735009671,6273.044487427466,4955.617021276596,4063.8762088974854,3054.68085106383,2182.034816247582,2045.688588007737,2195.7001934235977,4355.95744680851,5529.959381044488,4913.882011605416,3914.450676982592,2851.6460348162477,2330.3423597678916,2966.3462282398455,2650.2069632495163,2698.276595744681,2035.348162475822,1933.6228239845261,2319.549323017408,5092.922630560928,4909.2185686653775,3689.477756286267,2752.5899419729208,3095.744680851064,3771.7117988394584,4540.566731141199,6137.058027079303,10228.212765957447,6567.025145067698,6297.332688588008,8474.508704061896,10109.328820116054,9314.197292069632,14199.63829787234,9098.663442940038,5794.806576402321,4404.268858800774,3437.2127659574467,2328.218568665377,1860.1953578336556,1428.9690522243714,1394.4390715667312,1268.36750483559,1595.8143133462283,2626.442940038685,3967.8433268858803,2906.634429400387,2743.78916827853,2741.148936170213,3949.551257253385,12348.282398452611,19848.466150870405,12177.74081237911,9169.040618955512,8911.694390715667,12898.454545454546,8715.061895551256,5845.856866537718,5635.170212765957,4194.22243713733,3020.798839458414,2826.0058027079303,5331.464216634429,12465.44487427466,12670.618955512573,7754.096711798839,4912.137330754352,3932.3636363636365,3891.5067698259186,3685.661508704062,3169.725338491296,5502.195357833656,7782.990328820116,12338.72340425532,11359.688588007737,24807.66924564797,30197.748549323016,19567.810444874274,14813.400386847195,22332.71760154739,18950.334622823986,13223.324951644101,8739.547388781431,6435.793036750483,5034.299806576402,3941.073500967118,2767.6750483558994,2501.4816247582203,3322.021276595745,8884.377176015474,13927.31914893617,9578.017408123791,8416.249516441007,19142.323017408125,23114.07350096712,15157.990328820117,10631.82011605416,11596.324951644101,17654.03675048356,20878.684719535784,29312.73500967118,19261.71760154739,11582.03094777563,7648.963249516441,5296.982591876209,3896.5087040618955,3488.2533849129595,4064.127659574468,2903.377176015474,2371.504835589942,1944.129593810445,2358.8820116054158,2919.294003868472,4922.651837524178,15632.22243713733,18386.932301740813,11310.684719535784,8604.15667311412,7280.377176015474,5423.5261121856865,3753.1353965183753,3000.1586073500966,3115.0464216634427,9253.423597678917,16454.82591876209,10763.526112185687,10198.82591876209,11174.336557059962,8624.139264990328,15083.324951644101,14907.237911025146,9274.595744680852,5764.085106382979,4097.1624758220505,3460.073500967118,2860.218568665377,1974.715667311412,1730.7543520309478,1502.8007736943907,1472.9303675048357,1454.8471953578337,1547.8143133462283,1784.2263056092843,2153.5009671179882,1657.4990328820115,2164.2669245647967,1932.8394584139264,1932.6092843326885,2099.0599613152804,2216.034816247582,2149.8762088974854,1940.9961315280464,1597.1353965183753,1770.9381044487427,1655.5512572533848,1773.953578336557,1443.2707930367505,1299.5473887814314,1375.0676982591876,1486.4119922630562,2156.1199226305607,4110.9980657640235,4320.10251450677,5551.84332688588,11598.245647969052,8752.787234042553,5995.396518375242,5552.228239845261,5953.52998065764,4426.2533849129595,3192.0986460348163,2799.8046421663444,2361.9303675048354,2639.825918762089,3365.725338491296,6702.208897485493,13100.425531914894,9373.191489361701,5963.286266924565,4904.5822050290135,7160.0019342359765,8980.528046421663,12783.885880077369,13944.025145067699,14803.916827852998,9252.112185686654,6176.394584139265,5282.431334622824,4186.89748549323,3025.941972920696,2356.705996131528,2262.5183752417797,2513.303675048356,6225.715667311412,6479.651837524178,6621.059961315281,6981.57833655706,6287.684719535783,4683.827852998066,4147.796905222437,3274.8278529980657,2611.2533849129595,2283.7098646034815,2338.388781431335,2299.854932301741,3880.1605415860736,10667.297872340425,9668.932301740813,6848.464216634429,6587.603481624758,11497.290135396519,25824.338491295937,19551.70406189555,12334.272727272728,8354.43907156673,6244.377176015474,4890.191489361702,5671.270793036751,16648.87427466151,28748.34816247582,22502.45261121857,15187.640232108317,9952.57253384913,7317.083172147002,6761.141199226306,14261.025145067699,15642.143133462283,17835.787234042553,27853.003868471955,20144.510638297874,16662.189555125726,26479.425531914894,21117.24564796905,13241.500967117989,8458.326885880077,5866.226305609284,4415.905222437137,3247.034816247582,2310.6750483558994,2531.394584139265,3647.68665377176,9025.315280464216,19877.508704061896,14157.715667311411,8851.36750483559,6892.570599613153,5809.723404255319,4266.852998065764,2928.183752417795,2642.6015473887815,4354.205029013539,6577.147001934236,16244.74081237911,27997.31334622824,25315.038684719537,15426.941972920697,10338.268858800773,9788.371373307544,7098.905222437137,4690.206963249517,3562.651837524178,3296.3423597678916,3788.4526112185686,6330.305609284333,5055.268858800774,3694.8201160541585,2867.9690522243714,3235.0096711798838,9372.021276595744,12924.775628626692,10846.961315280465,7554.249516441006,5197.056092843327,5048.636363636364,3671.0232108317214,2918.1934235976787,2510.6015473887815,2477.4719535783365,3599.5996131528045,11778.959381044488,11793.77176015474,7534.029013539652,5123.160541586073,4955.249516441006,9007.520309477757,21739.698259187622,21468.673114119923,13554.79497098646,8979.502901353966,6196.620889748549,4312.738878143134,3330.8433268858803,2806.1934235976787,2805.6769825918764,5829.094777562863,12082.377176015474,8202.052224371373,6316.056092843327,5827.170212765957,4488.411992263056,3115.8413926499034,2748.723404255319,2580.514506769826,2464.512572533849,2163.0618955512573,3425.4448742746613,8554.808510638299,13309.673114119923,9327.835589941973,7855.493230174081,5126.947775628627,3709.1992263056095,2879.5009671179882,2541.516441005803,2320.100580270793,5135.365570599613,16848.767891682786,24173.551257253384,16788.852998065762,10292.854932301741,6660.558994197292,4767.750483558994,3344.0038684719534,2616.8665377176017,2333.4893617021276,3043.1798839458415,2723.1218568665377,3100.3984526112185,3531.5899419729208,7381.84332688588,18568.195357833654,21517.45261121857,17457.087040618957,14735.230174081238,19115.87814313346,13636.918762088975,8278.961315280465,5674.705996131528,4272.568665377176,3518.5435203094776,3057.7176015473888,2944.8820116054158,4223.431334622824,4292.230174081238,3427.038684719536,4835.2533849129595,11231.659574468085,8571.89748549323,5507.251450676983,5322.976789168279,7249.212765957447,5803.396518375242,7161.725338491296,13680.081237911025,9879.500967117989,6592.78916827853,4505.313346228239,4664.003868471954,12729.644100580272,15088.032882011605,10155.125725338492,6814.922630560928,4903.779497098646,4858.500967117989,6755.10251450677,7302.688588007737,5006.294003868472,4460.798839458414,2984.2088974854933,2570.574468085106,2612.634429400387,2278.7659574468084,2076.8491295938106,1872.212765957447,1539.7756286266924,1453.1876208897486,1587.6189555125725,2056.9535783365573,1680.4758220502902,1641.5996131528047,1372.3500967117989,1829.823984526112,3627.905222437137,4142.723404255319,3754.166344294004,5497.1450676982595,4865.802707930367,5904.288201160542,11640.626692456479,8643.996131528047,5710.311411992263,4679.396518375242,10029.218568665377,12156.551257253384,7330.249516441006,4814.806576402321,3641.3984526112185,4289.779497098646,4366.773694390716,3582.3249516441006,4823.816247582205,13664.702127659575,10945.402321083173,7498.634429400387,6984.558994197292,14467.17988394584,11676.92069632495,7365.733075435203,4822.059961315281,4252.36750483559,3371.015473887814,2874.5280464216635,2025.0851063829787,1760.3810444874275,2444.965183752418,2834.771760154739,2175.7176015473888,2164.1083172147,1828.3539651837525,1650.1083172147003,1311.9110251450677,1360.201160541586,1306.3017408123792,2084.3597678916826,2247.9342359767893,2266.7117988394584,2671.394584139265,2429.485493230174,1997.2243713733076,1999.311411992263,2186.441005802708,2342.68665377176,1639.4893617021276,1834.404255319149,2467.168278529981,3305.6576402321084,4199.065764023211,4913.595744680851,4094.854932301741,4473.512572533849,3717.963249516441,4396.377176015474,3220.5357833655708,3445.404255319149,3413.7852998065764,2770.2495164410057,2225.2514506769826,2038.5899419729208,2058.8239845261123,3233.2088974854933,7954.452611218569,8216.147001934236,5394.056092843327,3750.4274661508703,2709.0618955512573,2143.624758220503,1692.8394584139264,1707.806576402321,1612.1798839458413,1902.7504835589941,1725.176015473888,2217.439071566731,2250.052224371373,2222.355899419729,1929.953578336557,1991.926499032882,3215.1160541586073,5419.58413926499,5639.918762088975,5622.369439071566,4835.164410058027,7392.466150870407,18567.353965183753,14232.617021276596,9314.682785299807,6917.779497098646,5510.04255319149,3654.166344294004,2536.36750483559,2126.9206963249517,1911.6673114119922,1761.8742746615087,1442.8413926499034,1549.5551257253385,1771.2533849129593,2470.477756286267,3155.9168278529983,4055.485493230174,2762.9168278529983,2139.6092843326887,1633.4642166344295,1523.4526112185686,1283.1992263056093,1873.3075435203095,2103.6015473887815,1907.2649903288202,1553.8046421663444,2599.181818181818,2618.3907156673113,2168.2669245647967,2010.110251450677,2262.2611218568663,1924.5512572533848,1609.8839458413927,1302.3984526112185,1292.4661508704062,1133.6479690522244,1428.2224371373306,1472.3752417794972,1514.7949709864604,1329.9303675048357,1306.0967117988394,1147.8375241779497,1237.3268858800773,1141.4448742746615,1441.1257253384913,1213.4932301740812,1441.4177949709865,1691.6092843326885,2012.7504835589941,4090.1334622823983,6396.464216634429,5454.446808510638,3694.1934235976787,2450.5067698259186,2129.1721470019343,1845.9226305609284,1814.7485493230174,1655.762088974855,1612.3558994197292,1370.1586073500966,1484.468085106383,1750.870406189555,3750.0406189555124,14143.911025145067,12734.388781431335,8048.499032882011,6001.6731141199225,4607.560928433269,3181.5996131528045,2180.570599613153,2226.1798839458415,3396.980657640232,2723.402321083172,2020.127659574468,1766.2553191489362,1457.1586073500966,1381.1489361702127,1259.0232108317214,1816.595744680851,3205.075435203095,3178.021276595745,2163.369439071567,1891.8375241779497,2075.0,2573.164410058027,2084.744680851064,1985.9845261121857,1541.934235976789,1545.1528046421663,1259.092843326886,1346.78916827853,1597.84332688588,3591.8665377176017,2850.338491295938,2117.8046421663444,1618.2862669245649,1719.0328820116054,2178.8452611218568,2007.36750483559,1526.3597678916828,1482.7040618955511,1144.5976789168278,1136.4468085106382,1181.8046421663444,1251.6266924564798,1400.311411992263,2237.9516441005803,5311.528046421663,6089.392649903288,4161.557059961316,3702.2437137330753,4593.969052224372,4772.0715667311415,3300.963249516441,3943.4448742746613,2920.247582205029,2385.0077369439073,1737.2456479690522,1552.816247582205,1274.531914893617,1336.1508704061896,1116.760154738878,1287.7717601547388,1191.8201160541587,1497.4119922630562,1818.9671179883946,2230.094777562863,1768.0251450676983,1594.6441005802708,1465.083172147002,2169.1528046421663,2948.613152804642,4780.315280464217,18552.930367504836,36565.56866537718,23271.982591876207,13500.514506769827,8416.197292069632,5516.04255319149,3348.8201160541585,2337.4564796905224,1631.7504835589941,1544.4700193423598,1372.348162475822,1488.3636363636363,1575.4816247582205,1708.1895551257253,1550.2959381044489,1587.3365570599613,1788.84332688588,2314.611218568665,1879.2495164410059,1807.7640232108317,1483.36750483559,1603.752417794971,1729.787234042553,1939.1121856866537,1678.9613152804643,1764.0812379110253,1507.5705996131528,1571.3849129593812,1571.4796905222438,2532.9168278529983,4455.083172147002,14273.760154738879,30173.856866537717,19218.51837524178,10852.522243713733,7191.328820116054,4601.152804642166,3639.551257253385,4093.483558994197,4467.2185686653775,4001.411992263056,2895.1353965183753,2064.5454545454545,2067.36750483559,2992.5551257253387,7972.063829787234,26996.932301740813,20281.07736943907,11099.16827852998,7331.133462282399,5154.959381044488,4040.9922630560927,2829.6537717601545,2387.798839458414,3122.644100580271,4033.78916827853,2688.9883945841393,2315.3462282398455,2108.965183752418,1964.6015473887815,2087.2862669245646,2218.1798839458415,1757.0116054158607,1535.2823984526112,1351.274661508704,1342.046421663443,1460.934235976789,1778.8123791102514,2397.2147001934236,3577.9709864603483,3443.705996131528,2568.369439071567,1954.139264990329,1772.642166344294,1373.1721470019343,1324.779497098646,1201.3365570599613,1322.5667311411992,1152.8085106382978,1210.2437137330755,1182.9187620889747,1244.6905222437138,1227.15667311412,1365.0812379110253,1066.203094777563,1128.2069632495165,1028.9419729206963,1248.8742746615087,1426.4274661508705,1878.1972920696326,1487.6847195357834,1432.7446808510638,1730.6402321083172,1904.970986460348,1441.8955512572534,1311.6382978723404,1313.4003868471953,1492.5377176015475,1593.4777562862669,1489.651837524178,1149.0483558994197,1179.0251450676983,1133.0967117988394,1484.7195357833655,1312.2340425531916,1246.3926499032882,1156.8646034816247,1411.4506769825919,1781.3017408123792,3237.7640232108315,2234.276595744681,1839.2417794970986,1800.007736943907,2742.2340425531916,1909.852998065764,1565.029013539652,1270.7582205029014,1279.1547388781432,1342.8491295938104,1586.1682785299806,1359.0947775628626,1921.5454545454545,1681.7582205029014,1443.7350096711798,1181.137330754352,1185.139264990329,1136.7079303675048,1605.9477756286267,5115.771760154739,5799.852998065764,3558.907156673114,2833.852998065764,2120.8433268858803,1684.5222437137331,1772.6208897485494,1920.787234042553,1542.5589941972921,1503.3791102514506,1346.9400386847196,1274.0773694390716,1183.0676982591876,1735.833655705996,1901.6286266924565,1677.3558994197292,2324.5473887814314,2643.1025145067697,1716.7001934235977,1538.3152804642166,1200.147001934236,1215.009671179884,1270.4796905222438,2502.6363636363635,12137.077369439072,12259.82011605416,7475.499032882011,4945.760154738879,4138.5261121856865,5605.442940038684,3490.25918762089,2263.220502901354,1913.7911025145067,2715.392649903288,2155.9922630560927,1629.36750483559,1231.9787234042553,1216.2166344294003,1118.8201160541587,1194.5551257253385,1089.1411992263056,1183.982591876209,1349.909090909091,1927.742746615087,6817.172147001934,19433.191489361703,14969.675048355899,7906.669245647969,4591.723404255319,2919.6092843326887,1842.8742746615087,1826.8046421663444,2298.667311411992,1922.6344294003868,1604.2147001934236,2036.1605415860736,1772.5183752417795,1605.659574468085,1299.1179883945842,1442.0328820116054,1543.733075435203,1555.8085106382978,1856.0058027079303,4056.502901353965,6414.613152804643,5723.547388781431,3675.539651837524,2861.5667311411994,4197.094777562863,3763.8820116054158,3514.568665377176,3172.9883945841393,2727.9748549323017,2136.5299806576404,1615.3152804642166,1447.294003868472,1248.5454545454545,1240.972920696325,1030.9690522243714,1061.3075435203095,1017.7021276595744,1108.1237911025146,1012.2030947775629,1185.9226305609284,1006.6363636363636,1082.705996131528,921.3017408123791,1056.6150870406188,1083.092843326886,1303.1141199226306,1175.1160541586073,1210.4448742746615,1199.4912959381045,1914.4796905222438,2005.4951644100581,2521.127659574468,2538.9671179883944,2319.479690522244,2028.833655705996,1750.4023210831722,1703.2630560928433,2542.7756286266927,3680.448742746615,3340.4990328820118,2676.6266924564798,2339.2359767891685,1848.936170212766,1637.1083172147003,1377.4390715667312,1325.3771760154739,1192.6479690522244,1517.9767891682786,3985.814313346228,7161.00580270793,4729.992263056093,3199.8762088974854,2053.071566731141,1815.4990328820115,2861.870406189555,2769.2088974854933,1993.9245647969053,2628.7330754352033,7671.560928433269,10705.630560928434,9910.856866537717,5650.823984526112,3332.5918762088977,2383.5551257253387,1760.009671179884,2388.1353965183753,6032.402321083172,4834.601547388781,2706.075435203095,1882.9845261121857,1379.0851063829787,1274.7504835589941,1486.017408123791,2953.924564796905,2965.2630560928433,2852.25918762089,2067.570599613153,2370.2437137330753,7052.829787234043,11716.748549323018,13589.239845261121,7586.48162475822,4098.930367504836,3261.0135396518376,4978.711798839458,15512.139264990328,10467.69825918762,5283.135396518375,3915.514506769826,3334.017408123791,1951.9613152804643,1637.10251450677,1273.4255319148936,1376.715667311412,1565.3172147001935,1463.89748549323,1321.2495164410059,1590.7311411992264,1485.5241779497098,1961.7911025145067,3975.446808510638,3113.779497098646,1749.1914893617022,1439.166344294004,1124.2417794970986,1236.9593810444874,1536.0232108317214,1377.2224371373306,1091.0154738878143,1323.7678916827854,1828.3520309477756,2068.3597678916826,1755.2340425531916,2614.0038684719534,2023.4603481624758,2004.8839458413927,4568.425531914893,4136.74081237911,2585.5996131528045,1906.6189555125725,1514.3017408123792,3307.147001934236,3349.1044487427466,2244.4893617021276,2171.8665377176017,3283.7292069632495,2775.7911025145067,3327.375241779497,3157.9690522243714,2952.808510638298,5456.456479690522,10222.419729206964,6654.1450676982595,3727.2301740812377,2198.7137330754354,1788.9303675048357,1319.1528046421663,1276.2437137330755,1127.5183752417795,1213.6537717601548,1308.752417794971,3067.704061895551,6757.160541586073,4879.220502901354,2774.6034816247584,3612.924564796905,10804.980657640232,9240.56092843327,4559.450676982592,2943.328820116054,2653.835589941973,3868.350096711799,3889.129593810445,3250.4448742746613,2247.872340425532,1688.3346228239845,1186.6711798839458,1068.0599613152804,1046.330754352031,1205.431334622824,1051.8665377176017,1044.7272727272727,1193.0754352030947,1914.2185686653772,1757.7021276595744,1615.3752417794972,1998.2359767891683,3980.4700193423596,3424.1798839458415,2425.742746615087,1813.212765957447,4848.729206963249,12729.617021276596,19070.9748549323,11825.075435203094,5244.63829787234,2509.0986460348163,1680.0618955512573,1212.2785299806576,1616.4216634429401,1511.5493230174081,1327.3384912959382,1092.8181818181818,1138.870406189555,1023.3017408123791,1112.1257253384913,1066.5125725338492,1342.2437137330755,1485.5512572533848,2666.742746615087,12374.53578336557,21883.682785299807,12150.709864603481,5281.147001934236,2758.174081237911,1822.5764023210832,1316.4487427466152,1363.568665377176,1278.3965183752418,1260.0793036750483,1150.9148936170213,1158.8027079303674,1222.3907156673115,1481.3636363636363,1679.9651837524177,1670.742746615087,1394.7852998065764,1478.4429400386848,1575.056092843327,3852.851063829787,14440.642166344294,29329.6750483559,22806.514506769825,9815.827852998065,4296.282398452611,2508.3230174081236,1819.78916827853,1872.0696324951643,1396.3056092843326,1258.5415860735009,1123.7949709864604,1122.7504835589941,1007.8974854932302,1164.5667311411992,971.9845261121857,1006.183752417795,1141.9148936170213,1165.4216634429401,1073.4622823984525,1431.3849129593812,3904.9226305609286,6213.0928433268855,3524.9400386847196,1920.4506769825919,1260.2959381044489,1210.889748549323,1390.1721470019343,1433.2185686653772,1145.4603481624758,1224.4197292069632,1081.1876208897486,1205.1953578336556,1070.860735009671,1238.6247582205028,1342.321083172147,1493.9690522243714,1281.816247582205,1343.0812379110253,1171.926499032882,1218.193423597679,1187.21083172147,3062.5009671179882,7823.030947775628,7172.572533849129,3213.0232108317214,1812.980657640232,1210.3771760154739,1089.9400386847196,1143.1818181818182,1606.6034816247582,2191.9922630560927,6301.909090909091,8692.659574468085,5200.286266924565,2537.321083172147,1689.6557059961315,1267.8665377176017,1342.1779497098646,1149.0696324951643,1155.7911025145067,1046.090909090909,1195.899419729207,1302.3984526112185,1671.1489361702127,1548.1586073500966,1866.8297872340424,4941.986460348163,17931.943907156674,23285.23404255319,12644.628626692456,5749.9284332688585,3300.092843326886,1868.4487427466152,1436.659574468085,1019.3887814313347,1111.046421663443,949.5183752417795,1006.9284332688588,974.2901353965184,1272.8123791102514,3034.6731141199225,4609.9458413926495,3026.4371373307545,1730.0386847195357,1209.889748549323,1126.4061895551258,978.5551257253385,1054.669245647969,922.7001934235976,1047.1411992263056,897.1334622823985,1082.6092843326885,1025.4448742746615,1084.063829787234,1092.6150870406188,1106.1218568665377,978.3191489361702,1266.7504835589941,1736.8491295938104,6694.941972920697,18209.183752417794,23784.413926499034,13017.088974854933,5755.785299806576,2860.0290135396517,1867.8665377176017,1194.073500967118,1161.835589941973,996.568665377176,1072.5609284332688,881.6499032882011,981.3771760154739,1037.7504835589941,1081.029013539652,984.5957446808511,1043.21083172147,940.9787234042553,1051.0309477756286,933.3094777562862,1069.642166344294,1579.862669245648,2634.7292069632495,3000.8413926499034,2062.166344294004,1274.1721470019343,1132.1972920696326,950.42166344294,1056.659574468085,920.1315280464216,1028.9226305609284,940.7272727272727,1010.8684719535784,1006.3810444874275,1152.8568665377177,1119.9651837524177,1157.7833655705997,1014.1450676982591,1124.1044487427466,993.4448742746615,1142.201160541586,1073.137330754352,1116.0618955512573,924.1063829787234,1010.4661508704062,1062.2495164410059,1004.3056092843327,965.119922630561,1094.4526112185686,1156.8684719535784,1784.311411992263,2198.833655705996,2713.222437137331,1856.3326885880078,1332.0309477756286,993.7427466150871,1018.1121856866538,943.7678916827853,1037.4661508704062,869.6034816247583,1009.8665377176015,1002.0696324951645,1262.8665377176017,1218.9497098646034,1146.889748549323,991.5551257253385,1060.769825918762,999.1141199226306,1076.0851063829787,927.8858800773694,1069.9845261121857,941.9032882011605,1074.6247582205028,988.8433268858801,1029.8491295938104,902.5338491295938,1039.063829787234,1141.4700193423598,1400.63249516441,1367.2243713733076,1617.129593810445,1356.294003868472,1602.7736943907157,1748.880077369439,1963.1876208897486,1431.4603481624758,1202.3926499032882,1003.9593810444874,1086.0696324951643,1077.0116054158607,1235.4139264990329,1139.5512572533848,1253.8046421663444,1495.9516441005803,2053.36750483559,2423.808510638298,2406.1605415860736,1533.872340425532,1209.5570599613152,1048.7485493230174,1085.1528046421663,979.411992263056,1138.2688588007736,1054.982591876209,1272.3326885880078,1338.7117988394584,2370.439071566731,7514.058027079303,16485.998065764023,23662.038684719537,26178.81237911025,14635.603481624757,6160.504835589942,2688.0599613152804,1845.247582205029,1387.6460348162475,1457.4429400386848,1606.284332688588,1906.7717601547388,1833.899419729207,1668.6363636363637,1306.2263056092843,1356.2688588007736,1303.1489361702127,1367.816247582205,1196.992263056093,1171.4564796905222,981.5087040618955,1090.7543520309478,890.5899419729207,1107.5435203094778,950.9439071566732,1060.0754352030947,931.5570599613153,965.4506769825919,839.2882011605416,925.0851063829788,908.7408123791103,1018.3056092843327,877.0386847195358,1003.6344294003868,1246.6092843326885,1359.9400386847196,1266.137330754352,1417.4468085106382,1347.090909090909,2794.477756286267,7428.918762088975,11936.990328820117,15900.007736943908,16831.435203094778,9659.495164410058,4115.816247582205,2144.887814313346,1855.294003868472,1759.1141199226306
581.4516728624535,502.8903345724907,529.1951672862454,464.52973977695166,591.4237918215614,432.13197026022306,541.2156133828996,525.5557620817843,555.0223048327138,526.7137546468401,583.4275092936803,508.503717472119,615.3308550185874,477.34200743494426,596.085501858736,616.1338289962825,656.3048327137546,614.139405204461,592.6840148698885,569.9721189591078,607.6468401486989,569.5204460966543,678.2695167286246,600.5130111524163,695.1858736059479,678.5130111524163,649.2137546468401,592.1040892193308,642.6189591078067,581.868029739777,692.8866171003717,611.9814126394052,707.4665427509294,637.9981412639405,709.6802973977696,611.2044609665428,730.4702602230483,590.4052044609665,712.1561338289963,600.1059479553903,710.639405204461,641.9684014869888,626.4776951672862,717.007434944238,669.5613382899628,535.4052044609665,649.2342007434944,726.5557620817843,750.8866171003717,630.3011152416357,723.2249070631971,692.2862453531599,715.9758364312268,690.4442379182157,745.9702602230483,600.6208178438661,725.631970260223,654.0687732342008,690.0483271375465,633.8698884758364,701.8698884758364,640.2304832713754,688.1486988847583,624.585501858736,738.8401486988847,655.3271375464684,729.0278810408922,670.8866171003717,623.9702602230483,729.4814126394052,681.8122676579926,669.7472118959108,727.8438661710037,643.9275092936803,713.957249070632,678.7509293680297,742.4758364312268,679.3550185873606,694.3215613382899,822.6263940520446,771.2973977695167,674.6765799256506,732.7156133828996,717.4869888475837,740.9628252788104,695.1505576208178,782.2602230483271,652.085501858736,709.2602230483271,712.8717472118959,748.3791821561339,662.8513011152417,779.2193308550186,761.2416356877324,725.0724907063197,747.7323420074349,752.2695167286246,725.7174721189591,791.2360594795539,701.7100371747212,791.682156133829,718.2137546468401,749.5594795539033,704.6635687732341,680.0371747211896,694.5687732342008,810.7323420074349,667.9479553903345,767.0223048327138,702.1003717472119,647.1022304832713,837.2249070631971,831.4349442379182,744.3754646840149,775.8754646840149,734.9814126394052,841.9646840148699,715.3977695167287,798.5817843866171,770.9237918215614,770.4851301115242,776.3959107806692,823.9795539033457,738.6691449814126,796.7007434944238,707.6691449814126,768.4702602230483,722.139405204461,844.2397769516729,798.5241635687732,816.8513011152417,760.2973977695167,841.4591078066915,737.2397769516729,753.1970260223048,739.3996282527881,818.3011152416357,778.6691449814126,819.9684014869888,668.3624535315985,772.7602230483271,692.0743494423792,676.1208178438661,823.3791821561339,858.0706319702603,755.8940520446097,777.453531598513,774.5408921933085,786.5297397769517,799.0483271375465,787.4256505576208,728.2397769516729,769.414498141264,745.9832713754647,847.5185873605948,802.6412639405205,787.085501858736,782.0260223048327,768.4330855018587,688.4795539033457,830.7174721189591,798.2174721189591,766.2769516728624,778.589219330855,832.1226765799256,773.6710037174721,798.7100371747212,796.5353159851301,848.3940520446097,718.1505576208178,867.4163568773234,799.2081784386617,843.7843866171004,771.6208178438661,740.589219330855,870.3568773234201,888.4646840148699,776.4275092936803,853.3996282527881,756.8308550185874,896.4089219330855,790.1263940520446,801.6171003717473,801.546468401487,771.2695167286246,755.1617100371748,834.9349442379182,813.9591078066915,794.2137546468401,821.9368029739777,825.3959107806692,809.1133828996283,844.6542750929368,775.0148698884758,860.1877323420074,768.0817843866171,862.1208178438661,820.0706319702603,829.1524163568773,886.3141263940521,806.3513011152417,832.9349442379182,874.4163568773234,823.8159851301115,851.4591078066915,772.9368029739777,735.0092936802974,911.6635687732341,817.946096654275,836.0613382899628,874.996282527881,804.8048327137546,861.1542750929368,795.368029739777,855.8513011152417,814.0799256505576,862.5092936802974,783.4163568773234,819.8940520446097,792.5520446096655,842.8661710037175,840.7992565055762,877.6412639405205,812.6375464684015,875.7081784386617,864.553903345725,832.3382899628252,787.457249070632,817.4795539033457,868.4944237918215,879.9349442379182,843.9293680297397,868.5669144981413,876.6208178438661,865.4312267657992,872.7211895910781,804.1951672862454,780.9776951672862,782.2416356877324,915.4014869888476,868.9256505576208,827.0910780669145,790.6282527881041,815.7936802973977,827.7063197026023,808.3884758364312,849.8382899628252,754.9981412639405,812.492565055762,837.2137546468401,784.5353159851301,829.3903345724907,770.4702602230483,772.8066914498141,840.0799256505576,797.3810408921933,799.0185873605948,809.0055762081785,842.5706319702603,835.4089219330855,833.8029739776952,855.592936802974,872.7397769516729,766.4776951672862,891.096654275093,809.3141263940521,842.8382899628252,884.7973977695167,835.4126394052045,813.1840148698885,880.4832713754647,945.2825278810409,897.6003717472119,813.317843866171,944.8847583643122,859.1263940520446,865.6375464684015,867.6579925650558,853.4944237918215,845.7360594795539,880.2007434944238,779.1226765799256,814.3513011152417,850.0706319702603,847.992565055762,880.1728624535316,858.9684014869888,876.3401486988847,856.8513011152417,782.7081784386617,880.2472118959108,809.6505576208178,837.5223048327138,843.1561338289963,873.6728624535316,846.2397769516729,888.0706319702603,799.2063197026023,863.6059479553903,816.8513011152417,862.3531598513011,816.053903345725,786.992565055762,974.8289962825279,898.2100371747212,893.460966542751,834.6765799256506,811.8996282527881,864.0947955390335,840.1914498141264,854.5706319702603,888.7397769516729,828.8438661710037,835.4386617100372,894.5836431226766,832.1282527881041,910.6245353159851,814.0557620817843,846.7918215613383,868.3736059479554,897.585501858736,856.7434944237918,899.6449814126394,899.6449814126394,891.457249070632,845.6505576208178,879.6208178438661,890.0669144981413,837.992565055762,916.6895910780669,915.2918215613383,857.131970260223,902.2174721189591,812.1245353159851,778.7899628252788,1015.7007434944238,1043.8401486988848,926.0799256505576,916.2825278810409,907.7137546468401,948.139405204461,846.039033457249,919.2843866171004,839.7472118959108,882.3308550185874,938.4869888475837,821.635687732342,915.9869888475837,975.046468401487,920.8438661710037,961.5613382899628,906.7379182156134,913.7676579925651,898.0092936802974,938.2527881040892,938.8624535315985,927.449814126394,889.9851301115242,897.9200743494424,888.457249070632,875.0947955390335,880.9293680297397,930.2788104089219,927.8531598513011,931.131970260223,851.7639405204461,822.8345724907064,959.2732342007434,957.1895910780669,917.3252788104089,939.2211895910781,988.1226765799256,1072.3029739776953,1008.003717472119,951.9052044609665,909.9795539033457,913.9163568773234,920.0167286245353,969.5260223048327,912.8252788104089,933.042750929368,970.8736059479554,978.1951672862454,962.5297397769517,984.2007434944238,912.0371747211896,1000.5483271375465,928.4628252788104,978.5018587360595,951.9182156133829,1019.9684014869888,988.6468401486989,945.6988847583643,930.0408921933085,959.5762081784386,906.3884758364312,957.7825278810409,922.3308550185874,852.1171003717473,1059.2565055762082,947.2527881040892,966.4702602230483,995.6171003717473,940.1542750929368,1022.8457249070632,961.7323420074349,972.907063197026,1036.3513011152415,1016.4126394052045,942.4368029739777,998.8066914498141,932.8420074349442,945.1561338289963,997.3903345724907,1061.732342007435,1025.1096654275093,1069.2416356877322,1003.050185873606,1022.9721189591078,979.5055762081785,982.0483271375465,1038.1171003717473,989.4832713754647,996.6988847583643,1059.4014869888476,1029.135687732342,1037.3345724907063,1011.3048327137546,1051.5297397769516,917.1970260223048,972.2602230483271,1192.1914498141264,1020.4182156133829,1103.3327137546469,1070.6263940520446,1026.3048327137546,1128.8754646840148,1183.0576208178438,1241.2453531598512,1056.6301115241636,1053.736059479554,977.8438661710037,970.9200743494424,1024.5724907063197,1049.282527881041,1002.7249070631971,1054.9200743494423,1002.1468401486989,1054.0594795539034,1032.903345724907,1008.4684014869888,988.364312267658,1081.0223048327136,1003.0446096654275,1062.685873605948,1110.0724907063197,1066.4572490706319,995.0130111524163,946.8066914498141,958.4758364312268,996.1747211895911,926.6542750929368,950.8234200743494,1078.10780669145,1085.7843866171004,953.6133828996283,1001.1078066914498,1049.8828996282527,1204.8977695167287,1159.8717472118958,1143.5055762081784,972.9237918215614,1021.6449814126394,1012.0408921933085,1048.5910780669144,1159.081784386617,1180.5631970260224,1130.4405204460966,999.7620817843866,987.7806691449814,1010.5185873605948,1027.4721189591078,1133.3513011152415,1101.453531598513,1077.3587360594795,1027.3568773234201,1049.193308550186,1051.407063197026,1205.368029739777,1193.32156133829,1272.578066914498,1106.7527881040892,1084.7490706319702,991.096654275093,981.8438661710037,1116.5092936802973,1059.4368029739776,980.042750929368,1087.0390334572492,1090.5408921933085,1089.5130111524163,1112.1579925650558,1083.2379182156135,1036.6208178438662,1081.7007434944237,1115.2955390334573,1220.3773234200744,1038.139405204461,1102.89219330855,1105.7657992565055,1161.1672862453531,1138.604089219331,1107.3866171003717,1045.8085501858736,1231.7918215613383,1154.0576208178438,1103.139405204461,1078.5706319702601,1126.2732342007434,1124.3513011152415,1177.8940520446097,1115.6245353159852,1095.1096654275093,1028.992565055762,1109.5631970260224,1043.4014869888476,953.8847583643122,1154.864312267658,1098.4776951672864,1065.278810408922,1083.782527881041,1092.8754646840148,1167.953531598513,1061.3550185873605,1134.8736059479554,1142.6635687732341,1062.3624535315985,1122.4665427509294,1109.193308550186,988.131970260223,1148.724907063197,1076.104089219331,1075.4089219330856,997.8791821561339,1118.988847583643,1078.0353159851302,1064.2509293680298,1066.9944237918216,1036.6133828996283,996.1078066914498,1098.596654275093,1057.2044609665427,1085.275092936803,1084.185873605948,1137.410780669145,1016.8438661710037,1112.9795539033457,1034.4349442379182,1084.4981412639406,1098.135687732342,1177.5706319702601,1142.4423791821562,1114.4665427509294,1182.992565055762,1271.135687732342,1150.8308550185873,1209.7546468401488,1160.2695167286245,1286.6431226765799,1174.228624535316,1215.3475836431228,1160.9572490706319,1015.907063197026,1099.3420074349442,1208.5762081784387,1161.7267657992566,1184.600371747212,1043.3420074349442,1070.1096654275093,1051.600371747212,1260.903345724907,1302.5204460966543,1245.5334572490706,1107.6208178438662,1039.081784386617,998.7565055762082,1191.5260223048326,1132.6728624535317,1293.828996282528,1147.7583643122678,1103.7899628252787,1269.9758364312268,1418.4386617100372,1270.9609665427508,1149.8531598513011,1030.8085501858736,1084.0427509293681,1037.0353159851302,1120.604089219331,1139.0594795539034,1152.3717472118958,1087.6988847583643,1074.8550185873605,1033.5594795539034,1159.828996282528,1149.5947955390334,1255.6542750929368,1041.5576208178438,1147.4256505576209,1017.2267657992566,1116.4479553903345,1114.5,1371.9498141263941,1052.1579925650558,1040.717472118959,999.3977695167287,1129.910780669145,1147.8457249070632,1273.7434944237918,1042.5501858736059,1040.3085501858736,931.6970260223048,1079.2620817843865,1260.4665427509294,1240.903345724907,1073.3513011152415,1119.4944237918216,1058.360594795539,1206.1877323420074,1137.0260223048326,1143.7453531598512,1110.2342007434945,1105.592936802974,1163.631970260223,1239.5408921933085,1073.4721189591078,1019.4182156133829,1082.581784386617,1294.5483271375465,1433.0427509293681,1595.903345724907,1242.4126394052046,1202.9014869888476,1102.778810408922,1095.3773234200744,1059.9423791821562,1109.6375464684015,1073.3048327137546,1284.5297397769516,1049.8847583643123,1065.899628252788,959.0743494423792,1008.7379182156134,950.7416356877324,1007.8791821561339,1077.492565055762,1239.7118959107806,1185.4256505576209,1097.8828996282527,1014.8513011152417,1105.5446096654275,1062.2156133828996,1138.236059479554,1157.4368029739776,1117.4052044609666,1020.4219330855019,1031.7044609665427,982.5167286245353,1037.4163568773233,996.7750929368029,1112.2044609665427,1073.592936802974,1162.0557620817845,1184.1691449814127,1348.6524163568772,1074.0353159851302,1098.5706319702601,1007.903345724907,1025.0594795539034,975.2342007434944,1107.2416356877322,1037.6338289962825,1208.639405204461,1251.767657992565,1546.232342007435,1618.2899628252787,1200.2527881040892,1184.3382899628252,1197.4646840148698,1109.018587360595,1542.1951672862454,1810.546468401487,1701.9293680297399,1899.4256505576209,1549.9460966542752,1086.3810408921934,1159.5018587360594,1062.0353159851302,1175.0260223048326,1181.3587360594795,1517.67843866171,1896.0873605947954,1585.104089219331,1392.8085501858736,1563.895910780669,1435.0315985130112,1483.275092936803,1402.3791821561338,1816.5408921933085,2710.797397769517,3326.1338289962823,2535.9219330855017,1920.8308550185873,1529.8698884758364,1503.3791821561338,1640.4386617100372,2428.1022304832713,2790.6970260223047,1596.39219330855,1380.6579925650558,1331.1728624535317,1344.3698884758364,1353.089219330855,1168.3661710037175,1314.0501858736059,1233.7769516728624,1610.9758364312268,1752.8568773234201,1453.9163568773233,1144.8401486988848,1238.6654275092937,1199.407063197026,1526.546468401487,2011.5520446096655,2540.650557620818,2758.710037174721,2263.8847583643123,1482.6970260223047,1769.8308550185873,1436.7527881040892,1424.7416356877322,1607.2100371747213,2070.9553903345727,1779.7100371747213,1379.3828996282527,1500.4869888475837,1434.092936802974,1443.0706319702601,1966.0334572490706,1645.810408921933,1443.7565055762082,1635.306691449814,1519.518587360595,1218.0557620817845,1375.1263940520446,1621.1617100371748,2274.4739776951674,1830.3940520446097,1891.9758364312268,1597.685873605948,1392.5446096654275,1277.3438661710038,1325.3903345724907,1436.1263940520446,1825.767657992565,2002.232342007435,1922.7193308550186,2547.7657992565055,3285.631970260223,4025.3308550185875,3112.0408921933085,2516.014869888476,1973.3513011152415,1784.5408921933085,1507.8791821561338,1210.1282527881042,1351.4479553903345,1528.3048327137546,2006.771375464684,2519.970260223048,1779.100371747212,1345.985130111524,1319.1914498141264,1477.3382899628252,1519.3624535315985,1154.60780669145,1395.4795539033457,1475.8048327137546,2028.325278810409,3035.4442379182155,3730.574349442379,1818.578066914498,1461.4163568773233,1382.8698884758364,1851.6115241635687,2415.0204460966543,2256.763940520446,1518.6059479553903,1449.0483271375465,1370.3550185873605,1659.8736059479554,1545.6152416356877,1906.0557620817845,2678.3996282527883,3687.864312267658,2281.4014869888474,2304.9237918215613,2563.4832713754645,1730.193308550186,1382.981412639405,1499.0631970260224,1765.7527881040892,2681.6654275092937,3389.6988847583643,2514.042750929368,1740.9349442379182,1867.0297397769516,2359.771375464684,1601.8903345724907,1223.2806691449814,1368.693308550186,1228.089219330855,1309.9591078066915,1284.7936802973977,1553.4776951672864,1247.2620817843865,1364.2527881040892,1223.0260223048326,1234.2416356877322,1148.1282527881042,1276.7509293680298,1335.2063197026023,1733.0334572490706,1681.5557620817845,1929.8327137546469,1393.7806691449814,1401.4609665427508,1208.410780669145,1318.1152416356877,1426.5427509293681,1667.5539033457248,1674.3736059479554,1803.4386617100372,1716.410780669145,1694.3773234200744,1498.6914498141264,1661.0762081784387,1880.2100371747213,1691.507434944238,1608.0204460966543,2037.5260223048326,1754.6115241635687,1606.7955390334573,1471.0427509293681,1473.0799256505577,1413.403345724907,1801.693308550186,2342.275092936803,2550.7490706319704,1743.860594795539,1367.7769516728624,1420.0594795539034,1959.488847583643,1608.8494423791822,1876.721189591078,2085.9163568773233,2046.5985130111524,1946.2602230483271,1831.5018587360594,1630.2416356877322,1732.8011152416357,1338.728624535316,1425.2007434944237,1392.988847583643,1511.2843866171004,1381.825278810409,1474.174721189591,1341.5669144981412,1496.988847583643,1750.8234200743495,1675.7100371747213,1443.2379182156135,1539.263940520446,1473.4293680297399,1609.0483271375465,1828.0799256505577,1928.1412639405205,1885.174721189591,1852.1951672862454,1691.4200743494423,1987.3327137546469,2328.8698884758364,2753.6449814126395,2728.0520446096652,2286.1895910780668,1909.9089219330856,2240.2063197026023,2290.7583643122675,2106.0780669144983,2012.4163568773233,2019.4684014869888,1817.9721189591078,1882.8717472118958,1802.078066914498,1773.4442379182155,1831.1022304832713,1910.6951672862454,1808.771375464684,2957.7118959107806,3039.8475836431226,1997.4869888475837,1840.4163568773233,2174.124535315985,1578.4591078066915,1837.046468401487,1702.0241635687732,1661.7137546468402,1834.5278810408922,2245.797397769517,2824.4907063197024,3095.4219330855017,1810.131970260223,2081.933085501859,2903.2434944237916,4142.7973977695165,5112.037174721189,3847.8698884758364,2461.6059479553905,1983.5353159851302,2297.6059479553905,2871.702602230483,3120.163568773234,4268.793680297398,4106.849442379182,4012.7565055762084,4857.254646840149,5297.67843866171,5003.657992565056,3298.3104089219332,2680.2434944237916,3472.539033457249,2385.022304832714,1671.7899628252787,1681.7732342007434,2043.3271375464683,2120.193308550186,2093.260223048327,1894.5799256505577,2166.403345724907,2296.871747211896,1823.5315985130112,1939.1598513011152,3012.7620817843867,3055.6542750929366,2475.778810408922,2229.968401486989,2504.3513011152418,1896.5167286245353,1923.5167286245353,2087.113382899628,2505.613382899628,2550.104089219331,2310.550185873606,1820.4739776951674,1650.5055762081784,1497.7026022304833,1923.825278810409,2645.120817843866,3003.104089219331,2452.0520446096652,2146.9126394052046,1815.6598513011152,2461.8773234200744,2732.9126394052046,2231.3847583643123,2863.174721189591,3092.2732342007434,2451.0910780669146,3034.113382899628,2931.1171003717473,2832.7304832713753,2222.639405204461,1925.0743494423791,2173.9739776951674,2891.1728624535317,3913.057620817844,5091.401486988848,4306.877323420074,4277.3624535315985,3597.8234200743495,3601.6802973977697,3292.650557620818,3639.156133828996,4034.934944237918,3683.2304832713753,4455.2973977695165,4880.966542750929,3203.1078066914497,2413.873605947955,1895.8475836431228,2228.139405204461,2453.9814126394053,3442.3271375464683,3772.1914498141264,3443.8828996282527,3564.671003717472,3873.4814126394053,4710.723048327138,5197.026022304833,3609.626394052045,4227.078066914498,4088.3475836431226,3009.0111524163567,3372.2806691449814,4130.098513011152,3675.4591078066915,3494.754646840149,3060.8587360594797,3905.2063197026023,3843.0,3931.8401486988846,3944.8104089219332,4669.377323420074,3642.0334572490706,3116.364312267658,3117.5985130111526,3905.53717472119,3997.6078066914497,3383.825278810409,2476.9516728624535,1963.7342007434945,1547.5687732342008,1764.2137546468402,1618.7936802973977,1506.953531598513,1469.6226765799256,1663.5539033457248,1410.2769516728624,1468.488847583643,1481.9275092936803,1480.4423791821562,1430.3197026022306,1561.0483271375465,1690.0613382899628,1864.485130111524,1809.4014869888476,2702.724907063197,3660.85687732342,3183.232342007435,2338.139405204461,1565.0,1336.7230483271376,1660.918215613383,1954.2081784386617,2291.135687732342,1502.3791821561338,1658.0130111524163,1545.3828996282527,1672.6301115241636,1832.639405204461,1866.4646840148698,1300.325278810409,1414.5223048327136,1457.1468401486989,1722.4256505576209,1875.2546468401488,2058.217472118959,2452.4275092936805,3042.1765799256505,2388.873605947955,2124.752788104089,2365.0130111524163,1651.8903345724907,1396.1449814126395,1479.9349442379182,1433.3977695167287,1777.2342007434945,2484.613382899628,3163.1654275092937,1901.1840148698884,1981.9089219330856,2368.6412639405203,2939.7695167286247,3736.799256505576,2626.1728624535317,1744.3624535315985,2412.252788104089,2012.3791821561338,1686.7509293680298,1343.0613382899628,1735.4795539033457,2127.2434944237916,2752.1171003717473,1974.5427509293681,2313.5260223048326,2359.1096654275093,2148.074349442379,1353.5743494423791,1495.7583643122678,1545.0278810408922,2007.0204460966543,2827.842007434944,4842.403345724907,5938.5724907063195,6224.399628252788,3387.574349442379,1813.6914498141264,1381.2620817843865,1415.7137546468402,1250.0836431226767,1481.139405204461,1500.1654275092937,2110.9516728624535,2445.221189591078,3036.3977695167287,3675.8921933085503,4481.758364312268,2249.453531598513,1907.8736059479554,1819.3568773234201,2071.752788104089,2193.7936802973977,3202.53531598513,4215.633828996282,3415.985130111524,2446.592936802974,3335.8698884758364,2496.6951672862456,1626.9479553903345,1453.1412639405205,1766.0092936802973,2197.1617100371745,3394.2936802973977,2612.700743494424,1840.671003717472,1793.724907063197,2104.7193308550186,2243.2230483271373,2527.5446096654273,2103.1970260223047,1721.1263940520446,2112.442379182156,2179.7267657992566,2058.656133828996,3386.628252788104,3166.5092936802976,1969.2992565055763,1878.578066914498,2921.9237918215613,3085.267657992565,2451.4144981412637,2832.9293680297396,4144.823420074349,5717.139405204461,3965.620817843866,1961.8550185873605,1586.996282527881,1272.9516728624535,1436.4349442379182,1377.1022304832713,1808.5334572490706,1540.771375464684,1456.2973977695167,1276.8866171003717,1347.3513011152415,1098.481412639405,1241.2899628252787,1271.0390334572492,1318.1375464684015,1345.6115241635687,1353.7602230483271,1095.8940520446097,1428.5762081784387,1444.407063197026,1341.6486988847585,1118.1338289962825,1255.4907063197027,1113.4330855018588,1230.2472118959108,1168.6579925650558,1326.6691449814127,1094.7044609665427,1260.3698884758364,1085.9163568773233,1394.9423791821562,1192.921933085502,1241.3011152416357,1097.4739776951674,1207.1728624535317,1121.4758364312268,1214.1728624535317,1191.4405204460966,1440.89219330855,1143.8866171003717,1236.488847583643,1137.1301115241636,1212.189591078067,1060.263940520446,1144.604089219331,1314.0557620817845,1485.3847583643123,1470.364312267658,1420.2732342007434,1411.825278810409,1778.7527881040892,1883.0055762081784,1630.2304832713755,1742.1505576208178,2384.5706319702604,1584.7100371747213,1288.763940520446,1143.2602230483271,1242.0520446096655,1240.5873605947954,1170.4981412639406,1086.5613382899628,1309.631970260223,1058.4944237918216,1271.236059479554,1088.9684014869888,1249.778810408922,1165.9628252788104,1159.7899628252787,1078.6226765799256,1180.7193308550186,1189.1914498141264,1543.7007434944237,1802.3903345724907,1650.263940520446,1316.9628252788104,1286.8661710037175,1456.4832713754647,1449.907063197026,1258.0687732342008,1422.7992565055763,1468.782527881041,1687.981412639405,1295.096654275093,1181.5427509293681,1154.1970260223047,1283.778810408922,1251.3810408921934,1687.7267657992566,1961.0650557620818,1762.007434944238,1266.096654275093,1358.3550185873605,1464.2044609665427,1972.7881040892194,1452.7973977695167,1436.306691449814,1503.5594795539034,1841.817843866171,1974.0297397769516,1999.267657992565,1580.7193308550186,1470.5315985130112,1309.7490706319702,1634.0910780669144,1327.903345724907,1257.578066914498,1064.82156133829,1235.3587360594795,1399.5408921933085,1464.604089219331,1565.081784386617,1807.4591078066915,1421.0873605947954,1710.1524163568772,2112.940520446097,2268.17843866171,1571.1375464684015,1686.9237918215613,1819.9684014869888,1652.6449814126395,1528.5260223048326,1756.67843866171,1929.2992565055763,2274.17843866171,1639.4591078066915,1955.992565055762,2351.9479553903348,3146.375464684015,1975.864312267658,1803.511152416357,1732.921933085502,1783.6970260223047,2213.131970260223,3623.0557620817845,4604.011152416357,3395.613382899628,2742.14312267658,3333.9832713754645,2061.8401486988846,1670.9312267657992,2026.589219330855,2915.299256505576,2395.754646840149,2699.3234200743495,2415.631970260223,2596.0724907063195,2534.5687732342008,3589.8828996282527,2739.059479553903,1918.4479553903345,1531.6375464684015,1768.953531598513,2303.4795539033457,2064.736059479554,1402.0260223048326,1808.7137546468402,2713.9014869888474,3748.7565055762084,2494.6226765799256,3098.3661710037177,3226.8996282527883,3194.5910780669146,4398.5724907063195,3440.782527881041,2426.5446096654273,4149.808550185873,5131.436802973978,2853.4368029739776,2193.1486988847582,3373.604089219331,5113.782527881041,5751.098513011152,4976.553903345725,3761.120817843866,2892.611524163569,3199.9200743494425,5227.403345724907,7351.301115241636,4896.366171003718,3463.7936802973977,5470.723048327138,8974.799256505576,5890.198884758364,3465.403345724907,2080.3475836431226,1873.518587360595,2105.395910780669,3255.0724907063195,3381.4944237918216,3456.349442379182,4432.236059479554,6732.605947955391,4549.646840148699,2655.522304832714,1985.1282527881042,1490.7657992565055,1314.895910780669,1619.5446096654275,1599.2044609665427,2023.7044609665427,3129.977695167286,3360.3828996282527,2025.5594795539034,1721.9052044609666,1767.267657992565,1750.921933085502,1436.5260223048326,1777.5167286245353,2393.3085501858736,3582.297397769517,2710.5111524163567,2335.3327137546466,2336.3234200743495,1755.1152416356877,1480.6877323420074,1704.7881040892194,2393.938661710037,2395.539033457249,1559.9014869888476,1597.9702602230484,1490.8327137546469,1825.7416356877322,1387.1617100371748,1532.8513011152415,1537.6840148698884,2181.8234200743495,2527.8550185873605,2274.2063197026023,1788.5315985130112,1467.6431226765799,1367.9553903345725,1569.5,1475.8940520446097,1573.0241635687732,1959.8884758364313,1849.685873605948,1459.314126394052,1523.3568773234201,1324.771375464684,1603.7546468401488,2150.752788104089,3388.314126394052,2377.6617100371745,1625.0594795539034,1524.3364312267659,1470.5167286245353,1371.3624535315985,1662.085501858736,1365.6840148698884,1464.3736059479554,1599.5334572490706,2170.5724907063195,2265.6226765799256,2023.8940520446097,1458.39219330855,1682.0910780669144,2125.7230483271373,2406.96282527881,1580.6245353159852,1462.910780669145,1365.5315985130112,1920.2026022304833,1550.9163568773233,1381.3122676579926,1330.6468401486989,1629.860594795539,1893.7955390334573,2264.3828996282527,1587.511152416357,1667.6115241635687,2049.806691449814,2222.9591078066915,1330.2695167286245,1368.0223048327136,1159.4089219330856,1295.8401486988848,1231.2397769516729,1434.0371747211896,1382.368029739777,1886.60780669145,2830.124535315985,2374.3401486988846,1264.368029739777,1266.2546468401488,1213.0724907063197,1503.0594795539034,1198.0724907063197,1423.4386617100372,1139.3568773234201,1430.8029739776953,1294.721189591078,1250.8940520446097,1225.7434944237918,1324.4330855018588,1336.6505576208178,1882.0520446096655,2256.539033457249,1742.2026022304833,1571.0092936802973,2542.806691449814,2526.8996282527883,1518.2156133828996,1386.1208178438662,1606.868029739777,1523.778810408922,1510.7657992565055,1218.8364312267659,1538.3828996282527,1907.263940520446,2421.3847583643123,2771.4981412639404,2036.217472118959,1395.1115241635687,1579.7193308550186,1630.8029739776953,2244.247211895911,1702.6970260223047,1763.631970260223,1703.589219330855,2250.4553903345727,1653.217472118959,1632.3828996282527,1929.2695167286245,2158.9014869888474,1391.1208178438662,1448.2100371747213,1676.1431226765799,2861.8345724907063,3627.120817843866,2144.3104089219332,1705.8661710037175,1885.9423791821562,1438.7843866171004,1505.8197026022306,1521.5408921933085,1680.2769516728624,1464.6152416356877,1483.7862453531598,1296.8661710037175,1802.3531598513011,2553.5018587360596,2146.349442379182,1288.7527881040892,1412.2955390334573,1279.4609665427508,1364.0334572490706,1432.1654275092937,1666.825278810409,1406.910780669145,1996.4386617100372,1830.1524163568772,1739.4126394052046,1269.5371747211896,1269.0260223048326,1118.2100371747213,1286.4330855018588,1212.5092936802973,1487.2026022304833,1682.7472118959108,1874.4423791821562,1404.0576208178438,1352.2063197026023,1218.9052044609666,1490.0,1579.5,1703.9275092936803,1696.6542750929368,2240.85687732342,1990.6208178438662,1461.4609665427508,1370.3382899628252,1595.689591078067,1851.453531598513,2055.8698884758364,1956.1988847583643,2315.4944237918216,1854.7156133828996,1729.8401486988848,1393.810408921933,1620.7955390334573,1711.2769516728624,1798.185873605948,1365.1449814126395,1614.8828996282527,1737.7379182156135,2643.7490706319704,3904.3345724907063,4233.550185873606,1707.4869888475837,1536.4349442379182,1577.5446096654275,1438.007434944238,1115.9758364312268,1372.410780669145,1218.9293680297399,1323.1338289962825,1468.4981412639406,1487.360594795539,1197.9646840148698,1378.0018587360594,1227.2304832713755,1323.5223048327136,1218.1208178438662,1496.1263940520446,1382.5204460966543,1568.174721189591,1845.2843866171004,2470.492565055762,1790.4293680297399,1310.0873605947954,1165.7602230483271,1367.6431226765799,1307.778810408922,1844.282527881041,1610.2732342007434,1553.5724907063197,1195.546468401487,1525.3327137546469,1618.3513011152415,1551.5873605947954,1175.492565055762,1284.3475836431228,1170.9405204460966,1233.1301115241636,1173.3122676579926,1362.8327137546469,1264.3884758364313,1484.1059479553903,1438.4442379182155,1510.2434944237918,1346.7044609665427,1392.2899628252787,1337.8475836431228,1628.4628252788104,2290.646840148699,2054.708178438662,1181.585501858736,1318.9944237918216,1219.6914498141264,1240.4721189591078,1182.481412639405,1404.4758364312268,1497.1115241635687,2362.171003717472,2253.193308550186,1931.325278810409,1471.496282527881,1704.9739776951674,1625.6524163568772,1606.410780669145,1718.7118959107806,2455.8847583643123,2889.4237918215613,2240.2063197026023,1667.8903345724907,2097.635687732342,2374.6840148698884,2683.8345724907063,1858.5130111524163,2016.4293680297399,3275.514869888476,3858.886617100372,1838.9330855018588,1461.736059479554,1323.7769516728624,1428.9944237918216,1330.3122676579926,1535.317843866171,1294.6524163568772,1424.9405204460966,1461.82156133829,2078.182156133829,3108.4591078066915,4712.719330855019,3025.5,2163.0260223048326,1832.0501858736059,2311.2118959107806,1753.5371747211896,2272.6617100371745,2645.710037174721,1765.7973977695167,1442.2230483271376,1857.8197026022306,2262.6895910780668,2657.3624535315985,1720.221189591078,1790.481412639405,2273.6765799256505,4052.663568773234,6198.624535315985,4192.479553903346,2984.745353159851,2678.046468401487,2412.0018587360596,1934.3029739776953,1568.9126394052046,1978.592936802974,2622.970260223048,5048.522304832713,4704.481412639405,2242.2509293680296,1568.3977695167287,1995.3234200743495,2718.3011152416357,4027.2806691449814,2254.64312267658,2037.9758364312268,2432.0446096654273,3640.728624535316,2246.529739776952,1626.4907063197027,1337.7156133828996,1484.2527881040892,1552.7955390334573,2135.4739776951674,2942.113382899628,4771.840148698885,4306.163568773234,5231.791821561338,6773.347583643123,3471.0037174721188,2342.271375464684,3488.6524163568774,5527.195167286245,5653.994423791822,3103.3624535315985,2418.4144981412637,3261.992565055762,6326.302973977695,7399.254646840149,2906.710037174721,1626.10780669145,1688.1338289962825,1749.7862453531598,1784.1765799256505,1373.9739776951674,1445.0669144981412,1455.9237918215613,1915.899628252788,1914.131970260223,2889.4144981412637,3578.0724907063195,4473.453531598513,3315.03717472119,4415.197026022305,6989.834572490707,5502.882899628253,5970.888475836431,4515.594795539034,2796.5706319702604,3064.096654275093,3374.7620817843867,2058.0520446096652,1508.868029739777,1613.139405204461,2126.3475836431226,2446.5185873605947,1873.1226765799256,2049.2881040892194,1853.5799256505577,2508.5947955390334,4359.7007434944235,7152.873605947955,3447.7156133829,2000.1691449814127,1853.5631970260224,1715.8271375464683,1772.9981412639406,2528.2509293680296,4385.814126394052,7616.42565055762,6167.791821561338,8039.996282527881,4780.278810408922,3810.972118959108,5131.414498141264,3642.228624535316,2026.6338289962825,1814.4572490706319,1768.2546468401488,2205.613382899628,3370.024163568773,5939.550185873606,6403.141263940521,5818.795539033457,5161.7973977695165,5497.550185873606,2608.1951672862456,2461.342007434944,2413.2416356877325,1869.1672862453531,1544.685873605948,1531.2602230483271,1524.9312267657992,1789.5873605947954,2300.236059479554,3674.3029739776953,2999.202602230483,4581.633828996282,4295.189591078067,5658.258364312268,7148.583643122676,10498.730483271376,18443.71933085502,13555.53345724907,4411.836431226766,2579.5037174721188,2542.325278810409,4429.453531598513,4500.8308550185875,5524.644981412639,9511.31970260223,7208.466542750929,3181.5111524163567,1788.1152416356877,1554.9237918215613,2062.1617100371745,2871.217472118959,4612.319702602231,4691.998141263941,5847.769516728625,3259.566914498141,1812.5687732342008,1540.4628252788104,1580.403345724907,1505.3828996282527,1828.953531598513,2229.3104089219332,3334.6840148698884,6523.672862453532,5128.275092936803,2150.0334572490706,2088.278810408922,2468.0557620817845,4228.631970260223,4196.171003717473,7131.672862453532,5871.661710037175,3937.1301115241636,1918.7453531598512,1696.139405204461,1776.6877323420074,2035.3401486988848,2188.6003717472117,3727.395910780669,7322.076208178439,5981.1040892193305,2420.918215613383,1808.6914498141264,1415.092936802974,1503.6505576208178,1488.6598513011152,1564.0576208178438,1572.0594795539034,2131.1152416356877,1886.5873605947954,1891.724907063197,2562.5724907063195,2778.3903345724907,3037.208178438662,5942.457249070632,9016.009293680298,5567.027881040892,7120.171003717473,5802.111524163569,2431.2118959107806,2051.046468401487,1726.10780669145,2102.1171003717473,1479.217472118959,1520.8457249070632,1461.8513011152415,1460.2007434944237,1581.224907063197,2359.8271375464683,4025.6059479553905,8251.161710037175,5466.407063197026,2885.650557620818,1718.635687732342,1528.7806691449814,1320.6505576208178,1314.9330855018588,1354.3475836431228,1443.1988847583643,1326.2565055762082,1614.4293680297399,2002.8568773234201,2787.789962825279,5260.375464684015,5803.094795539034,2374.014869888476,2041.0278810408922,1909.0724907063197,1943.2918215613383,1501.081784386617,1630.232342007435,1526.9405204460966,1484.6802973977694,1501.4981412639406,2334.9665427509294,2782.6672862453534,5530.563197026022,3264.2193308550186,1720.0297397769516,1359.60780669145,1446.0724907063197,1335.5539033457248,1431.6282527881042,1369.4646840148698,1487.9869888475837,1413.1765799256505,1744.6096654275093,2055.5334572490706,3875.135687732342,3877.185873605948,2192.317843866171,2006.6301115241636,2071.531598513011,1608.6561338289962,1660.011152416357,1422.7973977695167,1502.4721189591078,1497.3364312267659,1899.236059479554,2510.126394052045,3775.7230483271373,8398.211895910781,14650.336431226766,10111.657992565055,4020.8308550185875,2114.9795539033457,2071.1840148698884,1455.399628252788,1408.8884758364313,1188.6579925650558,1320.8401486988848,1146.5278810408922,1242.717472118959,1101.9405204460966,1246.7434944237918,1128.2193308550186,1281.9014869888476,1332.3029739776953,1635.9275092936803,1426.2657992565055,1539.0,1581.985130111524,1406.1635687732341,1291.671003717472,1388.407063197026,1192.0353159851302,1437.8197026022306,1746.5539033457248,2601.8940520446095,1581.7732342007434,1417.6598513011152,1337.3810408921934,1852.4702602230484,1967.4721189591078,2150.8661710037177,1674.0297397769516,1515.4944237918216,1298.4312267657992,1723.8159851301116,1247.8828996282527,1522.0315985130112,2018.0334572490706,3683.514869888476,3023.5408921933085,1863.682156133829,1274.3401486988848,1328.228624535316,1349.503717472119,1560.635687732342,1193.9200743494423,1264.453531598513,1171.1468401486989,1448.2843866171004,1867.100371747212,1812.7193308550186,1976.8568773234201,2223.8345724907063,1630.581784386617,1684.5576208178438,1488.8438661710038,1458.5743494423791,1253.317843866171,1396.9014869888476,1291.8940520446097,1653.985130111524,1825.081784386617,1740.0799256505577,1486.3085501858736,1917.4200743494423,2287.2193308550186,2754.67843866171,2682.4981412639404,2511.1914498141264,1773.1877323420074,1494.3271375464683,1358.7732342007434,1503.717472118959,1509.4126394052046,1551.39219330855,1380.907063197026,1542.767657992565,1779.8977695167287,2474.624535315985,2785.2434944237916,1945.6598513011152,2119.7137546468402,2603.024163568773,2352.5185873605947,2206.925650557621,1805.0,2321.3159851301116,2775.8903345724907,3259.957249070632,2776.933085501859,2052.789962825279,1684.0594795539034,2072.3308550185875,3043.693308550186,3050.7230483271373,2476.03717472119,2319.217472118959,1713.3977695167287,1914.3475836431228,1504.910780669145,1788.1524163568772,1910.2007434944237,2486.3159851301116,2204.278810408922,2002.3828996282527,2132.836431226766,1819.2416356877322,1461.0241635687732,1497.3884758364313,1480.4628252788104,1777.6189591078066,1616.368029739777,1512.8661710037175,1471.8085501858736,1830.5873605947954,1590.6282527881042,2241.373605947955,2888.5724907063195,2031.4126394052046,1586.5669144981412,2172.972118959108,2602.9869888475837,2223.721189591078,2712.3104089219332,4689.736059479554,3944.628252788104,2501.156133828996,2236.7881040892194,2016.3420074349442,1917.9721189591078,2112.3773234200744,1857.3587360594795,2248.074349442379,1566.685873605948,1735.9795539033457,1864.1524163568772,1784.0669144981412,2016.992565055762,2850.2118959107806,1880.7955390334573,1679.4312267657992,1873.092936802974,2509.306691449814,3015.042750929368,4854.864312267658,6841.743494423792,4425.102230483271,2711.702602230483,2323.0985130111526,2917.710037174721,5403.631970260223,7591.596654275093,3799.470260223048,2327.325278810409,2777.3996282527883,4359.888475836431,4864.89219330855,4244.360594795539,2177.849442379182,1716.689591078067,1760.4869888475837,1417.7695167286245,2055.1338289962823,2013.2453531598512,3899.767657992565,2815.0204460966543,1915.782527881041,1706.2546468401488,1839.5687732342008,2345.745353159851,3074.782527881041,3521.693308550186,5197.933085501859,6398.661710037175,8493.99442379182,8810.310408921932,5308.018587360595,7017.403345724907,10769.031598513011,6056.518587360595,4193.920074349442,4990.804832713755,3354.3382899628255,3537.131970260223,3011.968401486989,2625.3977695167287,4559.418215613383,7409.157992565056,4335.578066914498,3678.7620817843867,7106.0724907063195,9346.710037174722,4057.089219330855,2502.5557620817845,2936.1877323420076,3834.8308550185875,9058.732342007435,11182.280669144982,5439.888475836431,5541.981412639405,7895.185873605948,4696.4925650557625,3528.1672862453534,3806.8996282527883,4001.4368029739776,3711.553903345725,2418.3271375464683,2080.754646840149,3408.53531598513,3566.156133828996,3706.5855018587363,2421.604089219331,1974.7955390334573,2305.3698884758364,2107.260223048327,1568.7806691449814,1789.418215613383,2266.395910780669,4558.366171003718,3775.8996282527883,2116.4293680297396,1548.6505576208178,1491.5557620817845,1509.0353159851302,2078.353159851301,3205.2118959107806,5190.189591078067,2554.4237918215613,2257.379182156134,2780.592936802974,4458.267657992565,9224.219330855018,6850.998141263941,3417.239776951673,2303.635687732342,1744.2565055762082,2173.1951672862456,2449.5018587360596,2019.8884758364313,1788.9684014869888,1998.7453531598512,2330.53717472119,3004.066914498141,1964.1245353159852,1701.6152416356877,1616.631970260223,1710.7881040892194,1945.3327137546469,1785.5669144981412,1610.4386617100372,1693.8029739776953,1682.8271375464683,1616.2416356877322,1456.5799256505577,1671.9665427509294,1509.864312267658,1480.1263940520446,1444.6189591078066,2391.0408921933085,2793.4275092936805,4057.977695167286,2271.252788104089,1640.403345724907,1403.0539033457248,1649.3661710037175,1380.5762081784387,1528.7620817843865,1641.910780669145,3047.135687732342,3371.9553903345727,2087.96468401487,1772.2193308550186,2775.6486988847582,6656.788104089219,5047.869888475836,2244.6059479553905,1739.689591078067,1492.9684014869888,1530.0743494423791,1439.4665427509294,1398.8977695167287,1394.5873605947954,1639.9423791821562,2276.7769516728627,2123.306691449814,1512.6338289962825,1483.4368029739776,1474.689591078067,1624.4442379182155,1446.6115241635687,2188.3327137546466,1932.0743494423791,2675.8085501858736,4950.377323420074,6768.808550185873,3082.771375464684,2063.379182156134,1659.8420074349442,1594.0278810408922,1388.589219330855,1880.2044609665427,2120.029739776952,3271.0520446096652,3132.96282527881,1982.6431226765799,1537.4553903345725,1412.7490706319702,1200.7397769516729,1292.046468401487,1151.2602230483271,1286.453531598513,1355.910780669145,1819.5687732342008,1275.8308550185873,1204.6245353159852,1045.8773234200744,1131.221189591078,1049.278810408922,1159.224907063197,1085.9293680297399,1303.7509293680298,1268.507434944238,2026.2397769516729,2726.3773234200744,7248.306691449814,9596.423791821562,5084.152416356877,2935.574349442379,1940.9981412639406,1359.2044609665427,1372.903345724907,1473.0910780669144,1494.4609665427508,1180.5743494423791,1284.2602230483271,1119.3029739776953,1255.0446096654275,1619.6431226765799,2579.0,2107.1301115241636,1568.2509293680298,1360.6524163568772,1448.267657992565,1231.014869888476,1302.1802973977694,1225.314126394052,1397.806691449814,1271.6672862453531,1475.0055762081784,1303.8698884758364,1492.6598513011152,1685.996282527881,1997.9758364312268,2093.873605947955,2397.4832713754645,1583.1654275092937,1503.1022304832713,1280.581784386617,1341.0018587360594,1307.717472118959,1760.1208178438662,2144.1375464684015,1751.9089219330856,1356.578066914498,1404.0520446096655,1375.496282527881,1390.007434944238,1146.236059479554,1139.275092936803,1307.6691449814127,1391.6431226765799,1278.5762081784387,1730.0743494423791,1466.481412639405,1543.9349442379182,1699.8866171003717,1606.1226765799256,1463.4981412639406,1574.1059479553903,1469.7602230483271,1771.3866171003717,1562.7342007434945,2146.282527881041,1679.4628252788104,1427.3736059479554,1299.278810408922,1791.2527881040892,1170.9591078066915,1370.518587360595,1234.1988847583643,1415.2732342007434,1463.2379182156135,1575.693308550186,1464.2230483271376,1523.895910780669,1269.1579925650558,1361.689591078067,1421.8048327137546,1507.1654275092937,1228.4516728624535,1355.9442379182155,1615.5483271375465,1721.1449814126395,2054.806691449814,1839.6152416356877,1614.7193308550186,1533.7881040892194,1310.189591078067,1413.589219330855,1332.7230483271376,1471.3810408921934,1272.60780669145,1376.5557620817845,1367.7230483271376,1409.171003717472,1236.7899628252787,1374.7918215613383,1253.895910780669,1774.604089219331,1264.32156133829,1401.9628252788104,1531.7397769516729,2000.1468401486989,1501.4163568773233,1618.2397769516729,1808.0334572490706,3174.7657992565055,2886.9126394052046,4245.4758364312265,2813.7044609665427,2152.732342007435,1669.7230483271376,1519.6375464684015,1376.5576208178438,1469.9516728624535,1204.4498141263941,1323.4330855018588,1198.182156133829,1387.32156133829,1404.9591078066915,1997.814126394052,2728.1765799256505,2604.156133828996,2939.842007434944,2371.182156133829,1762.6542750929368,1750.511152416357,1661.6226765799256,2081.5204460966543,3227.561338289963,2974.728624535316,1755.7007434944237,1675.1468401486989,1416.514869888476,1519.7918215613383,1625.7100371747213,1591.325278810409,1418.0947955390334,1532.2695167286245,1354.817843866171,1437.9237918215613,1673.507434944238,3116.5762081784387,5428.293680297398,3956.817843866171,2725.6003717472117,2718.85687732342,2098.3048327137544,1789.5947955390334,1610.1728624535317,1883.2416356877322,1749.9907063197027,1830.7899628252787,2636.2806691449814,4803.526022304833,2852.6895910780668,2206.3550185873605,2349.760223048327,2991.739776951673,2814.957249070632,2264.9126394052046,2723.403345724907,5268.914498141264,3063.5687732342008,2588.546468401487,3250.7118959107806,6306.815985130112,10923.789962825278,6318.942379182156,3390.118959107807,2616.5780669144983,2421.089219330855,2341.650557620818,2180.2732342007434,2199.7657992565055,2622.6598513011154,5847.003717472119,4220.371747211896,2812.6728624535317,2567.2044609665427,2455.6970260223047,1935.6171003717473,2117.9368029739776,3325.775092936803,5857.009293680298,5337.581784386617,3221.247211895911,2255.4962825278812,1858.232342007435,1583.9052044609666,2075.539033457249,3665.336431226766,3840.282527881041,3137.407063197026,5467.583643122676,4467.022304832713,3695.4052044609666,4663.648698884758,9342.027881040893,10777.579925650558,7130.793680297398,5355.858736059479,3323.6970260223047,2263.7695167286247,1939.7509293680298,1709.3866171003717,2079.3401486988846,1730.7527881040892,1695.1970260223047,2000.2602230483271,1833.6505576208178,1506.635687732342,1588.2026022304833,1510.0223048327136,1909.782527881041,2073.656133828996,2337.6375464684015,2288.754646840149,2725.797397769517,5086.221189591078,15738.027881040893,22565.2156133829,12167.382899628254,7473.3624535315985,5980.953531598513,7072.648698884758,10155.304832713755,6549.860594795539,7292.544609665428,4398.053903345725,3402.0780669144983,3446.2843866171,2873.2063197026023,2156.6542750929366,2049.210037174721,2005.9776951672864,3250.626394052045,2673.2304832713753,3223.146840148699,4439.804832713755,3406.7620817843867,2522.4944237918216,2052.150557620818,1611.8828996282527,1693.9684014869888,1630.546468401487,1884.232342007435,1751.4479553903345,1871.0241635687732,2211.8698884758364,2217.1486988847582,2569.3921933085503,2926.949814126394,2031.6022304832713,2068.3382899628255,1936.9405204460966,1879.6059479553903,1628.6189591078066,2193.3661710037177,1833.9646840148698,3336.3475836431226,8896.386617100372,7391.847583643123,3939.202602230483,2690.8847583643123,2222.1951672862456,2669.674721189591,2221.0018587360596,2040.1226765799256,1868.9293680297399,2725.682156133829,2277.8382899628255,2039.1468401486989,2028.910780669145,2209.7936802973977,2879.940520446097,6841.091078066915,12624.224907063197,9583.973977695166,10816.67843866171,5873.470260223048,3704.849442379182,2781.721189591078,2040.2583643122678,1810.0501858736059,1649.1152416356877,1780.985130111524,1779.8903345724907,2041.921933085502,1982.6263940520446,2421.2695167286247,1897.221189591078,2468.2230483271373,2913.685873605948,2333.6524163568774,1849.7230483271376,1762.9702602230484,1734.518587360595,2109.5520446096652,2577.472118959108,4418.505576208178,10277.245353159851,8467.24907063197,4345.741635687732,3294.5408921933085,2848.379182156134,2394.53531598513,1949.2044609665427,2202.5855018587363,2819.3159851301116,2473.736059479554,3038.7118959107806,6054.836431226766,9425.849442379182,6152.615241635688,3421.806691449814,2544.9293680297396,2193.5408921933085,1908.1617100371748,1515.7397769516729,1600.267657992565,1374.2379182156135,1857.8754646840148,1381.2843866171004,1798.3977695167287,1954.600371747212,1927.4776951672864,2487.728624535316,2256.4442379182155,1807.2397769516729,2217.6003717472117,2065.066914498141,1963.89219330855,2022.171003717472,2019.193308550186,1624.3475836431228,1830.0706319702601,2116.2267657992566,3887.797397769517,8371.869888475836,5460.983271375465,3429.6617100371745,2626.522304832714,2475.5855018587363,2165.2657992565055,1631.1505576208178,1661.0706319702601,1725.007434944238,1817.9665427509294,1863.9591078066915,3435.3345724907063,8816.368029739777,6681.920074349442,4310.105947955391,3848.057620817844,3209.522304832714,4414.732342007435,3608.433085501859,6159.691449814127,16248.516728624536,13921.345724907063,8018.665427509293,6341.24721189591,4118.622676579926,3586.879182156134,4304.25278810409,3756.581784386617,2601.3940520446095,2519.972118959108,3484.972118959108,7023.42936802974,6766.029739776952,4105.873605947955,2995.5762081784387,2846.113382899628,4151.622676579926,8051.221189591078,5747.349442379182,5374.74907063197,3836.6171003717473,3052.6375464684015,2831.1970260223047,4530.269516728625,9361.509293680298,11436.410780669145,12531.518587360595,8482.778810408921,5084.615241635688,3817.7732342007434,2795.6003717472117,2902.4553903345727,3382.7657992565055,2523.1765799256505,2205.221189591078,2364.0687732342008,2211.853159851301,1903.1171003717473,1667.7044609665427,1732.8122676579926,1406.2397769516729,1553.4609665427508,1864.9014869888476,2553.9312267657992,3384.14312267658,6208.986988847583,9778.540892193309,17866.43308550186,11058.026022304834,7838.864312267658,8986.029739776952,6916.775092936803,7661.598513011152,12340.438661710037,7060.947955390335,4643.843866171003,3279.1301115241636,2713.150557620818,2019.4572490706319,2238.4275092936805,1647.1226765799256,1788.193308550186,2424.985130111524,6332.32156133829,17160.18215613383,11995.152416356877,6952.358736059479,5238.773234200744,3987.5724907063195,4033.7137546468402,6199.804832713755,17665.267657992565,33602.50743494424,19935.087360594796,12209.191449814127,9956.67657992565,6575.522304832713,5286.2342007434945,5551.7992565055765,4144.488847583643,4404.973977695167,4028.0855018587363,3092.210037174721,2863.825278810409,2316.9293680297396,2675.291821561338,3063.539033457249,2896.9293680297396,4235.721189591078,13277.397769516729,28390.46840148699,19072.89405204461,11229.161710037175,7536.605947955391,5984.815985130112,8014.89219330855,15044.775092936803,19981.451672862455,16862.375464684013,16259.355018587361,13810.624535315985,9174.03345724907,7660.843866171003,7015.100371747212,4681.416356877324,3071.3011152416357,2476.4981412639404,2205.9516728624535,1898.4200743494423,2080.791821561338,2538.1542750929366,3042.6617100371745,4290.966542750929,3304.314126394052,2435.485130111524,2176.6914498141264,1951.988847583643,1902.5631970260224,1735.9609665427508,2269.2118959107806,2534.2304832713753,2191.4869888475837,1748.0315985130112,2181.4126394052046,2354.8197026022303,3853.096654275093,5403.53531598513,4285.230483271375,3622.8475836431226,6492.289962825279,8798.92936802974,9082.327137546468,10389.741635687733,6611.579925650558,7343.211895910781,16762.7843866171,14232.210037174722,13288.617100371746,10431.75278810409,6506.739776951673,4885.592936802974,4081.8661710037177,3172.3550185873605,2896.9981412639404,2748.6003717472117,2886.3234200743495,2354.4739776951674,2534.767657992565,2995.3828996282527,4448.537174721189,8182.628252788104,16704.936802973978,17554.271375464683,10352.066914498142,6739.960966542751,6860.1375464684015,9665.910780669145,8680.611524163569,5739.808550185873,5353.665427509293,4076.9312267657992,3398.957249070632,3265.039033457249,2609.2881040892194,1934.860594795539,1833.899628252788,1635.7118959107806,1709.328996282528,1452.3977695167287,1707.1152416356877,2626.4200743494425,5638.951672862454,16586.81970260223,17403.148698884757,10673.273234200744,7481.843866171003,5775.087360594795,5909.401486988848,4865.133828996282,3783.8587360594797,3401.336431226766,3401.5055762081784,3065.3828996282527,4023.8847583643123,4209.373605947955,3027.2565055762084,3029.368029739777,5998.470260223048,4057.35687732342,2874.074349442379,2114.4089219330854,2239.9944237918216,2655.3698884758364,2712.3085501858736,2300.0799256505575,2769.7063197026023,3317.8828996282527,3075.14312267658,4638.276951672862,14211.622676579926,13331.301115241637,8735.815985130112,9751.782527881041,8641.040892193309,6344.152416356877,7587.522304832713,6088.24721189591,3885.9479553903348,2676.710037174721,2376.5947955390334,1865.8401486988848,2056.3234200743495,2484.592936802974,2531.7565055762084,2161.150557620818,2028.2081784386617,1772.7546468401488,1796.3624535315985,2007.7973977695167,2703.3940520446095,1778.7081784386617,1677.6208178438662,1428.6524163568772,1430.081784386617,1538.0557620817845,1762.6096654275093,1671.3587360594795,1919.921933085502,1578.9944237918216,1631.0260223048326,1615.8271375464683,2060.7193308550186,2112.910780669145,2022.914498141264,2659.2881040892194,4455.295539033457,4005.9089219330854,2980.8903345724907,2179.782527881041,1845.8884758364313,1581.767657992565,1706.4237918215613,1531.724907063197,1673.403345724907,1617.9237918215613,1646.9312267657992,2178.4052044609666,2772.566914498141,5008.455390334572,5416.884758364312,3705.150557620818,4207.719330855019,7509.745353159851,7312.368029739777,5351.118959107806,4667.288104089219,6225.691449814127,5862.581784386617,4947.920074349442,5302.944237918216,4232.193308550186,3439.9944237918216,4842.260223048327,5171.046468401487,6997.171003717473,11492.438661710037,7501.875464684015,5824.849442379182,6177.485130111524,4889.301115241636,4023.940520446097,3026.185873605948,2167.710037174721,2031.992565055762,2181.5557620817845,4319.618959107806,5476.990706319702,4869.89219330855,3879.081784386617,2832.2843866171,2319.6877323420076,2952.185873605948,2631.1059479553905,2688.6096654275093,2025.3420074349442,1927.67843866171,2305.139405204461,5054.033457249071,4870.628252788104,3665.146840148699,2735.972118959108,3077.4516728624535,3743.767657992565,4489.871747211896,5935.791821561338,9773.32342007435,6328.32156133829,6140.868029739777,8310.871747211895,9897.403345724908,9057.369888475836,13663.2156133829,8784.048327137547,5626.981412639405,4301.899628252788,3371.3011152416357,2290.2156133829,1840.2527881040892,1419.9944237918216,1386.903345724907,1260.5706319702601,1589.8698884758364,2609.4293680297396,3934.46282527881,2887.736059479554,2731.6914498141264,2721.120817843866,3886.972118959108,11872.260223048328,18993.31784386617,11739.559479553904,8902.052044609665,8630.453531598512,12328.470260223048,8356.091078066915,5648.842007434944,5490.2973977695165,4106.501858736059,2966.8550185873605,2784.7843866171,5246.526022304833,12051.791821561339,12226.470260223048,7520.886617100372,4772.21375464684,3850.5204460966543,3826.3382899628255,3639.8234200743495,3133.8550185873605,5403.288104089219,7567.275092936803,11840.39033457249,10970.959107806691,23834.241635687733,29057.03531598513,18931.163568773234,14337.741635687733,21411.43308550186,18188.548327137545,12790.35873605948,8477.793680297398,6286.513011152417,4932.455390334572,3881.2044609665427,2736.592936802974,2476.092936802974,3273.8048327137544,8625.622676579926,13473.912639405204,9303.368029739777,8172.661710037175,18288.169144981413,22023.990706319702,14527.130111524164,10244.540892193309,11142.67657992565,16868.124535315987,20056.97397769517,28076.659851301116,18533.2156133829,11159.99814126394,7399.171003717473,5138.973977695167,3799.0092936802976,3434.5724907063195,4016.2509293680296,2869.299256505576,2353.0724907063195,1923.2955390334573,2340.7955390334573,2880.522304832714,4819.410780669145,14987.719330855018,17628.453531598512,10893.882899628254,8345.743494423792,7103.639405204461,5305.555762081784,3685.789962825279,2957.254646840149,3053.9944237918216,8892.083643122676,15728.35130111524,10341.473977695166,9862.520446096654,10851.840148698884,8376.297397769516,14477.975836431227,14306.970260223048,8937.804832713755,5580.684014869888,3983.031598513011,3378.918215613383,2818.724907063197,1954.492565055762,1715.2732342007434,1493.2973977695167,1464.6524163568772,1445.9665427509294,1539.7434944237918,1772.6115241635687,2144.146840148699,1647.8364312267659,2149.5762081784387,1924.0223048327136,1921.5427509293681,2084.7862453531598,2202.433085501859,2142.0724907063195,1931.6970260223047,1588.3940520446097,1761.3364312267659,1648.6189591078066,1766.0724907063197,1439.5631970260224,1293.7955390334573,1371.5873605947954,1481.4591078066915,2139.260223048327,4075.631970260223,4272.741635687732,5442.899628252788,11215.591078066915,8485.068773234201,5832.460966542751,5441.421933085502,5852.0724907063195,4363.148698884758,3157.3847583643123,2773.2509293680296,2338.9089219330854,2619.1598513011154,3325.291821561338,6546.847583643123,12615.985130111525,9056.771375464685,5783.211895910781,4780.020446096654,7012.7342007434945,8768.947955390335,12407.988847583643,13484.133828996282,14286.951672862453,8956.806691449814,6005.237918215614,5163.9591078066915,4110.5687732342,2978.581784386617,2330.557620817844,2239.8550185873605,2485.8847583643123,6113.0074349442375,6361.276951672862,6516.789962825279,6881.156133828997,6207.105947955391,4630.055762081784,4110.029739776952,3242.475836431227,2589.0167286245355,2264.970260223048,2320.925650557621,2277.8903345724907,3812.5037174721188,10356.226765799256,9421.338289962825,6690.416356877324,6449.509293680298,11147.479553903346,24790.533457249072,18825.579925650556,11926.884758364313,8102.053903345725,6078.8624535315985,4773.723048327138,5535.916356877324,15999.375464684015,27571.03717472119,21730.61524163569,14713.907063197026,9660.67843866171,7121.2992565055765,6582.505576208178,13694.10780669145,14976.628252788105,17116.92750929368,26615.2156133829,19318.407063197024,16049.667286245352,25399.79182156134,20302.74349442379,12774.596654275092,8188.260223048327,5697.773234200744,4300.914498141264,3178.557620817844,2268.0204460966543,2497.2862453531598,3582.7657992565055,8714.3624535316,18977.111524163567,13567.10408921933,8516.481412639405,6682.661710037175,5660.189591078067,4163.912639405205,2871.232342007435,2600.0055762081784,4283.921933085502,6439.295539033457,15604.081784386617,26848.516728624534,24311.68215613383,14844.052044609665,9993.345724907063,9518.669144981413,6921.871747211896,4588.520446096654,3504.4553903345727,3251.96282527881,3750.0408921933085,6250.5241635687735,4994.8624535315985,3650.074349442379,2831.6171003717473,3175.2490706319704,9046.39033457249,12481.691449814127,10535.403345724908,7369.626394052045,5082.663568773234,4957.672862453532,3608.9312267657992,2880.5799256505575,2476.8847583643123,2443.368029739777,3507.5762081784387,11184.228624535315,11214.139405204462,7203.420074349442,4924.24721189591,4804.496282527881,8752.724907063197,20800.960966542752,20547.706319702604,13044.382899628254,8681.152416356877,6001.598513011152,4190.167286245353,3253.6022304832713,2760.849442379182,2763.031598513011,5671.39219330855,11681.381040892193,7952.312267657992,6162.087360594795,5705.594795539034,4408.942379182156,3060.8587360594797,2713.1840148698884,2548.8048327137544,2436.527881040892,2136.8661710037177,3367.873605947955,8289.74721189591,12847.14126394052,9055.693308550186,7672.353159851301,5023.447955390335,3633.014869888476,2834.1375464684015,2508.349442379182,2285.492565055762,4989.273234200744,16176.700743494424,23156.163568773234,16110.232342007435,9918.405204460967,6429.514869888476,4618.9758364312265,3251.842007434944,2560.0724907063195,2286.799256505576,2993.2118959107806,2691.6375464684015,3062.3104089219332,3482.6840148698884,7160.289962825279,17677.652416356876,20615.20817843866,16790.455390334573,14248.128252788105,18523.810408921934,13250.689591078068,8066.042750929368,5547.860594795539,4190.087360594795,3469.5037174721188,3014.791821561338,2915.328996282528,4172.67843866171,4244.345724907063,3387.5557620817845,4709.710037174721,10777.808550185873,8239.64126394052,5315.739776951673,5200.5074349442375,7121.6691449814125,5705.626394052045,6941.587360594795,13089.513011152416,9478.842007434945,6361.843866171003,4368.706319702602,4528.921933085502,12318.873605947956,14612.663568773234,9865.903345724908,6653.315985130112,4798.656133828997,4786.055762081784,6636.438661710037,7164.5687732342,4931.944237918216,4405.853159851301,2949.7490706319704,2545.7137546468402,2586.7137546468402,2260.903345724907,2061.0947955390334,1862.6263940520446,1529.8494423791822,1444.717472118959,1577.5836431226767,2047.3271375464683,1670.0260223048326,1633.7490706319702,1364.6988847583643,1817.399628252788,3595.940520446097,4107.078066914498,3725.791821561338,5445.646840148699,4813.605947955391,5775.842007434944,11222.8624535316,8353.875464684015,5532.146840148699,4551.639405204461,9616.815985130112,11645.92750929368,7036.236059479554,4651.626394052045,3539.0910780669146,4206.671003717473,4298.704460966543,3533.611524163569,4680.211895910781,13066.232342007435,10512.338289962825,7234.775092936803,6729.369888475836,13790.613382899628,11143.827137546468,7075.148698884758,4655.5724907063195,4143.853159851301,3297.2304832713753,2830.4479553903348,2000.2490706319702,1746.2973977695167,2425.806691449814,2811.5836431226767,2157.507434944238,2146.9553903345727,1816.8624535315985,1641.0669144981412,1302.2342007434945,1351.2007434944237,1302.0092936802973,2074.6022304832713,2233.03531598513,2253.9200743494425,2653.8327137546466,2414.6617100371745,1990.5576208178438,1996.3513011152415,2181.1375464684015,2328.4981412639404,1636.1486988847585,1827.7527881040892,2449.934944237918,3284.0483271375465,4163.135687732342,4868.947955390335,4055.5520446096652,4435.35687732342,3683.8996282527883,4355.161710037175,3196.6691449814125,3417.208178438662,3388.797397769517,2749.1486988847582,2211.32156133829,2028.3159851301116,2046.0557620817845,3207.4516728624535,7843.273234200744,8107.745353159851,5332.736059479554,3713.635687732342,2685.2695167286247,2132.32156133829,1683.135687732342,1698.6914498141264,1612.364312267658,1906.9795539033457,1728.1208178438662,2210.1542750929366,2239.907063197026,2213.089219330855,1921.8884758364313,1983.0260223048326,3191.7732342007434,5374.033457249071,5589.258364312268,5570.663568773234,4774.598513011152,7221.457249070632,17926.581784386617,13781.92750929368,9061.421933085501,6758.206319702602,5396.728624535316,3588.328996282528,2501.9981412639404,2110.3401486988846,1899.1542750929368,1752.7732342007434,1433.8420074349442,1541.589219330855,1761.0947955390334,2451.314126394052,3130.6078066914497,4016.4052044609666,2741.007434944238,2122.174721189591,1621.8494423791822,1515.4442379182155,1277.0260223048326,1862.1691449814127,2083.9962825278812,1899.32156133829,1548.0873605947954,2575.0706319702604,2596.6598513011154,2157.546468401487,1997.453531598513,2245.860594795539,1915.2342007434945,1601.0278810408922,1297.3791821561338,1289.3531598513011,1130.8717472118958,1420.8661710037175,1466.078066914498,1508.4776951672864,1322.578066914498,1303.0167286245353,1143.0278810408922,1230.310408921933,1137.0669144981412,1435.817843866171,1209.4405204460966,1436.131970260223,1682.7434944237918,2001.546468401487,4040.7843866171,6312.908921933085,5391.6691449814125,3661.53531598513,2430.4275092936805,2117.395910780669,1834.7602230483271,1806.9553903345725,1647.3717472118958,1602.6617100371748,1363.3828996282527,1480.2899628252787,1737.0315985130112,3691.8011152416357,13738.256505576208,12366.8624535316,7845.533457249071,5879.656133828997,4522.237918215614,3134.2955390334573,2156.6096654275093,2206.2063197026023,3356.4368029739776,2700.745353159851,2004.6691449814127,1756.4609665427508,1450.2546468401488,1375.0167286245353,1251.1728624535317,1806.732342007435,3174.306691449814,3153.4144981412637,2149.7657992565055,1880.5353159851302,2063.6895910780668,2551.120817843866,2073.104089219331,1977.5631970260224,1536.7657992565055,1541.4665427509294,1255.0631970260224,1343.1152416356877,1590.8903345724907,3555.9832713754645,2826.0855018587363,2105.9237918215613,1607.674721189591,1710.7527881040892,2167.728624535316,2000.8828996282527,1519.1208178438662,1481.6338289962825,1141.3494423791822,1132.6765799256505,1177.011152416357,1249.953531598513,1395.3977695167287,2233.972118959108,5297.368029739777,6077.003717472119,4157.938661710037,3694.946096654275,4591.061338289963,4782.2007434944235,3311.3828996282527,3956.8308550185875,2933.1226765799256,2391.791821561338,1741.5241635687732,1552.5408921933085,1270.0576208178438,1334.5204460966543,1115.4163568773233,1283.8048327137546,1189.6375464684015,1491.8568773234201,1813.689591078067,2224.3773234200744,1762.4907063197027,1592.3587360594795,1457.4553903345725,2153.1078066914497,2915.457249070632,4702.184014869888,17892.39219330855,35075.84572490706,22367.492565055763,13011.267657992565,8133.215613382899,5352.24907063197,3267.7379182156133,2297.671003717472,1613.0241635687732,1535.5947955390334,1361.7490706319702,1479.3234200743495,1566.046468401487,1696.6301115241636,1537.4052044609666,1578.0743494423791,1777.1468401486989,2297.081784386617,1872.9702602230484,1800.6914498141264,1477.1617100371748,1594.907063197026,1722.221189591078,1928.7379182156135,1672.6542750929368,1752.9498141263941,1500.221189591078,1563.325278810409,1564.0539033457248,2508.120817843866,4380.262081784386,13791.433085501858,28919.397769516727,18462.447955390333,10459.169144981413,6946.646840148699,4458.4275092936805,3570.0947955390334,4036.022304832714,4419.721189591078,3956.6877323420076,2869.8159851301116,2046.511152416357,2049.6096654275093,2948.1617100371745,7750.267657992565,25902.14498141264,19487.557620817843,10701.133828996282,7099.782527881041,5007.368029739777,3961.171003717472,2790.9368029739776,2357.46468401487,3092.8085501858736,3996.5092936802976,2664.3345724907063,2299.5910780669146,2095.1542750929366,1956.185873605948,2074.4312267657992,2206.620817843866,1749.0613382899628,1529.395910780669,1342.8977695167287,1334.8661710037175,1454.914498141264,1775.9758364312268,2383.275092936803,3555.871747211896,3418.2565055762084,2555.14312267658,1944.0557620817845,1766.4758364312268,1368.8420074349442,1319.992565055762,1197.6189591078066,1318.9405204460966,1148.5910780669144,1207.9869888475837,1178.9237918215613,1241.4460966542752,1223.0408921933085,1362.1022304832713,1062.775092936803,1126.0910780669144,1026.1245353159852,1244.8457249070632,1421.32156133829,1863.5427509293681,1481.89219330855,1424.2732342007434,1719.7007434944237,1892.421933085502,1434.8048327137546,1307.9591078066915,1307.9591078066915,1487.5910780669144,1587.5557620817845,1484.581784386617,1148.014869888476,1176.4460966542752,1127.7156133828996,1479.903345724907,1307.6189591078066,1242.263940520446,1154.325278810409,1407.228624535316,1772.6542750929368,3208.4237918215613,2215.4200743494425,1824.9721189591078,1787.0613382899628,2721.2230483271373,1897.492565055762,1559.236059479554,1266.174721189591,1275.6152416356877,1339.4330855018588,1579.2769516728624,1353.2918215613383,1916.39219330855,1674.1635687732341,1437.0204460966543,1179.2267657992566,1181.4795539033457,1133.5446096654275,1596.1840148698884,5034.254646840149,5701.598513011152,3515.3122676579924,2804.2732342007434,2103.2843866171,1674.2918215613383,1761.5223048327136,1905.5130111524163,1532.3159851301116,1496.4163568773233,1339.2453531598512,1270.7546468401488,1180.7769516728624,1728.0724907063197,1887.3308550185873,1669.4907063197027,2309.065055762082,2621.3197026022303,1707.7416356877322,1532.018587360595,1198.4646840148698,1212.5594795539034,1266.1840148698884,2470.1728624535317,11828.314126394052,11924.438661710037,7318.21375464684,4855.9312267658,4078.2416356877325,5534.745353159851,3448.1171003717473,2244.4144981412637,1901.4609665427508,2695.8698884758364,2138.539033457249,1622.7007434944237,1225.4944237918216,1212.0706319702601,1115.4498141263941,1190.732342007435,1086.6486988847585,1179.3773234200744,1339.4089219330856,1908.910780669145,6691.32156133829,18873.009293680298,14514.513011152416,7693.042750929368,4481.334572490707,2862.118959107807,1812.985130111524,1812.9591078066915,2284.9516728624535,1912.8308550185873,1594.418215613383,2024.395910780669,1764.7081784386617,1598.518587360595,1292.5315985130112,1433.810408921933,1536.0315985130112,1549.9553903345725,1844.6635687732341,4024.708178438662,6351.4275092936805,5672.020446096654,3640.7769516728627,2838.8903345724907,4157.111524163569,3726.156133828996,3489.7342007434945,3148.5762081784387,2706.778810408922,2125.0185873605947,1607.3011152416357,1440.1096654275093,1241.763940520446,1236.4665427509294,1026.724907063197,1058.003717472119,1014.6635687732341,1104.7862453531598,1011.5799256505576,1183.9776951672864,1004.5297397769517,1079.1561338289962,918.550185873606,1052.903345724907,1080.7156133828996,1296.5334572490706,1169.7453531598512,1206.1263940520446,1194.895910780669,1903.1152416356877,1988.8717472118958,2501.942379182156,2524.6691449814125,2301.3085501858736,2014.8197026022306,1740.236059479554,1695.5408921933085,2520.485130111524,3650.646840148699,3308.1765799256505,2661.0780669144983,2322.247211895911,1835.4907063197027,1626.6171003717473,1367.7806691449814,1319.5669144981412,1184.306691449814,1507.306691449814,3936.7267657992566,7055.890334572491,4665.061338289963,3166.6152416356877,2036.0613382899628,1807.0539033457248,2836.717472118959,2743.9163568773233,1976.8587360594795,2611.8271375464683,7583.217472118959,10577.234200743495,9777.68215613383,5591.661710037175,3305.9089219330854,2366.957249070632,1749.395910780669,2374.193308550186,5975.827137546468,4790.8791821561335,2685.9052044609666,1875.0910780669144,1372.7137546468402,1270.6988847583643,1480.3940520446097,2931.6765799256505,2938.5799256505575,2827.9814126394053,2050.782527881041,2352.7732342007434,6976.165427509293,11534.262081784387,13314.96282527881,7441.672862453532,4032.174721189591,3216.5557620817845,4869.633828996282,15051.018587360595,10139.797397769516,5144.544609665428,3847.2416356877325,3288.371747211896,1931.3475836431228,1625.9739776951674,1265.4256505576209,1371.5408921933085,1558.7899628252787,1456.996282527881,1313.4312267657992,1582.4386617100372,1478.410780669145,1954.4721189591078,3936.972118959108,3092.7620817843867,1736.0594795539034,1432.0873605947954,1120.8308550185873,1233.9460966542752,1524.9275092936803,1373.078066914498,1085.546468401487,1318.0557620817845,1819.7881040892194,2053.868029739777,1746.5873605947954,2597.111524163569,2010.6301115241636,1991.3159851301116,4510.983271375465,4080.682156133829,2557.2843866171,1894.1802973977694,1509.0204460966543,3279.263940520446,3314.67843866171,2227.1914498141264,2159.275092936803,3260.3159851301116,2755.291821561338,3302.566914498141,3127.8513011152418,2929.0724907063195,5403.667286245353,10093.03531598513,6574.059479553904,3692.7193308550186,2181.1486988847582,1781.2007434944237,1314.7955390334573,1270.89219330855,1125.860594795539,1210.2936802973977,1302.0278810408922,3044.368029739777,6683.605947955391,4825.176579925651,2751.1003717472117,3578.2230483271373,10659.553903345724,9100.403345724908,4500.553903345725,2916.507434944238,2637.0408921933085,3842.3345724907063,3853.6951672862456,3228.1096654275093,2230.8197026022303,1675.918215613383,1182.778810408922,1064.7620817843865,1041.8754646840148,1201.728624535316,1047.0799256505577,1037.6542750929368,1190.4702602230484,1905.592936802974,1747.0223048327136,1609.189591078067,1985.6765799256505,3948.8921933085503,3392.2657992565055,2408.626394052045,1800.003717472119,4802.615241635688,12508.685873605948,18611.613382899628,11517.388475836431,5131.916356877324,2475.0130111524163,1659.8401486988848,1204.5092936802973,1611.8048327137546,1506.9572490706319,1323.8717472118958,1092.0910780669144,1137.3364312267659,1023.957249070632,1107.7434944237918,1063.078066914498,1337.8085501858736,1477.3029739776953,2642.2193308550186,12132.618959107807,21395.206319702604,11878.89591078067,5192.434944237918,2725.200743494424,1806.7918215613383,1308.4312267657992,1355.0743494423791,1271.4442379182155,1253.518587360595,1147.1096654275093,1158.1152416356877,1218.7342007434945,1474.0576208178438,1672.171003717472,1664.3085501858736,1388.6765799256505,1467.8717472118958,1563.3773234200744,3805.126394052045,14140.306691449814,28315.631970260223,21892.9219330855,9469.442379182155,4179.903345724907,2461.1096654275093,1797.8085501858736,1858.728624535316,1389.918215613383,1254.6765799256505,1118.0724907063197,1116.589219330855,1002.9312267657992,1157.8382899628252,968.446096654275,1004.0111524163568,1140.2973977695167,1162.518587360595,1071.0762081784387,1425.0613382899628,3860.9089219330854,6112.308550185873,3468.5130111524163,1902.1245353159852,1253.5427509293681,1208.689591078067,1385.089219330855,1426.7379182156135,1142.9312267657992,1222.1115241635687,1078.3847583643123,1199.9163568773233,1065.7304832713755,1235.8568773234201,1339.8531598513011,1489.085501858736,1277.7193308550186,1340.2583643122678,1171.7602230483271,1215.9795539033457,1181.578066914498,3025.146840148699,7681.546468401487,7029.849442379182,3165.708178438662,1798.5427509293681,1202.6208178438662,1085.518587360595,1140.492565055762,1602.682156133829,2175.386617100372,6242.921933085502,8568.115241635687,5119.5724907063195,2515.67843866171,1678.4275092936803,1263.4944237918216,1337.8420074349442,1145.3159851301116,1151.5018587360594,1044.6486988847585,1191.3457249070632,1299.7657992565055,1659.185873605948,1536.221189591078,1845.631970260223,4799.884758364312,17220.204460966543,22266.362453531598,12137.921933085501,5586.671003717473,3236.0687732342008,1837.9349442379182,1424.2955390334573,1012.8420074349442,1108.2193308550186,945.4293680297397,1004.907063197026,971.085501858736,1266.185873605948,3005.1003717472117,4551.490706319702,2990.546468401487,1717.0594795539034,1204.5910780669144,1123.60780669145,978.0910780669145,1052.1598513011152,920.4758364312268,1046.1988847583643,896.2100371747212,1079.910780669145,1023.2174721189591,1082.3531598513011,1091.1802973977694,1103.5315985130112,972.6988847583643,1257.778810408922,1709.6728624535317,6481.433085501859,17483.048327137545,22767.589219330854,12492.977695167287,5587.654275092937,2795.96282527881,1839.0669144981412,1182.7063197026023,1159.1133828996283,993.2769516728624,1070.736059479554,878.949814126394,976.5762081784386,1034.7081784386617,1077.8847583643123,978.639405204461,1042.217472118959,939.3215613382899,1049.9089219330856,931.9776951672862,1066.7397769516729,1574.1598513011152,2619.5780669144983,2973.9832713754645,2048.949814126394,1268.6412639405205,1130.271375464684,949.8234200743494,1056.8773234200744,919.8773234200744,1026.7379182156135,938.9014869888476,1008.446096654275,1005.1189591078067,1149.2026022304833,1116.6598513011152,1154.6189591078066,1012.2193308550186,1122.2379182156135,990.1951672862454,1138.0613382899628,1069.4368029739776,1115.596654275093,923.4888475836432,1010.7713754646841,1060.782527881041,1003.7267657992566,967.1598513011153,1089.767657992565,1149.4498141263941,1773.1542750929368,2182.5836431226767,2694.5092936802976,1840.492565055762,1324.2416356877322,992.2286245353159,1015.0706319702603,941.2323420074349,1036.8011152416357,870.0613382899628,1009.5594795539033,999.3791821561339,1257.7527881040892,1214.306691449814,1142.5985130111524,990.9368029739777,1062.2379182156135,997.1375464684015,1074.918215613383,926.8828996282527,1066.8810408921934,939.5260223048327,1072.7565055762082,986.9423791821562,1030.2044609665427,901.0446096654275,1037.4869888475837,1139.9163568773233,1395.7565055762082,1357.6226765799256,1606.2007434944237,1351.3438661710038,1596.7806691449814,1739.5,1950.2416356877322,1421.2342007434945,1198.2379182156135,1001.2360594795539,1081.6338289962825,1073.3048327137546,1230.6245353159852,1134.5297397769516,1246.4089219330856,1488.0315985130112,2041.8773234200744,2408.0836431226767,2388.592936802974,1525.8494423791822,1204.8048327137546,1044.8271375464683,1082.8568773234201,974.1951672862454,1136.7342007434945,1051.7100371747213,1264.8977695167287,1329.1802973977694,2328.9832713754645,7267.866171003718,15854.656133828996,22690.13940520446,25036.39219330855,14024.42750929368,5960.332713754647,2628.3122676579924,1819.5799256505577,1373.3327137546469,1450.1505576208178,1597.2397769516729,1892.82156133829,1817.2137546468402,1655.5501858736059,1298.2416356877322,1348.5650557620818,1296.0483271375465,1362.6765799256505,1189.782527881041,1165.6988847583643,979.0,1088.3773234200744,888.1171003717473,1105.5539033457248,949.457249070632,1057.0650557620818,929.7342007434944,964.5947955390335,838.7267657992566,925.3197026022304,907.5613382899628,1017.3215613382899,873.2881040892194,1000.7602230483271,1243.3048327137546,1353.4479553903345,1259.546468401487,1405.9758364312268,1336.0,2734.074349442379,7170.615241635688,11487.684014869888,15241.420074349442,16127.8624535316,9274.146840148698,3988.174721189591,2105.789962825279,1840.0706319702601,1747.2546468401488
580.2895238095238,501.9923809523809,526.8247619047619,463.9447619047619,590.4495238095238,430.7295238095238,539.7752380952381,524.8857142857142,555.5828571428572,525.0133333333333,582.6685714285715,507.9790476190476,616.3028571428572,476.8647619047619,593.407619047619,614.4857142857143,653.0342857142857,614.3733333333333,592.4895238095238,568.2457142857143,607.7619047619048,568.7695238095238,676.2971428571428,598.6361904761904,696.2380952380952,677.672380952381,648.0780952380952,592.4438095238095,642.88,579.8819047619047,690.192380952381,610.8590476190476,706.0971428571429,634.9580952380952,708.8723809523809,610.5447619047619,728.4590476190476,591.8190476190476,710.0838095238096,597.5695238095238,710.7409523809524,641.9257142857143,626.24,716.5180952380953,669.6533333333333,533.9885714285714,649.0247619047619,725.88,751.287619047619,629.8571428571429,720.7333333333333,690.4304761904762,715.1142857142858,691.0209523809524,744.3466666666667,598.5733333333334,725.0095238095238,652.384761904762,689.2933333333333,633.3180952380952,701.7961904761905,639.1657142857143,688.4057142857143,623.0361904761904,739.312380952381,655.0819047619048,727.4933333333333,669.1219047619047,621.2895238095238,728.6819047619048,680.6076190476191,669.36,725.0990476190476,642.9695238095238,713.2704761904762,677.28,742.2304761904762,679.5257142857142,692.7485714285714,823.152380952381,772.1009523809524,673.2171428571429,731.7904761904762,716.8152380952381,740.0685714285714,695.4704761904762,781.4361904761905,651.032380952381,709.5066666666667,710.5504761904762,747.2495238095238,660.5657142857143,777.7390476190476,761.1352380952382,724.2476190476191,748.6952380952381,751.68,724.624761904762,791.1104761904762,700.432380952381,791.687619047619,715.6895238095238,750.6495238095238,704.375238095238,680.9485714285714,693.9580952380952,809.2761904761904,666.7485714285714,766.1352380952382,701.6933333333334,644.8380952380952,836.6019047619047,831.5409523809524,744.504761904762,776.615238095238,735.7542857142857,841.1161904761905,715.4571428571429,797.7580952380953,770.4742857142858,770.1847619047619,776.6438095238095,823.495238095238,737.312380952381,796.2266666666667,706.792380952381,767.6266666666667,722.087619047619,843.2647619047619,796.9447619047619,817.9961904761905,761.8247619047619,840.2704761904762,736.7009523809523,754.4361904761905,739.4247619047619,818.72,779.472380952381,822.1333333333333,668.2685714285715,772.375238095238,691.9466666666667,675.7809523809524,823.3142857142857,858.0628571428572,756.2647619047619,776.5142857142857,774.495238095238,785.7257142857143,797.2571428571429,785.7238095238096,727.8419047619047,769.0457142857143,745.7847619047619,847.9333333333333,799.3085714285714,786.3542857142858,782.5085714285714,767.6095238095238,687.8457142857143,830.0019047619047,797.4857142857143,767.8838095238095,778.7142857142857,832.3523809523809,773.5238095238095,798.6742857142857,794.8095238095239,846.8971428571429,717.3219047619048,866.1866666666666,798.4209523809524,843.0514285714286,771.6914285714286,739.9771428571429,869.3657142857143,888.8019047619048,776.12,852.8190476190476,758.8209523809523,897.4152380952381,789.6038095238096,801.2742857142857,800.6476190476191,769.6857142857143,756.4819047619047,833.592380952381,813.7257142857143,794.4190476190477,823.3314285714285,826.4380952380952,810.4285714285714,845.0209523809524,775.8304761904762,859.8609523809524,768.0666666666667,861.5428571428571,819.7485714285714,829.8742857142857,886.4838095238096,805.5352380952381,833.6285714285714,875.1447619047619,823.6666666666666,851.0685714285714,771.8438095238096,734.32,912.7523809523809,816.5771428571428,834.7847619047619,873.5695238095238,803.8780952380953,860.7180952380952,794.4,857.4742857142858,814.0685714285714,861.8723809523809,782.6438095238095,820.5904761904762,792.1447619047619,843.8209523809523,839.0533333333333,877.5409523809524,812.8647619047618,875.4361904761905,863.1847619047619,832.2152380952381,785.7942857142857,817.44,869.3009523809524,878.8647619047618,846.0704761904761,868.48,876.0457142857143,865.4933333333333,872.0819047619048,804.3790476190476,781.1047619047619,780.9219047619048,915.1904761904761,866.12,827.207619047619,791.3961904761904,817.2,827.8628571428571,809.6133333333333,849.2419047619047,753.6266666666667,812.6209523809524,837.807619047619,785.5980952380952,830.3028571428572,768.2685714285715,772.6895238095238,840.8609523809524,795.7238095238096,797.1123809523809,808.072380952381,841.047619047619,834.9733333333334,835.0819047619048,857.3542857142858,871.8285714285714,765.807619047619,890.4819047619047,806.8914285714286,842.5961904761905,883.4609523809523,833.9028571428571,811.6895238095238,880.3504761904762,944.327619047619,897.375238095238,812.0114285714286,944.68,857.3523809523809,865.2647619047619,867.495238095238,852.6647619047619,844.4666666666667,882.4,778.4876190476191,814.5961904761905,849.5238095238095,847.2533333333333,883.0590476190476,858.5466666666666,878.52,855.48,781.2095238095238,878.3085714285714,809.8190476190476,837.2152380952381,842.8838095238095,873.7942857142857,846.8857142857142,887.527619047619,800.2114285714285,864.1733333333333,817.8838095238095,862.7009523809523,813.912380952381,787.9466666666667,975.12,898.3980952380953,893.7352380952381,833.7657142857142,811.6571428571428,862.312380952381,839.3295238095238,855.6838095238095,887.6476190476191,828.4152380952381,835.6361904761904,895.2723809523809,830.6647619047619,913.6,816.5485714285714,847.1714285714286,867.7371428571429,898.2609523809524,856.5866666666667,898.3085714285714,899.6342857142857,891.1390476190476,846.9961904761905,880.7961904761905,892.152380952381,837.5733333333334,915.3257142857143,915.6571428571428,856.2704761904762,900.9504761904761,812.8761904761905,778.6571428571428,1016.2247619047619,1043.3485714285714,927.3142857142857,915.2533333333333,907.7657142857142,949.3161904761905,846.0057142857142,918.792380952381,839.52,882.8209523809523,940.4228571428572,823.5790476190476,918.4,976.5885714285714,920.527619047619,960.8304761904762,906.9542857142857,915.167619047619,897.5333333333333,937.4552380952381,940.7714285714286,928.6857142857143,889.8819047619047,897.2057142857143,889.6076190476191,874.2533333333333,881.1466666666666,929.4742857142858,928.4457142857143,933.1695238095238,851.7333333333333,822.8057142857143,960.4171428571428,957.2,917.9542857142857,941.8857142857142,990.5466666666666,1075.1295238095238,1009.9028571428571,952.7333333333333,909.8628571428571,912.8380952380952,919.4990476190476,968.5980952380952,912.9542857142857,932.68,971.8723809523809,979.0057142857142,962.3657142857143,986.1542857142857,913.1238095238095,999.8571428571429,927.5561904761905,979.1009523809524,951.0857142857143,1022.7561904761905,991.5238095238095,945.9161904761904,929.7066666666667,959.7752380952381,907.8590476190476,958.9428571428572,924.4038095238095,852.3580952380952,1058.3828571428571,947.6323809523809,964.6171428571429,996.7638095238095,940.8,1024.0190476190476,962.4571428571429,973.7009523809523,1036.112380952381,1016.7885714285715,943.1866666666666,999.7428571428571,934.4761904761905,946.432380952381,1003.48,1065.6857142857143,1027.6914285714286,1070.5466666666666,1003.1219047619047,1022.3809523809524,980.9504761904761,982.0552380952381,1038.8933333333334,991.2571428571429,998.7980952380952,1063.4838095238094,1032.712380952381,1039.8114285714287,1015.8552380952381,1053.5085714285715,920.4419047619048,976.7942857142857,1197.3961904761904,1023.8457142857143,1105.9219047619047,1072.6228571428571,1030.2533333333333,1133.367619047619,1190.9561904761904,1253.472380952381,1061.6895238095237,1055.6438095238095,978.6304761904762,970.8247619047619,1025.5657142857142,1049.337142857143,1004.3638095238096,1056.142857142857,1003.8495238095238,1056.3866666666668,1032.8342857142857,1010.2914285714286,991.3828571428571,1082.7885714285715,1006.2285714285714,1067.2457142857143,1118.1657142857143,1075.0838095238096,998.3714285714286,948.1904761904761,960.4647619047619,996.1047619047619,927.6914285714286,951.5809523809523,1078.3980952380953,1088.097142857143,955.3333333333334,1002.6895238095238,1055.1790476190477,1214.510476190476,1173.1885714285713,1148.2076190476191,973.8628571428571,1022.68,1012.4761904761905,1049.1638095238095,1163.2952380952381,1186.2342857142858,1137.5314285714285,999.3333333333334,986.1561904761904,1010.4038095238095,1030.0914285714287,1138.1009523809523,1109.415238095238,1077.8914285714286,1027.3695238095238,1052.5866666666666,1052.6228571428571,1209.3104761904763,1201.2742857142857,1282.76,1110.0285714285715,1086.0628571428572,989.6438095238095,980.4495238095238,1116.7047619047619,1059.4933333333333,979.1123809523809,1088.662857142857,1092.96,1090.4742857142858,1116.4304761904762,1086.1580952380953,1038.9161904761904,1082.472380952381,1115.664761904762,1225.2914285714285,1039.575238095238,1104.6666666666667,1108.9314285714286,1168.2628571428572,1142.632380952381,1110.1619047619047,1049.1695238095238,1235.8838095238095,1160.2838095238096,1103.6609523809525,1083.5733333333333,1131.2114285714285,1130.7866666666666,1186.6876190476191,1122.1238095238095,1098.2514285714285,1030.0628571428572,1112.4266666666667,1046.7371428571428,956.9923809523809,1156.5409523809524,1099.3638095238096,1066.5523809523809,1085.3657142857144,1094.4647619047619,1171.912380952381,1064.0133333333333,1137.2247619047619,1145.32,1066.175238095238,1123.857142857143,1111.6438095238095,989.1809523809524,1151.2342857142858,1081.9885714285715,1079.2266666666667,999.8019047619048,1119.0857142857142,1080.2266666666667,1064.144761904762,1069.8971428571429,1038.52,997.4761904761905,1100.335238095238,1060.5295238095239,1085.847619047619,1085.8838095238095,1137.2095238095237,1017.255238095238,1113.222857142857,1036.1142857142856,1086.2590476190476,1102.047619047619,1180.7371428571428,1146.7790476190476,1120.8990476190477,1190.4838095238094,1280.7066666666667,1162.7180952380952,1214.1390476190477,1173.0895238095238,1298.432380952381,1182.5809523809523,1221.8495238095238,1170.624761904762,1020.3142857142857,1102.3123809523809,1215.2533333333333,1170.4,1190.0914285714287,1044.6514285714286,1074.872380952381,1056.7733333333333,1271.8780952380953,1320.769523809524,1255.3942857142856,1115.6533333333334,1040.335238095238,1000.9752380952381,1195.7161904761904,1134.8419047619047,1301.4933333333333,1153.7409523809524,1109.9790476190476,1277.0723809523809,1427.1619047619047,1284.5447619047618,1154.6990476190476,1032.7542857142857,1084.9695238095237,1038.1371428571429,1123.1866666666667,1144.4133333333334,1158.3638095238096,1090.5009523809524,1075.5142857142857,1036.8209523809523,1161.864761904762,1158.184761904762,1268.577142857143,1045.6171428571429,1150.4647619047619,1017.4685714285714,1120.142857142857,1123.9847619047619,1387.8742857142856,1058.5714285714287,1041.8190476190475,1001.8819047619047,1132.855238095238,1155.4685714285715,1286.864761904762,1049.584761904762,1040.6057142857144,932.0590476190476,1082.567619047619,1268.3257142857142,1247.4761904761904,1076.12,1124.009523809524,1061.8761904761905,1211.9409523809525,1140.615238095238,1149.1885714285713,1114.2685714285715,1110.6571428571428,1170.3866666666668,1249.855238095238,1079.904761904762,1021.0514285714286,1088.8857142857144,1309.8895238095238,1458.3028571428572,1628.2838095238096,1257.4857142857143,1214.32,1111.8209523809523,1101.1180952380953,1067.7904761904763,1112.2114285714285,1077.222857142857,1296.942857142857,1053.2666666666667,1071.5485714285714,960.6190476190476,1011.2266666666667,955.1485714285715,1010.0780952380952,1080.9257142857143,1244.967619047619,1193.8780952380953,1099.6038095238096,1020.0228571428571,1111.902857142857,1070.182857142857,1148.6419047619047,1172.8819047619047,1121.8361904761905,1023.1847619047619,1032.6514285714286,984.9466666666667,1039.2152380952382,1000.6857142857143,1117.2685714285715,1080.8857142857144,1168.3619047619047,1193.1714285714286,1365.3333333333333,1078.0438095238096,1105.1409523809523,1012.7638095238095,1027.2190476190476,976.1790476190477,1109.5485714285714,1045.1866666666667,1217.5352380952381,1265.6438095238095,1575.5504761904763,1661.632380952381,1213.1676190476192,1186.9485714285715,1205.104761904762,1122.510476190476,1575.422857142857,1869.7085714285715,1746.7809523809524,1964.3085714285714,1583.1371428571429,1094.4038095238095,1164.567619047619,1065.9580952380952,1180.7828571428572,1194.1942857142858,1549.3295238095238,1955.577142857143,1618.6914285714286,1406.655238095238,1577.6285714285714,1451.9828571428573,1499.432380952381,1425.3219047619048,1859.08,2812.744761904762,3477.0438095238096,2633.478095238095,1963.8819047619047,1556.4114285714286,1520.2152380952382,1676.182857142857,2505.4038095238097,2910.2114285714288,1636.112380952381,1392.4114285714286,1347.5885714285714,1364.5504761904763,1371.510476190476,1181.3066666666666,1324.3428571428572,1248.8742857142856,1641.142857142857,1805.2666666666667,1480.6266666666668,1155.942857142857,1248.7447619047618,1215.337142857143,1549.7466666666667,2075.885714285714,2646.5257142857145,2877.8114285714287,2339.5961904761903,1513.7580952380952,1813.9809523809524,1459.9638095238095,1447.0247619047618,1648.3085714285714,2135.0666666666666,1834.4171428571428,1399.752380952381,1527.6057142857144,1457.1961904761904,1471.5828571428572,2022.8666666666666,1688.2247619047619,1474.3942857142856,1671.64,1540.9771428571428,1231.9619047619049,1395.577142857143,1660.5409523809524,2354.729523809524,1885.08,1938.8057142857142,1640.712380952381,1413.2914285714285,1293.3409523809523,1337.5733333333333,1458.7866666666666,1872.8304761904762,2067.6266666666666,1979.8761904761905,2645.992380952381,3416.8990476190475,4223.687619047619,3238.1657142857143,2611.3352380952383,2023.1485714285714,1832.352380952381,1528.327619047619,1221.287619047619,1367.702857142857,1558.0342857142857,2064.6438095238095,2627.0933333333332,1827.5428571428572,1365.3714285714286,1335.4780952380952,1498.6209523809523,1536.8742857142856,1163.047619047619,1409.727619047619,1500.8285714285714,2084.6419047619047,3164.84,3907.678095238095,1879.4209523809525,1481.424761904762,1403.992380952381,1892.0990476190477,2509.4838095238097,2337.8933333333334,1549.2114285714285,1466.1980952380952,1388.135238095238,1683.9485714285715,1578.8819047619047,1951.647619047619,2783.1828571428573,3855.887619047619,2367.308571428571,2378.537142857143,2667.4914285714285,1764.9638095238095,1401.7923809523809,1521.1466666666668,1806.032380952381,2777.015238095238,3551.135238095238,2606.697142857143,1774.8419047619047,1911.6590476190477,2442.213333333333,1634.7752380952381,1234.8209523809523,1380.8457142857144,1237.5809523809523,1324.8342857142857,1301.44,1580.512380952381,1263.7580952380952,1373.6019047619047,1231.2666666666667,1241.0514285714285,1156.1542857142856,1285.9276190476191,1354.5295238095239,1769.142857142857,1721.3561904761905,1988.9161904761904,1416.0209523809524,1416.5942857142857,1217.2952380952381,1328.5142857142857,1446.7447619047618,1705.5161904761906,1717.1561904761904,1847.56,1761.847619047619,1718.0380952380951,1524.935238095238,1704.5485714285714,1933.7180952380952,1723.0933333333332,1649.4266666666667,2095.3485714285716,1791.3580952380953,1625.2,1496.0933333333332,1491.4514285714286,1434.5009523809524,1837.3066666666666,2409.2761904761905,2618.5466666666666,1778.3809523809523,1380.88,1437.104761904762,1994.4285714285713,1636.5028571428572,1917.0114285714285,2150.5847619047618,2107.0857142857144,2008.8285714285714,1880.6685714285713,1667.777142857143,1770.1219047619047,1357.12,1438.7866666666666,1410.8495238095238,1535.847619047619,1395.8514285714286,1487.337142857143,1355.8285714285714,1516.0152380952381,1780.8057142857142,1705.769523809524,1464.1390476190477,1555.2438095238094,1494.5295238095239,1634.662857142857,1872.4209523809525,1976.3123809523809,1946.5428571428572,1896.6609523809525,1728.527619047619,2043.712380952381,2414.2438095238094,2857.500952380952,2831.1314285714284,2357.460952380952,1967.7314285714285,2302.527619047619,2374.129523809524,2162.958095238095,2074.0133333333333,2067.9561904761904,1854.8266666666666,1922.1714285714286,1854.887619047619,1819.9409523809525,1888.9790476190476,1964.327619047619,1856.8095238095239,3061.102857142857,3172.9904761904763,2062.6647619047617,1883.4095238095238,2230.2761904761905,1611.0361904761905,1869.7219047619049,1737.767619047619,1699.7371428571428,1886.8533333333332,2316.190476190476,2919.405714285714,3205.4038095238097,1862.9085714285713,2134.56,3013.0057142857145,4315.020952380953,5355.626666666667,4000.7771428571427,2538.984761904762,2025.0152380952381,2361.582857142857,2965.8742857142856,3222.8285714285716,4434.512380952381,4274.102857142857,4164.716190476191,5081.565714285714,5543.8761904761905,5233.093333333333,3407.849523809524,2773.095238095238,3619.750476190476,2471.7771428571427,1698.392380952381,1703.8438095238096,2073.7009523809525,2164.792380952381,2138.769523809524,1945.1066666666666,2233.1790476190477,2378.845714285714,1859.4095238095238,1978.5295238095239,3099.805714285714,3144.0438095238096,2538.5504761904763,2290.9161904761904,2577.649523809524,1944.1485714285714,1947.5314285714285,2124.672380952381,2560.1485714285714,2610.2190476190476,2360.979047619048,1856.695238095238,1668.727619047619,1525.0933333333332,1967.1485714285714,2732.1428571428573,3107.213333333333,2534.264761904762,2191.7485714285713,1848.3790476190477,2510.266666666667,2802.2438095238094,2278.6228571428574,2938.266666666667,3182.015238095238,2516.190476190476,3130.304761904762,3020.56,2905.9961904761903,2274.7009523809525,1957.5485714285714,2230.1219047619047,2972.445714285714,4048.792380952381,5290.308571428572,4456.306666666666,4420.379047619048,3731.2990476190475,3750.9180952380952,3421.308571428571,3772.7657142857142,4193.872380952381,3800.5561904761903,4623.205714285714,5082.641904761905,3321.194285714286,2463.674285714286,1925.127619047619,2264.862857142857,2508.7980952380954,3543.289523809524,3900.885714285714,3559.6419047619047,3676.1466666666665,4013.057142857143,4871.375238095238,5361.281904761905,3726.8571428571427,4396.761904761905,4265.15619047619,3091.1961904761906,3478.352380952381,4280.573333333334,3797.3561904761905,3605.935238095238,3153.889523809524,4025.544761904762,3939.7942857142857,4036.8780952380953,4063.1314285714284,4803.148571428572,3736.6838095238095,3191.710476190476,3226.3371428571427,4061.984761904762,4179.895238095238,3507.3161904761905,2542.9695238095237,1999.0380952380951,1563.8133333333333,1784.5733333333333,1641.0038095238094,1522.7104761904761,1491.5619047619048,1690.3028571428572,1425.2857142857142,1482.9485714285715,1496.3504761904762,1496.2133333333334,1446.584761904762,1585.7257142857143,1731.2038095238095,1911.7714285714285,1854.7904761904763,2803.784761904762,3832.2609523809524,3324.944761904762,2429.889523809524,1591.4685714285715,1354.4647619047619,1692.2952380952381,2013.5161904761906,2361.0266666666666,1530.5428571428572,1680.0304761904763,1565.4552380952382,1695.5866666666666,1868.0933333333332,1908.752380952381,1315.6990476190476,1426.1980952380952,1477.6114285714286,1754.9619047619049,1927.6171428571429,2106.32,2496.3961904761904,3114.7809523809524,2463.5961904761903,2188.5676190476192,2436.152380952381,1678.7714285714285,1410.6533333333334,1496.6095238095238,1450.3695238095238,1806.2590476190476,2545.8914285714286,3269.6209523809525,1956.9980952380952,2026.8133333333333,2450.270476190476,3053.615238095238,3911.2342857142858,2720.0457142857144,1776.4419047619047,2458.3352380952383,2052.8952380952383,1706.2,1363.2114285714285,1766.3771428571429,2190.2380952380954,2846.92,2037.4914285714285,2378.7733333333335,2418.8838095238093,2188.401904761905,1367.8095238095239,1513.9276190476191,1569.1809523809525,2054.3352380952383,2940.4133333333334,5076.12,6252.620952380952,6552.542857142857,3533.405714285714,1847.6933333333334,1399.96,1428.1885714285713,1260.8933333333334,1493.5238095238096,1520.5238095238096,2147.845714285714,2513.575238095238,3130.1447619047617,3838.72,4696.678095238095,2321.207619047619,1941.7961904761905,1855.2590476190476,2108.2533333333336,2254.5409523809526,3319.0914285714284,4420.1180952380955,3563.6990476190476,2529.2361904761906,3477.5066666666667,2591.8285714285716,1649.3257142857142,1473.2361904761906,1800.8419047619047,2265.6247619047617,3534.575238095238,2703.0114285714285,1877.2247619047619,1826.4914285714285,2153.9085714285716,2310.48,2612.0685714285714,2171.9180952380952,1749.6342857142856,2162.807619047619,2234.9409523809522,2120.9523809523807,3531.967619047619,3316.3161904761905,2021.2171428571428,1929.4038095238095,3025.638095238095,3221.632380952381,2533.8514285714286,2944.2190476190476,4324.8819047619045,6028.571428571428,4143.348571428572,2008.1790476190477,1608.9390476190476,1288.0057142857142,1449.8742857142856,1393.3066666666666,1836.3295238095238,1565.1542857142856,1468.462857142857,1292.6304761904762,1359.3828571428571,1106.9390476190476,1249.7714285714285,1280.36,1326.6171428571429,1351.8609523809523,1368.249523809524,1102.5961904761905,1441.7866666666666,1465.0780952380953,1354.097142857143,1125.0,1259.4361904761904,1117.9390476190476,1237.0171428571427,1174.887619047619,1333.4419047619047,1101.68,1269.6209523809523,1094.0019047619048,1400.007619047619,1199.1485714285714,1246.3333333333333,1100.8971428571429,1213.4704761904761,1128.5942857142857,1220.8114285714287,1199.0666666666666,1449.6666666666667,1150.6666666666667,1241.7371428571428,1144.8761904761905,1218.664761904762,1065.6761904761904,1152.1695238095238,1320.632380952381,1495.6533333333334,1483.9104761904762,1430.4914285714285,1430.6419047619047,1819.6038095238096,1944.6342857142856,1661.0533333333333,1783.182857142857,2451.975238095238,1617.135238095238,1297.9161904761904,1149.287619047619,1252.5219047619048,1247.4419047619047,1174.8342857142857,1089.9561904761904,1315.5828571428572,1066.72,1279.0133333333333,1095.9180952380952,1254.0,1171.2038095238095,1166.1085714285714,1083.16,1191.4342857142858,1200.9561904761904,1560.6133333333332,1839.1238095238095,1676.3866666666668,1327.1161904761905,1297.6133333333332,1466.7314285714285,1461.0057142857142,1269.2571428571428,1437.815238095238,1493.7942857142857,1723.9561904761904,1312.0,1188.462857142857,1159.5714285714287,1292.5295238095239,1264.6685714285713,1712.6609523809525,2001.9638095238095,1785.9485714285715,1278.2438095238094,1372.4,1489.8742857142856,2018.9980952380952,1484.1561904761904,1447.1161904761905,1516.3561904761905,1859.912380952381,1994.567619047619,2019.5866666666666,1599.375238095238,1489.6190476190477,1324.135238095238,1650.335238095238,1341.337142857143,1266.510476190476,1069.6666666666667,1245.7885714285715,1411.1295238095238,1479.7314285714285,1598.2133333333334,1850.3257142857142,1439.8285714285714,1730.9752380952382,2154.544761904762,2316.5657142857144,1596.3257142857142,1703.4571428571428,1849.5809523809523,1677.152380952381,1545.1485714285714,1782.8857142857144,1966.0057142857142,2332.7714285714287,1677.1142857142856,1993.1066666666666,2426.4514285714286,3270.2514285714287,2027.2114285714285,1836.0266666666666,1774.144761904762,1814.6495238095238,2266.967619047619,3735.750476190476,4789.417142857143,3505.5866666666666,2817.84,3453.0133333333333,2117.9161904761904,1703.52,2073.2419047619046,3001.4,2465.2514285714287,2772.095238095238,2473.6857142857143,2656.1809523809525,2616.4323809523808,3745.704761904762,2842.3638095238093,1955.0780952380953,1560.7619047619048,1806.6971428571428,2373.4342857142856,2120.102857142857,1426.9504761904761,1847.4971428571428,2803.2914285714287,3869.4857142857145,2554.8533333333335,3187.826666666667,3341.0666666666666,3309.9714285714285,4598.687619047619,3577.672380952381,2516.2361904761906,4343.228571428572,5415.582857142857,2976.9542857142856,2254.457142857143,3484.5885714285714,5320.001904761904,6033.969523809524,5212.091428571429,3900.4685714285715,2995.558095238095,3327.7809523809524,5500.483809523809,7758.1866666666665,5146.718095238095,3612.022857142857,5754.085714285714,9470.140952380953,6191.110476190476,3585.382857142857,2130.306666666667,1914.7790476190476,2169.6266666666666,3373.346666666667,3483.424761904762,3558.518095238095,4643.424761904762,7085.613333333334,4761.300952380952,2727.544761904762,2022.1790476190477,1510.5028571428572,1331.0152380952381,1638.5066666666667,1624.8133333333333,2062.352380952381,3223.190476190476,3458.6266666666666,2059.653333333333,1741.3219047619048,1785.1961904761904,1769.912380952381,1454.2209523809524,1813.0533333333333,2463.5295238095237,3718.8742857142856,2809.744761904762,2390.7409523809524,2400.247619047619,1785.6114285714286,1502.7390476190476,1731.0057142857142,2443.942857142857,2450.9333333333334,1576.0361904761905,1613.152380952381,1506.3809523809523,1842.4438095238095,1402.8380952380953,1549.6019047619047,1558.2285714285715,2222.3314285714287,2589.729523809524,2337.9295238095237,1839.5790476190475,1481.8209523809523,1377.6380952380953,1581.1161904761905,1492.8190476190475,1598.6838095238095,2021.4514285714286,1903.3733333333332,1480.1904761904761,1542.367619047619,1339.5523809523809,1626.4133333333334,2200.110476190476,3504.822857142857,2450.367619047619,1639.4190476190477,1539.84,1481.4590476190476,1383.8628571428571,1676.0171428571427,1375.9161904761904,1479.344761904762,1626.4114285714286,2202.001904761905,2307.310476190476,2042.0,1471.4952380952382,1701.1733333333334,2162.615238095238,2445.3638095238093,1600.7314285714285,1478.9942857142858,1374.4171428571428,1935.2533333333333,1564.7085714285715,1388.8495238095238,1341.5866666666666,1647.6266666666668,1928.76,2313.9314285714286,1609.7180952380952,1688.9638095238095,2092.3714285714286,2274.714285714286,1346.510476190476,1378.1409523809523,1164.8819047619047,1302.3714285714286,1239.0228571428572,1444.7638095238094,1402.1638095238095,1924.9409523809525,2926.344761904762,2449.8209523809523,1276.3885714285714,1274.3904761904762,1220.9238095238095,1507.9619047619049,1204.5333333333333,1432.2190476190476,1144.0914285714287,1438.5028571428572,1304.4209523809525,1256.944761904762,1231.2761904761905,1334.422857142857,1350.4742857142858,1912.384761904762,2308.0590476190478,1765.2190476190476,1596.2095238095237,2601.575238095238,2583.9885714285715,1533.6304761904762,1398.9961904761906,1623.9142857142858,1543.2628571428572,1529.902857142857,1230.6019047619047,1554.4095238095238,1961.2380952380952,2504.6038095238096,2871.1447619047617,2081.4266666666667,1410.942857142857,1594.142857142857,1657.4609523809524,2291.264761904762,1736.7657142857142,1781.887619047619,1725.935238095238,2291.92,1681.7428571428572,1663.6857142857143,1983.0723809523809,2218.6228571428574,1413.3085714285714,1462.5523809523809,1705.8742857142856,2936.192380952381,3751.127619047619,2198.1428571428573,1734.7428571428572,1914.4533333333334,1450.9466666666667,1519.615238095238,1550.0133333333333,1709.16,1482.4438095238095,1499.2761904761905,1313.6038095238096,1830.9961904761906,2627.304761904762,2192.4666666666667,1298.8133333333333,1420.487619047619,1290.2514285714285,1376.1657142857143,1459.662857142857,1697.5542857142857,1436.6780952380952,2028.0209523809524,1872.184761904762,1776.5447619047618,1276.8533333333332,1274.6838095238095,1122.5961904761905,1293.4761904761904,1219.5961904761905,1496.367619047619,1696.1904761904761,1894.5028571428572,1415.1885714285713,1360.1809523809525,1225.3790476190477,1496.727619047619,1590.8361904761905,1716.8495238095238,1719.6533333333334,2279.1714285714284,2027.1580952380953,1473.32,1387.592380952381,1616.7638095238094,1886.304761904762,2096.405714285714,2004.6019047619047,2361.8380952380953,1881.0819047619048,1753.3180952380953,1408.0533333333333,1635.6590476190477,1729.1961904761904,1809.7314285714285,1376.2590476190476,1629.664761904762,1760.76,2705.133333333333,4010.1047619047617,4345.967619047619,1737.0723809523809,1558.2647619047618,1604.36,1451.230476190476,1123.1466666666668,1379.6609523809525,1227.9809523809524,1331.8628571428571,1480.2095238095237,1498.392380952381,1204.0038095238094,1383.8914285714286,1235.592380952381,1330.4038095238095,1224.7333333333333,1504.7733333333333,1393.664761904762,1582.489523809524,1869.7047619047619,2517.1238095238095,1815.3904761904762,1319.769523809524,1173.182857142857,1378.8819047619047,1316.9580952380952,1855.3942857142856,1621.4780952380952,1568.9257142857143,1202.432380952381,1538.0019047619048,1632.6609523809525,1562.584761904762,1180.2457142857143,1287.8057142857142,1175.057142857143,1238.4552380952382,1179.2514285714285,1370.6457142857143,1273.415238095238,1497.2171428571428,1449.9504761904761,1519.8114285714287,1356.1104761904762,1403.2209523809524,1350.2019047619049,1652.7733333333333,2346.8933333333334,2095.809523809524,1192.2438095238094,1326.8838095238095,1225.912380952381,1247.6495238095238,1188.72,1413.6780952380952,1513.56,2401.2761904761905,2293.575238095238,1944.9161904761904,1482.0990476190477,1718.0171428571427,1641.815238095238,1619.9257142857143,1740.3009523809524,2485.8038095238094,2931.173333333333,2273.158095238095,1690.2742857142857,2132.8209523809523,2428.0819047619048,2759.441904761905,1895.7847619047618,2055.302857142857,3356.9504761904764,3958.935238095238,1867.9942857142858,1474.5523809523809,1331.5619047619048,1437.8495238095238,1340.4285714285713,1551.3161904761905,1306.0628571428572,1437.1295238095238,1481.537142857143,2123.5161904761903,3206.88,4897.476190476191,3102.4266666666667,2191.7885714285712,1858.7847619047618,2338.8914285714286,1783.0019047619048,2314.3161904761905,2713.902857142857,1795.512380952381,1460.1085714285714,1889.4914285714285,2325.5161904761903,2747.302857142857,1751.527619047619,1823.96,2340.7657142857142,4199.409523809524,6480.546666666667,4337.857142857143,3052.2114285714288,2721.4704761904763,2440.594285714286,1961.7657142857142,1595.5066666666667,2016.1866666666667,2704.697142857143,5244.733333333334,4900.579047619048,2289.8952380952383,1593.3066666666666,2038.9885714285715,2799.52,4179.937142857143,2314.6266666666666,2069.4666666666667,2474.7542857142857,3706.007619047619,2284.500952380952,1647.777142857143,1352.992380952381,1498.4342857142858,1573.424761904762,2184.864761904762,3037.382857142857,4958.676190476191,4466.647619047619,5429.563809523809,7062.567619047619,3574.767619047619,2392.885714285714,3570.64,5702.019047619047,5895.455238095238,3208.167619047619,2477.8209523809523,3375.502857142857,6614.241904761905,7782.948571428571,3001.5847619047618,1655.2761904761905,1709.5009523809524,1770.3809523809523,1800.3238095238096,1386.3809523809523,1459.7638095238094,1471.0723809523809,1950.8761904761905,1948.904761904762,2944.9409523809522,3699.4666666666667,4635.558095238095,3419.4038095238097,4573.826666666667,7301.961904761904,5742.121904761905,6254.367619047619,4700.398095238095,2877.7638095238094,3120.769523809524,3448.752380952381,2087.767619047619,1529.009523809524,1629.9295238095237,2157.137142857143,2480.6990476190476,1892.3257142857142,2071.5257142857145,1885.8095238095239,2576.2533333333336,4524.742857142857,7470.00380952381,3575.464761904762,2033.5428571428572,1879.9961904761906,1739.7942857142857,1804.1238095238095,2588.3390476190475,4525.544761904762,7898.327619047619,6399.952380952381,8365.805714285714,4965.8190476190475,3930.2838095238094,5304.889523809524,3736.687619047619,2055.9123809523808,1836.2361904761906,1794.3066666666666,2247.9409523809522,3462.422857142857,6131.8304761904765,6674.761904761905,6055.384761904762,5328.085714285714,5680.390476190476,2666.1961904761906,2496.1219047619047,2455.302857142857,1892.2380952380952,1561.3219047619048,1543.432380952381,1537.615238095238,1807.8857142857144,2332.190476190476,3738.832380952381,3069.554285714286,4724.222857142857,4435.657142857143,5832.754285714285,7429.106666666667,10988.678095238096,19407.605714285713,14198.706666666667,4572.693333333334,2641.2990476190475,2614.3180952380953,4587.211428571429,4667.700952380952,5706.430476190476,9890.350476190477,7465.72380952381,3264.001904761905,1814.8019047619048,1575.9657142857143,2097.3580952380953,2930.5961904761903,4728.979047619047,4789.910476190476,5981.862857142857,3332.16,1830.4780952380952,1556.055238095238,1592.3257142857142,1521.192380952381,1852.9847619047619,2279.0495238095236,3443.7942857142857,6816.11619047619,5332.660952380952,2197.329523809524,2116.7466666666664,2507.2285714285713,4308.466666666666,4288.08,7275.8361904761905,6002.670476190477,4013.1714285714284,1944.824761904762,1709.88,1794.5657142857142,2061.230476190476,2237.6361904761907,3849.346666666667,7635.664761904762,6229.04,2478.1066666666666,1835.624761904762,1430.6761904761904,1514.7790476190476,1497.2933333333333,1577.0266666666666,1586.5009523809524,2157.352380952381,1905.3238095238096,1910.4342857142858,2595.6133333333332,2833.3180952380953,3127.0895238095236,6160.266666666666,9407.51619047619,5781.691428571428,7435.857142857143,6058.171428571429,2490.5085714285715,2080.977142857143,1751.9638095238095,2133.2342857142858,1501.607619047619,1536.64,1473.6380952380953,1474.7542857142857,1606.0361904761905,2410.0133333333333,4144.801904761905,8551.885714285714,5659.1409523809525,2942.3009523809524,1741.68,1543.5466666666666,1332.8019047619048,1326.8228571428572,1365.5028571428572,1455.5142857142857,1337.3180952380953,1629.4914285714285,2037.7638095238094,2855.4380952380952,5437.84,5996.483809523809,2438.2819047619046,2086.3314285714287,1939.5904761904762,1973.8609523809523,1521.5428571428572,1647.5085714285715,1541.222857142857,1496.2742857142857,1513.9295238095237,2361.592380952381,2848.329523809524,5686.297142857143,3354.2514285714287,1743.472380952381,1370.6590476190477,1455.7809523809524,1343.7580952380952,1442.2571428571428,1381.1580952380953,1499.462857142857,1422.7961904761905,1761.1980952380952,2091.8438095238093,3955.6285714285714,3954.7085714285713,2217.5161904761903,2025.750476190476,2091.6838095238095,1622.8685714285714,1674.4133333333334,1433.92,1516.4552380952382,1514.6095238095238,1918.2933333333333,2555.3238095238094,3866.6228571428574,8665.57142857143,15143.211428571429,10447.190476190477,4123.767619047619,2150.925714285714,2089.809523809524,1473.8438095238096,1421.5047619047618,1199.7009523809525,1336.4647619047619,1158.08,1253.655238095238,1110.7942857142857,1253.2780952380951,1136.4133333333334,1289.2780952380951,1344.92,1650.1942857142858,1443.097142857143,1554.0438095238096,1597.0038095238094,1416.0228571428572,1303.7104761904761,1401.8780952380953,1205.415238095238,1449.192380952381,1767.5942857142857,2632.114285714286,1593.8914285714286,1426.142857142857,1347.824761904762,1869.8,1992.6495238095238,2175.598095238095,1690.407619047619,1525.6609523809525,1308.2609523809524,1731.327619047619,1257.007619047619,1536.8838095238095,2042.2019047619049,3736.36,3069.017142857143,1883.3466666666666,1285.7142857142858,1336.567619047619,1362.3542857142857,1571.9066666666668,1203.0666666666666,1271.7333333333333,1179.184761904762,1459.7390476190476,1881.712380952381,1828.8514285714286,1995.3428571428572,2247.942857142857,1651.3180952380953,1704.4495238095237,1504.912380952381,1468.0190476190476,1261.1161904761905,1406.0609523809524,1299.8057142857142,1668.3409523809523,1841.9866666666667,1757.8895238095238,1497.7333333333333,1933.5980952380953,2313.2685714285712,2785.0590476190478,2715.2590476190476,2540.8285714285716,1795.68,1506.0228571428572,1367.5504761904763,1514.8190476190475,1518.8819047619047,1564.48,1391.9619047619049,1554.182857142857,1800.007619047619,2503.6285714285714,2820.5619047619048,1966.422857142857,2141.887619047619,2641.4590476190474,2409.024761904762,2244.8552380952383,1831.76,2349.5333333333333,2808.2342857142858,3294.862857142857,2813.114285714286,2073.017142857143,1697.6933333333334,2095.462857142857,3082.9485714285715,3091.3390476190475,2506.3961904761904,2348.401904761905,1734.9771428571428,1929.5619047619048,1516.5314285714285,1803.2761904761905,1927.6228571428571,2515.693333333333,2236.215238095238,2029.9885714285715,2176.0895238095236,1842.7980952380951,1471.2780952380951,1509.424761904762,1498.2952380952381,1792.3580952380953,1631.7961904761905,1525.855238095238,1482.9657142857143,1846.2019047619049,1608.0666666666666,2267.0342857142855,2926.6761904761906,2054.769523809524,1606.4971428571428,2213.4,2639.5676190476192,2256.4342857142856,2757.4114285714286,4769.601904761905,4002.0038095238097,2534.607619047619,2268.215238095238,2043.2209523809524,1952.2438095238094,2130.537142857143,1879.4038095238095,2277.500952380952,1584.415238095238,1769.9009523809523,1911.5885714285714,1812.057142857143,2045.4666666666667,2891.487619047619,1903.7371428571428,1697.3904761904762,1896.4095238095238,2539.7085714285713,3061.169523809524,4946.918095238095,6985.754285714285,4527.312380952381,2762.733333333333,2357.0685714285714,2980.2114285714288,5519.523809523809,7742.72380952381,3866.5295238095237,2364.6647619047617,2818.935238095238,4427.396190476191,4942.601904761905,4316.870476190476,2206.2266666666665,1735.537142857143,1777.7295238095237,1428.92,2069.6019047619047,2041.952380952381,3953.84,2853.0761904761903,1934.335238095238,1721.4533333333334,1864.2933333333333,2379.2380952380954,3120.881904761905,3582.847619047619,5305.466666666666,6539.131428571429,8666.228571428572,9002.857142857143,5453.222857142857,7226.464761904762,11025.055238095238,6189.041904761904,4269.270476190476,5083.459047619048,3407.4209523809523,3594.6685714285713,3052.184761904762,2669.3638095238093,4642.224761904762,7549.704761904762,4418.967619047619,3757.3371428571427,7267.8590476190475,9557.857142857143,4142.596190476191,2544.521904761905,2982.481904761905,3921.8209523809523,9292.544761904763,11475.331428571428,5572.92380952381,5706.188571428572,8119.08,4804.552380952381,3594.5561904761903,3869.7809523809524,4065.401904761905,3768.607619047619,2457.500952380952,2112.7561904761906,3474.9295238095237,3624.3942857142856,3760.329523809524,2450.1961904761906,1994.4647619047619,2327.001904761905,2124.255238095238,1585.8190476190475,1810.8323809523808,2297.6190476190477,4632.6,3835.975238095238,2140.137142857143,1562.88,1504.8819047619047,1519.4819047619048,2101.7409523809524,3260.0514285714285,5269.1180952380955,2588.392380952381,2284.7961904761905,2829.7485714285713,4590.5142857142855,9593.775238095239,7091.167619047619,3497.8361904761905,2350.2285714285713,1769.672380952381,2199.767619047619,2478.346666666667,2043.5047619047618,1809.0609523809524,2021.095238095238,2363.0266666666666,3052.4895238095237,1991.112380952381,1720.6609523809525,1633.8914285714286,1729.9066666666668,1969.0038095238094,1806.422857142857,1641.1485714285714,1720.152380952381,1700.6514285714286,1630.9009523809523,1469.655238095238,1685.9771428571428,1522.4209523809525,1491.2171428571428,1456.1485714285714,2412.192380952381,2832.6266666666666,4120.546666666667,2302.998095238095,1657.1771428571428,1415.8666666666666,1660.4666666666667,1391.04,1538.9009523809523,1658.1619047619047,3094.0990476190477,3430.634285714286,2112.4495238095237,1799.8533333333332,2839.001904761905,6854.6,5183.590476190476,2292.3314285714287,1768.6342857142856,1514.5504761904763,1551.3466666666666,1465.9790476190476,1410.8209523809523,1407.5180952380952,1657.2419047619048,2315.7257142857143,2156.2285714285713,1533.2609523809524,1499.6876190476191,1488.3028571428572,1641.192380952381,1461.3123809523809,2206.2114285714288,1955.7733333333333,2723.977142857143,5066.967619047619,6928.438095238095,3151.5238095238096,2096.8590476190475,1684.3142857142857,1609.2209523809524,1404.817142857143,1900.335238095238,2147.114285714286,3323.3885714285716,3183.0495238095236,2006.632380952381,1550.872380952381,1423.5809523809523,1211.392380952381,1306.0857142857142,1160.5409523809524,1294.8704761904762,1370.32,1836.4819047619048,1284.9942857142858,1210.175238095238,1050.5066666666667,1136.7390476190476,1056.5085714285715,1164.3390476190475,1094.4838095238094,1317.1238095238095,1280.1809523809525,2042.9752380952382,2776.5809523809526,7412.481904761905,9824.754285714285,5193.8819047619045,2989.7257142857143,1967.4819047619048,1372.1333333333334,1384.422857142857,1483.7161904761904,1503.7009523809525,1184.624761904762,1293.0704761904763,1123.8323809523808,1263.8761904761905,1633.855238095238,2614.5619047619048,2134.472380952381,1581.9180952380952,1370.8819047619047,1457.8133333333333,1236.9295238095237,1306.767619047619,1231.352380952381,1405.8266666666666,1277.6895238095237,1482.2933333333333,1310.5028571428572,1505.1866666666667,1703.2133333333334,2025.2819047619048,2122.3885714285716,2414.617142857143,1597.48,1513.2761904761905,1287.9771428571428,1347.5009523809524,1318.5047619047618,1776.895238095238,2173.001904761905,1770.2628571428572,1369.2819047619048,1408.5542857142857,1385.127619047619,1397.6514285714286,1152.5047619047618,1146.1295238095238,1313.5447619047618,1397.8990476190477,1287.2,1742.847619047619,1479.6876190476191,1554.4990476190476,1713.3104761904763,1616.1295238095238,1474.2380952380952,1584.5885714285714,1481.3809523809523,1784.3314285714287,1578.1904761904761,2166.8361904761905,1695.2933333333333,1436.3390476190475,1306.8,1798.7923809523809,1176.702857142857,1376.5428571428572,1239.537142857143,1422.76,1470.577142857143,1584.9161904761904,1473.247619047619,1531.6704761904762,1276.6666666666667,1366.2,1432.5180952380952,1514.6761904761904,1235.2685714285715,1363.5695238095238,1623.5314285714285,1733.1161904761905,2076.0495238095236,1858.76,1627.3942857142856,1544.2761904761905,1317.3980952380953,1423.1504761904762,1340.3238095238096,1480.8609523809523,1277.6533333333334,1385.7314285714285,1374.9009523809523,1415.2933333333333,1246.2647619047618,1379.990476190476,1259.0247619047618,1779.4685714285715,1270.857142857143,1407.8209523809523,1544.1714285714286,2017.1638095238095,1511.1504761904762,1630.4552380952382,1830.6457142857143,3218.4533333333334,2930.885714285714,4319.428571428572,2856.544761904762,2177.5142857142855,1685.8704761904762,1530.097142857143,1382.0285714285715,1477.5619047619048,1211.0247619047618,1327.8323809523808,1203.2628571428572,1392.462857142857,1414.8304761904762,2017.4647619047619,2766.2057142857143,2639.2361904761906,2980.441904761905,2401.04,1779.647619047619,1761.272380952381,1676.055238095238,2102.5809523809526,3264.8780952380953,3003.6038095238096,1769.064761904762,1686.935238095238,1424.3828571428571,1532.944761904762,1640.9390476190476,1602.6914285714286,1427.0590476190475,1542.9142857142858,1362.3885714285714,1446.857142857143,1689.2666666666667,3164.306666666667,5521.91619047619,4021.653333333333,2761.9314285714286,2751.1066666666666,2124.2838095238094,1806.2952380952381,1622.8609523809523,1900.1542857142856,1762.5980952380953,1846.0533333333333,2674.832380952381,4890.302857142857,2900.1561904761907,2229.2228571428573,2375.3352380952383,3031.24,2853.3314285714287,2295.462857142857,2760.3809523809523,5353.441904761905,3109.6761904761906,2623.592380952381,3309.792380952381,6463.580952380952,11253.318095238095,6497.874285714286,3470.5104761904763,2668.845714285714,2459.3942857142856,2372.9695238095237,2211.942857142857,2224.321904761905,2674.984761904762,5971.432380952381,4298.565714285714,2856.16,2596.638095238095,2485.657142857143,1959.424761904762,2144.3390476190475,3384.3885714285716,5965.8761904761905,5431.16,3271.133333333333,2290.2342857142858,1880.7485714285715,1604.4971428571428,2100.441904761905,3719.2361904761906,3899.975238095238,3193.022857142857,5559.382857142858,4548.241904761905,3756.8838095238093,4760.222857142857,9578.539047619048,11080.584761904762,7300.64,5468.826666666667,3387.5314285714285,2298.805714285714,1966.944761904762,1730.935238095238,2106.270476190476,1755.375238095238,1716.712380952381,2020.3028571428572,1852.3028571428572,1520.7638095238094,1601.7142857142858,1526.8361904761905,1932.127619047619,2101.657142857143,2370.7428571428572,2325.312380952381,2786.7771428571427,5267.287619047619,16473.125714285714,23665.20761904762,12715.180952380952,7760.571428571428,6195.443809523809,7363.367619047619,10570.878095238095,6771.779047619048,7482.129523809524,4501.0952380952385,3472.342857142857,3510.735238095238,2920.7580952380954,2189.302857142857,2077.2761904761905,2035.9790476190476,3299.849523809524,2714.615238095238,3270.4114285714286,4503.64,3452.5885714285714,2553.057142857143,2072.615238095238,1632.2114285714285,1715.1333333333334,1653.0628571428572,1907.4266666666667,1775.0685714285714,1896.4380952380952,2240.6,2246.3333333333335,2608.744761904762,2969.064761904762,2064.032380952381,2092.735238095238,1958.7866666666666,1897.2780952380951,1651.1161904761905,2217.001904761905,1870.08,3443.306666666667,9316.996190476191,7712.032380952381,4073.264761904762,2770.3409523809523,2274.1161904761907,2723.5333333333333,2257.5619047619048,2065.32,1892.4285714285713,2764.302857142857,2309.792380952381,2068.04,2055.695238095238,2240.4742857142855,2953.617142857143,7126.323809523809,13191.620952380952,9977.030476190475,11237.48380952381,6087.409523809524,3815.4704761904763,2847.32,2081.169523809524,1838.0380952380951,1670.8628571428571,1802.5161904761906,1805.6971428571428,2073.295238095238,2009.375238095238,2448.0666666666666,1919.0609523809524,2503.0361904761903,2958.958095238095,2361.6019047619047,1873.2190476190476,1784.462857142857,1757.5714285714287,2146.6457142857143,2630.1047619047617,4555.548571428571,10761.104761904762,8841.219047619048,4515.306666666666,3397.152380952381,2914.5619047619048,2444.8019047619046,1983.4419047619047,2237.2038095238095,2862.2514285714287,2503.6190476190477,3092.129523809524,6200.84,9761.466666666667,6339.228571428572,3518.1885714285713,2604.0895238095236,2234.4704761904763,1934.04,1531.8228571428572,1612.1371428571429,1383.5942857142857,1870.1809523809525,1392.7809523809524,1815.9809523809524,1975.8971428571429,1948.4761904761904,2522.007619047619,2284.693333333333,1829.4952380952382,2241.9161904761904,2088.255238095238,1983.3790476190477,2046.6419047619047,2040.144761904762,1639.8495238095238,1849.9771428571428,2145.7542857142857,3980.617142857143,8623.620952380952,5602.04380952381,3504.634285714286,2678.8914285714286,2516.1161904761907,2197.4342857142856,1653.407619047619,1674.8914285714286,1743.7828571428572,1835.3390476190475,1890.142857142857,3512.8742857142856,9093.923809523809,6874.767619047619,4410.729523809524,3920.849523809524,3272.72,4483.567619047619,3670.0761904761903,6316.068571428571,16682.921904761904,14222.834285714285,8192.373333333333,6471.030476190476,4193.504761904762,3651.653333333333,4373.975238095238,3816.7942857142857,2638.64,2559.672380952381,3543.4133333333334,7154.055238095238,6883.874285714286,4175.104761904762,3046.979047619048,2895.5676190476192,4236.1466666666665,8204.264761904762,5857.782857142857,5465.5257142857145,3909.921904761905,3103.8952380952383,2883.0438095238096,4612.424761904762,9548.260952380951,11676.826666666666,12792.27619047619,8645.49142857143,5192.912380952381,3893.055238095238,2846.184761904762,2949.0704761904763,3432.015238095238,2561.12,2233.2361904761906,2393.270476190476,2235.9657142857145,1919.9276190476191,1684.5714285714287,1750.5866666666666,1418.4304761904762,1570.3942857142856,1886.4285714285713,2590.407619047619,3451.767619047619,6349.921904761904,10017.247619047619,18277.068571428572,11314.35619047619,8020.7904761904765,9167.878095238095,7057.051428571429,7912.12,12814.495238095238,7302.851428571428,4779.005714285714,3364.152380952381,2771.9123809523808,2059.9638095238097,2261.9733333333334,1666.2057142857143,1815.0838095238096,2480.2342857142858,6561.588571428571,17907.878095238095,12450.824761904762,7199.219047619048,5388.032380952381,4100.529523809524,4140.948571428571,6380.219047619048,18371.71619047619,34904.37714285714,20650.453333333335,12624.379047619048,10244.782857142856,6764.994285714286,5422.251428571429,5672.992380952381,4225.5085714285715,4488.022857142857,4098.935238095238,3146.9885714285715,2913.5333333333333,2353.7028571428573,2715.4304761904764,3110.1714285714284,2948.2228571428573,4352.333333333333,13807.84761904762,29598.24380952381,19770.710476190477,11619.038095238095,7787.973333333333,6166.801904761905,8241.28761904762,15497.700952380952,20626.8,17378.687619047618,16800.632380952382,14232.672380952381,9428.653333333334,7846.748571428571,7157.556190476191,4777.078095238096,3127.28,2512.0266666666666,2236.6114285714284,1921.6914285714286,2107.767619047619,2574.824761904762,3096.36,4361.7904761904765,3350.28,2472.3809523809523,2205.2438095238094,1978.3028571428572,1927.4704761904761,1757.8857142857144,2299.7371428571428,2572.24,2223.0514285714285,1773.3219047619048,2202.0438095238096,2388.8609523809523,3916.977142857143,5512.990476190476,4363.801904761905,3687.062857142857,6633.92,8985.773333333333,9339.316190476191,10699.034285714286,6792.510476190476,7582.931428571429,17492.942857142858,14808.198095238095,13715.005714285715,10709.56380952381,6673.342857142857,5005.992380952381,4163.714285714285,3231.0914285714284,2945.4914285714285,2796.2761904761905,2927.024761904762,2393.304761904762,2575.805714285714,3046.704761904762,4547.777142857143,8407.215238095238,17364.706666666665,18258.514285714286,10724.220952380952,6964.171428571429,7054.72,9930.820952380953,8899.358095238094,5880.131428571429,5462.346666666666,4154.649523809524,3459.577142857143,3315.350476190476,2644.4038095238097,1960.8933333333334,1858.3961904761904,1651.8438095238096,1727.7257142857143,1471.2780952380951,1731.5085714285715,2681.1257142857144,5801.16,17286.862857142856,18089.699047619048,11047.59619047619,7713.7733333333335,5932.133333333333,6045.598095238095,4960.403809523809,3862.1980952380954,3465.325714285714,3458.2438095238094,3117.3314285714287,4097.352380952381,4288.220952380952,3082.0266666666666,3092.872380952381,6120.659047619048,4142.4971428571425,2926.346666666667,2149.5161904761903,2273.56,2692.544761904762,2751.369523809524,2335.6266666666666,2810.518095238095,3381.8209523809523,3134.3942857142856,4781.23619047619,14828.518095238096,13893.820952380953,9058.222857142857,10049.691428571428,8875.293333333333,6504.982857142857,7782.074285714286,6238.104761904762,3971.9961904761903,2725.0876190476192,2413.6590476190477,1893.032380952381,2087.1561904761907,2524.1657142857143,2564.870476190476,2186.3371428571427,2049.4857142857145,1791.6114285714286,1816.4552380952382,2031.4971428571428,2732.4761904761904,1799.6914285714286,1694.8704761904762,1442.152380952381,1442.9238095238095,1553.7847619047618,1779.8971428571429,1690.1066666666666,1938.7961904761905,1592.9542857142858,1648.4666666666667,1632.7866666666666,2083.697142857143,2140.8514285714286,2050.001904761905,2698.4933333333333,4534.304761904762,4081.167619047619,3023.264761904762,2206.815238095238,1868.695238095238,1600.4552380952382,1724.1619047619047,1546.0152380952381,1689.9504761904761,1635.2895238095239,1662.510476190476,2208.36,2817.4495238095237,5120.899047619047,5526.24,3785.154285714286,4298.716190476191,7822.358095238095,7584.68380952381,5525.8419047619045,4799.499047619048,6370.779047619048,5985.382857142858,5042.093333333333,5411.546666666667,4315.948571428571,3509.5066666666667,4936.910476190476,5264.072380952381,7225.394285714286,11896.834285714285,7739.5142857142855,5984.161904761905,6318.613333333334,4992.1238095238095,4107.994285714286,3086.975238095238,2204.7885714285712,2064.3790476190475,2219.460952380952,4403.729523809524,5573.939047619047,4960.415238095238,3950.44,2877.0095238095237,2357.6057142857144,2995.1390476190477,2670.9638095238097,2720.8590476190475,2052.097142857143,1952.3619047619047,2348.2742857142857,5145.918095238095,4948.552380952381,3722.4685714285715,2780.112380952381,3127.2590476190476,3804.9161904761904,4575.899047619047,6155.718095238095,10206.051428571429,6582.022857142857,6332.127619047619,8530.548571428571,10134.921904761904,9351.660952380953,14196.44380952381,9104.990476190476,5819.9047619047615,4429.270476190476,3456.0857142857144,2342.4380952380952,1869.9828571428573,1437.28,1400.3295238095238,1274.424761904762,1605.48,2647.0,3992.9866666666667,2932.0609523809526,2766.2914285714287,2767.017142857143,3978.653333333333,12376.48380952381,19811.584761904764,12198.39238095238,9209.297142857144,8947.775238095239,12873.984761904761,8706.024761904762,5858.089523809524,5652.19619047619,4210.906666666667,3038.9123809523808,2848.306666666667,5365.626666666667,12476.982857142857,12665.179047619047,7780.540952380952,4926.329523809523,3955.154285714286,3919.6457142857143,3715.693333333333,3199.982857142857,5532.224761904762,7813.980952380953,12326.798095238095,11390.125714285714,24843.222857142857,30204.744761904763,19633.068571428572,14890.996190476191,22351.53142857143,18954.88761904762,13276.16380952381,8781.689523809524,6476.184761904762,5074.977142857143,3974.1485714285714,2795.2209523809524,2529.537142857143,3353.862857142857,8931.139047619048,13950.946666666667,9607.16,8466.415238095238,19151.620952380952,23067.29142857143,15159.685714285713,10663.933333333332,11634.11619047619,17645.110476190475,20925.687619047618,29284.019047619047,19286.590476190475,11609.76761904762,7682.179047619047,5319.912380952381,3921.8285714285716,3516.2819047619046,4091.424761904762,2921.1790476190477,2387.1828571428573,1956.184761904762,2373.0438095238096,2941.1561904761907,4959.622857142857,15638.177142857143,18370.714285714286,11328.449523809524,8648.407619047619,7324.028571428571,5453.318095238095,3779.9066666666668,3023.5961904761903,3138.5295238095237,9268.662857142857,16432.211428571427,10779.518095238096,10236.67619047619,11210.432380952381,8671.860952380952,15100.169523809524,14895.028571428571,9285.817142857142,5788.582857142857,4115.535238095238,3480.2342857142858,2880.1409523809525,1992.864761904762,1741.9180952380952,1511.4457142857143,1480.9257142857143,1464.230476190476,1558.2419047619048,1798.2628571428572,2166.598095238095,1669.6780952380952,2173.5695238095236,1947.7257142857143,1943.9542857142858,2116.0533333333333,2232.169523809524,2169.038095238095,1955.1295238095238,1607.5657142857142,1782.7619047619048,1670.3428571428572,1784.7752380952381,1453.5352380952381,1307.7885714285715,1383.1904761904761,1493.1485714285714,2172.518095238095,4138.314285714286,4351.00380952381,5585.121904761905,11593.144761904761,8764.544761904763,6015.8,5577.087619047619,5972.024761904762,4450.56,3213.1485714285714,2815.4666666666667,2378.9333333333334,2658.544761904762,3391.078095238095,6736.895238095238,13092.56,9373.2,5983.304761904762,4929.76,7212.954285714286,9032.864761904762,12807.180952380952,13973.053333333333,14808.775238095239,9264.902857142857,6199.8,5313.626666666667,4207.902857142857,3044.417142857143,2374.041904761905,2275.935238095238,2533.3542857142857,6273.318095238095,6521.4685714285715,6687.699047619048,7041.716190476191,6343.1752380952385,4724.409523809524,4185.026666666667,3300.9866666666667,2634.2990476190475,2307.607619047619,2357.3142857142857,2318.4666666666667,3903.3733333333334,10681.154285714285,9681.31238095238,6880.2266666666665,6625.12,11555.481904761904,25817.495238095238,19574.721904761904,12385.013333333334,8393.518095238096,6281.049523809524,4925.127619047619,5713.573333333334,16701.253333333334,28754.325714285715,22563.165714285715,15248.28,9996.445714285714,7362.4971428571425,6801.912380952381,14286.725714285714,15620.60761904762,17876.63619047619,27819.438095238096,20154.565714285713,16734.093333333334,26515.01523809524,21153.154285714285,13291.274285714286,8497.264761904762,5900.089523809524,4442.455238095238,3265.872380952381,2324.554285714286,2544.3390476190475,3673.0857142857144,9054.125714285714,19855.55619047619,14165.859047619047,8863.580952380953,6918.761904761905,5845.527619047619,4293.398095238095,2948.7638095238094,2660.958095238095,4388.573333333334,6629.739047619048,16282.849523809524,28009.23238095238,25312.31619047619,15450.28380952381,10381.84,9840.118095238095,7144.5542857142855,4719.977142857143,3590.710476190476,3323.3485714285716,3835.447619047619,6394.24,5104.434285714286,3728.5847619047618,2894.287619047619,3255.2761904761905,9384.580952380953,12912.379047619048,10858.464761904763,7568.845714285714,5218.487619047619,5069.300952380952,3691.984761904762,2936.992380952381,2525.1390476190477,2491.5885714285714,3618.5485714285714,11739.826666666666,11748.725714285714,7521.441904761905,5129.27619047619,4972.377142857143,9047.47238095238,21750.918095238096,21442.371428571427,13570.331428571428,9009.066666666668,6220.8819047619045,4332.447619047619,3350.6190476190477,2822.2,2822.8380952380953,5856.5257142857145,12080.739047619049,8211.57142857143,6349.272380952381,5857.8247619047615,4516.032380952381,3136.841904761905,2772.88,2595.5961904761903,2478.1980952380954,2181.306666666667,3448.1561904761907,8583.358095238094,13299.575238095238,9350.96380952381,7885.862857142857,5153.540952380952,3729.521904761905,2896.133333333333,2554.224761904762,2332.158095238095,5155.139047619047,16839.794285714284,24111.626666666667,16773.67238095238,10305.499047619047,6673.8647619047615,4783.0952380952385,3358.687619047619,2623.5790476190477,2346.7657142857142,3064.3714285714286,2743.7161904761906,3121.102857142857,3559.2457142857143,7413.5542857142855,18513.769523809522,21464.22857142857,17439.54857142857,14762.986666666666,19135.08,13664.415238095238,8312.942857142858,5703.636190476191,4295.049523809524,3542.655238095238,3077.255238095238,2968.3542857142857,4261.260952380952,4322.4914285714285,3458.847619047619,4864.76,11220.666666666666,8556.67619047619,5504.725714285714,5350.034285714286,7281.1580952380955,5826.396190476191,7184.805714285714,13653.826666666666,9859.790476190476,6598.380952380952,4522.377142857143,4681.76380952381,12762.030476190475,15091.377142857144,10176.011428571428,6843.074285714286,4929.342857142857,4894.948571428571,6793.540952380952,7321.4628571428575,5033.550476190476,4486.361904761905,3005.7619047619046,2589.472380952381,2628.729523809524,2294.8552380952383,2090.2780952380954,1884.5904761904762,1551.3980952380953,1459.4780952380952,1598.7942857142857,2067.2990476190475,1692.0,1652.135238095238,1380.935238095238,1846.0457142857142,3652.935238095238,4164.432380952381,3783.472380952381,5539.655238095238,4898.312380952381,5941.013333333333,11633.826666666666,8638.342857142858,5716.849523809524,4700.918095238095,10038.16761904762,12135.697142857143,7321.409523809524,4823.386666666666,3653.158095238095,4320.017142857143,4400.96380952381,3610.310476190476,4855.510476190476,13654.649523809523,10938.415238095238,7512.5771428571425,7003.358095238095,14439.118095238095,11643.881904761905,7370.638095238095,4837.676190476191,4271.718095238095,3388.4742857142855,2896.729523809524,2043.297142857143,1773.7371428571428,2463.750476190476,2855.958095238095,2193.7542857142857,2179.88,1843.5314285714285,1660.407619047619,1320.272380952381,1365.7790476190476,1315.2247619047619,2096.8609523809523,2258.4838095238097,2286.607619047619,2694.36,2448.1447619047617,2017.4666666666667,2015.1066666666666,2206.96,2358.9733333333334,1654.847619047619,1852.422857142857,2487.9733333333334,3334.3580952380953,4242.737142857143,4958.5142857142855,4134.171428571429,4506.017142857143,3753.6628571428573,4434.0,3250.68,3481.224761904762,3447.5809523809526,2796.8914285714286,2243.9066666666668,2057.1790476190477,2079.767619047619,3271.0114285714285,8024.617142857142,8283.48,5442.249523809523,3788.5714285714284,2735.2438095238094,2166.5847619047618,1709.4361904761904,1718.1638095238095,1623.7828571428572,1916.7219047619049,1739.5523809523809,2234.455238095238,2268.784761904762,2241.247619047619,1948.4971428571428,2010.7371428571428,3246.832380952381,5465.565714285714,5687.487619047619,5677.230476190476,4881.567619047619,7446.11619047619,18555.881904761904,14244.937142857143,9343.952380952382,6965.369523809524,5545.72380952381,3680.6647619047617,2556.775238095238,2144.807619047619,1928.769523809524,1777.6914285714286,1452.6514285714286,1561.5961904761905,1788.6819047619047,2492.6457142857143,3185.5295238095237,4083.390476190476,2784.8438095238093,2157.382857142857,1643.9333333333334,1532.0838095238096,1293.5733333333333,1887.72,2115.133333333333,1921.2342857142858,1567.575238095238,2619.897142857143,2633.3142857142857,2188.2838095238094,2025.8761904761905,2281.809523809524,1940.7619047619048,1621.2647619047618,1311.384761904762,1301.7885714285715,1141.3085714285714,1436.4761904761904,1485.4209523809525,1523.8190476190475,1338.2038095238095,1313.527619047619,1153.222857142857,1245.7142857142858,1149.7314285714285,1450.9885714285715,1222.9714285714285,1448.7371428571428,1706.0019047619048,2032.2019047619049,4134.481904761905,6443.632380952381,5496.327619047619,3728.478095238095,2469.8742857142856,2149.264761904762,1857.0514285714285,1826.232380952381,1669.9314285714286,1620.8609523809523,1379.44,1494.9276190476191,1762.4533333333334,3783.285714285714,14177.59619047619,12746.521904761905,8086.8076190476195,6036.735238095238,4639.822857142857,3206.5161904761903,2199.849523809524,2245.7619047619046,3417.102857142857,2743.8609523809523,2037.9790476190476,1781.007619047619,1467.5085714285715,1390.942857142857,1270.7161904761904,1833.1942857142858,3231.2514285714287,3203.704761904762,2186.958095238095,1906.6019047619047,2097.2933333333335,2594.4190476190474,2103.032380952381,1999.4419047619047,1552.7809523809524,1555.4495238095237,1268.3390476190475,1354.3885714285714,1615.6266666666668,3616.535238095238,2872.1657142857143,2136.1238095238095,1632.3333333333333,1734.2685714285715,2199.1961904761906,2026.1504761904762,1542.7542857142857,1495.5542857142857,1152.912380952381,1144.712380952381,1186.4819047619048,1259.935238095238,1412.9314285714286,2261.2,5350.1580952380955,6115.860952380953,4195.388571428572,3738.1409523809525,4628.685714285714,4802.744761904762,3323.5809523809526,3965.154285714286,2936.4685714285715,2400.5104761904763,1749.7085714285715,1561.6133333333332,1279.8438095238096,1341.5180952380952,1123.1542857142856,1292.4819047619048,1202.1238095238095,1509.8342857142857,1835.5542857142857,2244.24,1781.5542857142857,1606.1180952380953,1476.5180952380952,2187.6019047619047,2970.689523809524,4822.8076190476195,18652.14476190476,36524.49333333333,23262.805714285714,13515.96,8450.63238095238,5545.125714285714,3368.0304761904763,2352.925714285714,1639.807619047619,1553.327619047619,1380.895238095238,1497.7485714285715,1584.9314285714286,1718.902857142857,1560.0228571428572,1601.0704761904763,1803.4019047619047,2332.2914285714287,1893.1066666666666,1816.304761904762,1493.335238095238,1614.6990476190476,1744.08,1954.152380952381,1693.1009523809523,1777.2761904761905,1520.3809523809523,1583.0723809523809,1586.1409523809523,2555.041904761905,4493.407619047619,14355.881904761905,30130.226666666666,19205.489523809523,10875.308571428572,7209.56,4620.04380952381,3668.88,4127.971428571429,4511.150476190476,4029.1619047619047,2925.0114285714285,2085.327619047619,2087.6438095238095,3021.7428571428572,8040.167619047619,27001.630476190476,20276.10476190476,11138.340952380953,7364.95619047619,5186.470476190476,4071.306666666667,2857.015238095238,2405.308571428571,3159.6438095238095,4070.361904761905,2714.845714285714,2338.542857142857,2127.0895238095236,1981.249523809524,2108.097142857143,2237.5085714285715,1773.1561904761904,1548.28,1358.769523809524,1351.7180952380952,1470.847619047619,1791.1771428571428,2419.0895238095236,3612.7028571428573,3474.712380952381,2595.678095238095,1975.1142857142856,1790.8457142857144,1382.7885714285715,1334.84,1209.12,1327.4171428571428,1157.1085714285714,1217.4457142857143,1189.3238095238096,1252.3295238095238,1235.655238095238,1371.2933333333333,1072.5295238095239,1133.0609523809524,1036.2952380952381,1256.2438095238094,1437.5942857142857,1888.5885714285714,1498.615238095238,1442.1619047619047,1746.4514285714286,1917.1161904761905,1452.6533333333334,1321.1257142857144,1322.857142857143,1503.8380952380953,1601.4380952380952,1496.9085714285713,1156.175238095238,1185.0895238095238,1137.664761904762,1491.4209523809525,1318.584761904762,1251.6514285714286,1164.4571428571428,1418.4666666666667,1798.7485714285715,3262.184761904762,2249.7238095238095,1848.6380952380953,1817.44,2758.424761904762,1925.5219047619048,1575.04,1279.3809523809523,1286.2380952380952,1352.4742857142858,1598.097142857143,1369.5295238095239,1940.3809523809523,1695.1657142857143,1453.2114285714285,1189.6761904761904,1191.8990476190477,1144.8190476190475,1620.0038095238094,5169.659047619048,5844.733333333334,3585.217142857143,2856.8990476190475,2134.2685714285712,1695.2933333333333,1783.7714285714285,1934.184761904762,1552.7638095238094,1511.0152380952381,1354.367619047619,1282.607619047619,1193.3828571428571,1750.512380952381,1914.3104761904763,1686.8380952380953,2345.7066666666665,2656.88,1729.3695238095238,1548.0457142857142,1206.7752380952381,1224.4171428571428,1281.887619047619,2522.16,12177.60380952381,12264.316190476191,7513.24,4967.96380952381,4169.8304761904765,5646.908571428571,3513.6438095238095,2279.325714285714,1932.1885714285713,2743.118095238095,2168.247619047619,1642.4742857142858,1239.72,1226.337142857143,1124.7733333333333,1202.7733333333333,1095.92,1189.3542857142857,1357.2419047619048,1941.5295238095239,6878.929523809524,19488.525714285715,14977.649523809523,7929.504761904762,4612.48,2930.7390476190476,1851.4133333333334,1838.9695238095237,2313.632380952381,1934.8990476190477,1617.0228571428572,2049.2057142857143,1786.9238095238095,1618.0590476190475,1309.7466666666667,1452.1790476190477,1554.1066666666666,1567.0704761904763,1873.7104761904761,4096.312380952381,6471.228571428572,5772.0952380952385,3710.213333333333,2891.88,4236.628571428571,3792.2,3548.691428571429,3202.2457142857143,2756.4704761904763,2155.5466666666666,1630.5904761904762,1457.2133333333334,1258.0666666666666,1250.6838095238095,1036.6704761904762,1066.7104761904761,1023.712380952381,1114.7047619047619,1018.327619047619,1191.8895238095238,1014.2647619047619,1086.6,927.4057142857143,1063.6285714285714,1093.8380952380953,1310.9809523809524,1182.3333333333333,1217.8971428571429,1206.6685714285713,1931.9771428571428,2020.4857142857143,2544.3885714285716,2566.7961904761905,2335.7390476190476,2048.9333333333334,1764.2095238095237,1719.1314285714286,2564.0514285714285,3716.767619047619,3366.207619047619,2702.3542857142857,2352.392380952381,1860.5523809523809,1648.407619047619,1388.4666666666667,1333.8114285714287,1201.144761904762,1528.2361904761906,4031.327619047619,7208.087619047619,4761.933333333333,3221.0095238095237,2069.4438095238097,1831.1314285714286,2886.4666666666667,2787.1980952380954,2007.6857142857143,2656.169523809524,7730.00380952381,10804.335238095238,9982.598095238096,5701.52,3367.7257142857143,2407.1238095238095,1773.3104761904763,2414.790476190476,6087.805714285714,4882.430476190476,2731.1314285714284,1902.0114285714285,1391.5257142857142,1287.1161904761905,1502.3428571428572,2975.752380952381,2995.007619047619,2878.2628571428572,2090.632380952381,2395.5466666666666,7118.430476190476,11810.904761904761,13663.386666666667,7642.765714285714,4131.786666666667,3284.3790476190475,5025.2095238095235,15535.308571428572,10459.121904761905,5296.727619047619,3946.7257142857143,3356.5657142857144,1968.175238095238,1652.6266666666668,1281.4857142857143,1385.6666666666667,1577.1942857142858,1472.4914285714285,1329.9276190476191,1604.935238095238,1493.5295238095239,1979.3333333333333,4003.346666666667,3140.7238095238095,1763.48,1447.5980952380953,1131.7295238095237,1246.4380952380952,1547.9961904761906,1384.1638095238095,1098.112380952381,1332.5828571428572,1840.287619047619,2074.6,1770.3485714285714,2634.984761904762,2043.337142857143,2026.6133333333332,4620.051428571429,4172.318095238095,2613.4133333333334,1923.2552380952382,1529.7409523809524,3337.7885714285712,3376.1466666666665,2264.4,2202.8114285714287,3315.4,2803.2438095238094,3359.6228571428574,3191.9466666666667,2984.0895238095236,5517.5314285714285,10304.097142857143,6722.1752380952385,3766.8209523809523,2225.607619047619,1806.0590476190475,1333.2761904761905,1284.4419047619047,1136.8095238095239,1220.6742857142858,1316.5238095238096,3106.3485714285716,6810.144761904762,4913.283809523809,2801.8533333333335,3647.6628571428573,10888.179047619047,9297.224761904761,4593.390476190476,2974.154285714286,2679.1238095238095,3908.325714285714,3919.3771428571426,3286.6628571428573,2271.1390476190477,1700.7238095238095,1195.0704761904763,1075.4476190476191,1052.88,1212.4209523809525,1057.537142857143,1050.9504761904761,1204.9219047619047,1933.5638095238096,1775.057142857143,1629.6571428571428,2016.3219047619048,4013.775238095238,3458.2914285714287,2448.1885714285713,1831.2038095238095,4898.933333333333,12806.582857142857,19128.361904761903,11845.788571428571,5268.984761904762,2525.6114285714284,1687.5428571428572,1218.5695238095238,1628.344761904762,1520.337142857143,1335.1580952380953,1101.7142857142858,1147.4171428571428,1030.510476190476,1117.1676190476192,1074.230476190476,1351.4495238095237,1498.2076190476191,2694.712380952381,12460.053333333333,21967.780952380952,12212.257142857143,5322.780952380952,2780.5257142857145,1835.5447619047618,1326.3885714285714,1368.9142857142858,1285.9409523809525,1266.2361904761906,1155.990476190476,1166.0990476190477,1226.5066666666667,1489.375238095238,1694.24,1682.1028571428571,1404.4857142857143,1484.24,1585.0933333333332,3880.4190476190474,14524.36380952381,29349.904761904763,22764.266666666666,9820.386666666667,4310.659047619048,2517.704761904762,1831.0133333333333,1882.142857142857,1401.567619047619,1264.664761904762,1129.392380952381,1126.3257142857142,1011.9847619047619,1166.9409523809525,977.9790476190476,1009.84,1145.872380952381,1171.6057142857144,1078.087619047619,1436.3333333333333,3941.0038095238097,6238.571428571428,3533.790476190476,1925.7657142857142,1264.6304761904762,1218.607619047619,1400.5085714285715,1441.0819047619048,1150.2095238095237,1229.8971428571429,1087.3428571428572,1210.0457142857142,1075.2819047619048,1243.575238095238,1349.8095238095239,1501.767619047619,1286.7295238095237,1348.9580952380952,1179.6304761904762,1222.76,1192.6571428571428,3079.167619047619,7847.068571428571,7184.363809523809,3221.367619047619,1820.8285714285714,1217.5466666666666,1095.2609523809524,1150.047619047619,1614.7847619047618,2206.4838095238097,6356.921904761904,8740.140952380953,5227.190476190476,2555.2533333333336,1700.9504761904761,1274.0933333333332,1349.5161904761906,1157.4304761904762,1162.3009523809524,1052.7561904761906,1201.510476190476,1312.6190476190477,1680.0342857142857,1555.0152380952381,1874.5352380952381,4966.674285714285,17942.123809523808,23221.977142857144,12622.462857142857,5760.668571428571,3315.979047619048,1873.8,1443.2190476190476,1023.4457142857143,1114.7047619047619,951.9561904761905,1011.1276190476191,977.472380952381,1281.647619047619,3057.2742857142857,4628.312380952381,3035.382857142857,1737.5333333333333,1216.4990476190476,1133.6228571428571,981.407619047619,1057.4647619047619,924.7714285714286,1052.4514285714286,902.0038095238095,1087.6533333333334,1031.7619047619048,1090.384761904762,1098.6419047619047,1113.12,981.1752380952381,1270.5942857142857,1746.7238095238095,6718.137142857143,18234.457142857143,23756.340952380953,12983.820952380953,5774.944761904762,2868.7961904761905,1872.6,1199.6742857142858,1166.2990476190475,1000.0857142857143,1077.1619047619047,885.0438095238095,985.4914285714286,1041.3219047619048,1085.5885714285714,985.7009523809523,1048.5466666666666,944.495238095238,1054.1028571428571,937.7561904761905,1073.2076190476191,1589.4457142857143,2651.215238095238,3016.9695238095237,2071.615238095238,1282.6228571428571,1137.6361904761904,956.0533333333333,1063.0247619047618,924.6438095238095,1030.4685714285715,943.3542857142858,1015.8095238095239,1011.6380952380953,1157.815238095238,1128.7828571428572,1163.6019047619047,1019.1295238095238,1131.1390476190477,998.1619047619048,1146.3619047619047,1078.5790476190475,1121.3542857142857,930.7047619047619,1016.5238095238095,1067.2457142857143,1010.0152380952381,970.3771428571429,1100.6114285714286,1165.4380952380952,1798.5790476190475,2218.3314285714287,2728.3561904761905,1863.2685714285715,1338.0590476190475,996.9428571428572,1022.0095238095238,947.4057142857143,1042.335238095238,873.087619047619,1013.3066666666666,1007.0457142857143,1267.3257142857142,1223.327619047619,1150.4133333333334,996.1580952380953,1065.8780952380953,1002.2514285714286,1078.0361904761905,931.8857142857142,1071.135238095238,944.0304761904762,1079.6019047619047,991.3676190476191,1034.4361904761904,907.32,1044.0609523809524,1146.337142857143,1408.857142857143,1376.2704761904763,1626.7466666666667,1365.9561904761904,1614.7142857142858,1762.2285714285715,1978.4761904761904,1438.0533333333333,1207.304761904762,1007.5504761904762,1089.912380952381,1083.5542857142857,1238.4095238095238,1142.3866666666668,1260.184761904762,1503.7828571428572,2062.312380952381,2435.6209523809525,2409.382857142857,1540.577142857143,1214.344761904762,1053.575238095238,1088.304761904762,980.7790476190477,1145.527619047619,1060.902857142857,1276.327619047619,1344.9009523809523,2383.9390476190474,7542.944761904762,16531.417142857143,23677.69714285714,26117.33523809524,14592.08761904762,6161.081904761905,2703.1428571428573,1854.2933333333333,1397.0819047619048,1467.992380952381,1619.4609523809524,1919.4266666666667,1843.0780952380953,1677.7809523809524,1316.8380952380953,1364.5180952380952,1313.6361904761904,1374.9333333333334,1203.4533333333334,1176.1028571428571,986.6857142857143,1094.4971428571428,893.3961904761904,1113.8095238095239,955.4209523809524,1064.9142857142858,934.5314285714286,970.712380952381,843.6266666666667,929.9752380952381,911.5904761904762,1021.1980952380952,880.0380952380953,1006.6895238095238,1255.2361904761906,1369.8038095238096,1275.1580952380953,1423.3390476190475,1354.2647619047618,2807.495238095238,7456.449523809524,11955.047619047618,15889.849523809524,16801.925714285713,9642.567619047619,4115.434285714286,2153.150476190476,1867.337142857143,1769.6609523809525
580.6909385113269,502.90291262135923,529.9692556634304,465.92071197411,592.0533980582525,432.1779935275081,540.8770226537217,525.789644012945,556.6035598705502,526.2119741100323,583.2928802588997,508.5275080906149,616.1877022653722,476.4870550161812,595.2718446601941,615.6796116504854,656.4174757281553,614.8964401294498,592.9595469255663,569.4336569579287,608.915857605178,569.1035598705502,678.1828478964401,599.9029126213592,695.6601941747573,680.0776699029126,650.4676375404531,591.8333333333334,641.8106796116505,582.8818770226537,692.1666666666666,610.2087378640776,707.8851132686084,636.0987055016182,710.2669902912621,609.495145631068,731.1294498381877,591.6925566343042,711.1084142394822,598.7766990291262,710.457928802589,642.8284789644013,626.799352750809,717.8948220064725,671.1148867313916,535.7378640776699,648.6666666666666,727.1796116504854,751.65857605178,630.5517799352751,723.7783171521036,691.3042071197411,715.6019417475728,692.084142394822,746.3236245954693,599.1844660194175,724.3689320388349,652.7459546925567,689.8624595469256,633.4838187702265,701.1407766990292,640.7864077669902,688.0566343042071,624.5323624595469,739.3559870550162,656.0550161812298,729.205501618123,670.588996763754,623.7718446601941,729.0679611650486,681.3090614886731,670.5194174757281,726.789644012945,644.1504854368932,713.9174757281553,678.9886731391585,743.3462783171522,680.0582524271845,693.1359223300971,822.2508090614887,772.004854368932,674.5323624595469,732.462783171521,718.0728155339806,741.8543689320388,697.5954692556634,781.0258899676376,653.415857605178,709.3948220064725,712.7734627831716,749.0695792880259,662.9271844660194,778.4676375404531,761.6957928802589,726.6375404530744,748.915857605178,751.5631067961165,725.0566343042071,790.953074433657,702.7556634304207,791.9983818770227,717.6035598705502,750.7783171521036,706.4708737864078,681.1860841423949,694.9741100323624,809.5906148867314,669.6957928802589,766.6132686084143,701.163430420712,646.4142394822006,838.2588996763754,832.4692556634304,745.8559870550162,777.3770226537217,735.7847896440129,842.65857605178,717.3478964401295,800.1488673139158,770.9563106796116,772.3802588996764,776.6974110032362,824.1844660194175,740.1553398058253,798.0129449838188,708.5533980582525,768.8964401294498,723.7459546925567,844.2330097087379,798.046925566343,819.4902912621359,761.2556634304207,840.8640776699029,737.8203883495146,755.6294498381877,740.6715210355987,818.8268608414239,780.5679611650486,822.2750809061489,668.6763754045307,775.1957928802589,692.1812297734627,677.7766990291262,823.8398058252427,858.4352750809062,756.3543689320388,779.2087378640776,774.9385113268609,786.6537216828478,799.2734627831716,788.3883495145631,729.037216828479,768.5404530744337,747.3398058252427,848.8462783171522,801.8025889967638,787.5582524271845,782.3349514563107,768.9902912621359,688.757281553398,831.1051779935275,797.9498381877023,765.4045307443366,778.1100323624595,832.2653721682848,774.7734627831716,799.962783171521,797.1213592233009,848.5760517799353,719.6488673139158,868.7135922330098,799.5080906148868,845.6569579288026,772.9466019417475,743.2928802588997,871.2168284789644,889.8834951456311,777.0550161812298,853.5355987055016,759.8932038834952,898.4563106796116,792.5582524271845,802.6893203883495,803.0987055016182,771.4207119741101,757.9692556634304,836.3673139158576,815.5307443365696,796.1440129449838,822.0275080906149,825.6472491909385,810.504854368932,844.6245954692556,778.663430420712,860.3673139158576,767.8511326860842,864.1601941747573,818.6375404530744,828.7686084142395,886.2346278317152,807.1893203883495,835.5533980582525,874.1812297734627,825.1423948220065,853.1326860841424,774.836569579288,736.2313915857605,913.65857605178,818.1262135922331,836.5404530744337,875.3462783171522,805.4271844660194,862.9190938511326,798.2540453074433,858.4870550161812,815.7152103559871,864.5097087378641,783.0647249190938,821.6003236245955,794.962783171521,846.1699029126214,841.2394822006472,879.1893203883495,813.3964401294498,876.5226537216829,864.5388349514564,833.1262135922331,788.1051779935275,818.8818770226537,870.3543689320388,878.2799352750809,844.8268608414239,869.4870550161812,876.5307443365696,866.0517799352751,873.3802588996764,805.1925566343042,783.8802588996764,784.546925566343,917.4482200647249,870.0695792880259,829.336569579288,791.1666666666666,818.2119741100323,828.5080906148868,810.6375404530744,851.8171521035599,755.6860841423949,813.8754045307444,839.4433656957929,786.6796116504854,831.7394822006472,773.5177993527508,772.9126213592233,841.2362459546925,795.9919093851132,799.2346278317152,806.7734627831716,844.1116504854369,835.1132686084143,835.0695792880259,857.1359223300971,872.6003236245955,766.6310679611651,891.8640776699029,810.6957928802589,844.2880258899677,883.8300970873786,835.2621359223301,814.0097087378641,883.289644012945,945.0728155339806,898.0873786407767,814.8705501618123,945.7281553398059,858.6731391585761,865.6165048543689,867.5711974110033,853.9012944983818,846.6990291262136,882.2750809061489,779.7168284789644,815.0275080906149,850.8462783171522,848.34142394822,884.2216828478964,860.0291262135922,878.2346278317152,857.6310679611651,782.5873786407767,880.9029126213592,810.1294498381877,838.3883495145631,844.995145631068,875.4401294498382,846.9433656957929,888.6197411003236,800.2588996763754,864.3705501618123,818.0566343042071,863.6229773462783,815.9304207119741,788.1148867313916,975.6116504854369,899.2152103559871,893.4385113268609,834.7281553398059,812.1650485436893,863.6003236245955,840.5825242718447,858.1440129449838,888.9498381877023,831.710355987055,836.0711974110033,894.7783171521036,831.0566343042071,913.1359223300971,817.1245954692556,847.411003236246,868.2265372168284,898.2750809061489,858.8220064724919,900.1925566343042,902.8478964401295,893.5307443365696,848.4126213592233,882.2686084142395,893.7152103559871,840.0550161812298,917.6877022653722,916.2977346278317,857.9482200647249,900.6391585760517,814.4854368932039,781.2152103559871,1017.6229773462783,1046.6893203883494,928.9385113268609,918.2750809061489,910.504854368932,952.4773462783171,848.8220064724919,922.0404530744337,843.2783171521036,884.1666666666666,940.7734627831716,825.3786407766991,919.0323624595469,978.8252427184466,921.5922330097087,964.1245954692556,910.6974110032362,918.9546925566343,902.6440129449838,941.7669902912621,942.0032362459547,930.5453074433657,891.9417475728155,901.747572815534,892.037216828479,875.5258899676376,882.7022653721683,930.4126213592233,929.4983818770227,933.1472491909385,854.4546925566343,824.5161812297735,961.7588996763754,958.242718446602,918.742718446602,943.2815533980582,990.8640776699029,1068.8915857605177,1005.9433656957929,956.1391585760517,915.299352750809,915.9595469255663,920.5307443365696,969.2508090614887,915.0355987055016,933.915857605178,972.7411003236246,980.4967637540453,964.8187702265373,988.5339805825242,913.7621359223301,1003.9724919093851,930.8058252427185,985.5744336569579,961.9288025889967,1037.6197411003236,1012.9611650485436,950.0533980582525,931.757281553398,962.3818770226537,909.8721682847896,961.5987055016182,925.3236245954693,852.6407766990292,1060.631067961165,948.3915857605178,967.2702265372168,997.3689320388349,942.7880258899677,1024.4838187702264,964.084142394822,976.1003236245955,1038.1456310679612,1019.5355987055016,946.2686084142395,1005.1553398058253,937.7686084142395,948.0242718446602,1002.1666666666666,1066.8074433656957,1031.1666666666667,1072.5663430420711,1004.5275080906149,1023.7022653721683,981.4466019417475,984.4967637540453,1040.6245954692556,992.5598705501618,1000.8559870550162,1065.1715210355987,1034.2508090614888,1041.6245954692556,1018.0323624595469,1054.7038834951456,920.4902912621359,975.4288025889967,1199.4142394822006,1026.6537216828478,1108.7443365695792,1078.014563106796,1043.8430420711975,1144.3980582524273,1196.893203883495,1255.4029126213593,1063.477346278317,1057.6521035598705,980.3883495145631,972.4708737864078,1027.1229773462783,1052.5566343042071,1005.8640776699029,1058.1941747572816,1005.2346278317152,1058.098705501618,1033.326860841424,1009.0291262135922,988.5970873786408,1084.2119741100323,1009.1278317152104,1071.0566343042071,1125.8915857605177,1093.3414239482202,1024.07928802589,958.7184466019418,966.9368932038835,1007.5113268608415,945.2152103559871,957.7750809061489,1080.331715210356,1090.8673139158575,958.5809061488674,1005.4886731391585,1055.5355987055016,1216.2265372168285,1172.4126213592233,1151.710355987055,976.5695792880259,1028.7686084142395,1021.5566343042071,1053.163430420712,1170.3381877022653,1198.9288025889969,1158.3462783171522,1007.3074433656958,989.0550161812298,1013.0792880258899,1031.8478964401295,1137.8462783171522,1110.962783171521,1084.2038834951456,1033.3414239482202,1063.888349514563,1075.8867313915857,1262.542071197411,1243.888349514563,1292.4644012944984,1112.7977346278317,1087.5339805825242,991.0032362459547,982.0194174757281,1115.8559870550162,1061.1472491909385,980.8802588996764,1087.873786407767,1090.6715210355987,1089.1245954692556,1110.5339805825242,1083.92071197411,1040.2912621359224,1087.4644012944984,1116.2621359223301,1215.9482200647249,1036.31715210356,1105.7281553398059,1114.0161812297736,1178.31715210356,1171.2588996763754,1138.5064724919093,1056.3915857605177,1231.5970873786407,1156.7912621359224,1111.4870550161813,1089.6974110032363,1130.7394822006472,1127.9288025889969,1182.415857605178,1122.210355987055,1099.901294498382,1031.1456310679612,1112.8478964401295,1045.7394822006472,957.0016181229773,1162.9401294498382,1116.1521035598705,1085.7135922330096,1104.5631067961165,1138.8705501618124,1231.2621359223301,1085.873786407767,1166.2119741100323,1195.9352750809062,1088.4805825242718,1129.812297734628,1112.6909385113267,988.9805825242719,1151.0129449838187,1079.1440129449838,1078.5307443365696,1001.0501618122977,1122.700647249191,1081.5582524271845,1065.7605177993528,1071.0194174757282,1039.1245954692556,999.2540453074433,1101.131067961165,1061.3462783171522,1091.7524271844661,1093.6440129449838,1156.6391585760518,1031.1812297734627,1115.574433656958,1038.9190938511326,1089.5291262135922,1107.6326860841425,1196.1181229773463,1177.5194174757282,1129.2491909385112,1189.68284789644,1277.3074433656957,1158.4385113268609,1211.8802588996764,1166.8915857605177,1295.3478964401295,1178.2313915857605,1219.3592233009708,1165.8495145631068,1017.9789644012945,1101.5906148867314,1211.4239482200646,1167.312297734628,1189.4514563106795,1043.9595469255664,1074.1763754045307,1056.7750809061488,1268.7588996763754,1315.4919093851133,1253.9595469255664,1114.6763754045307,1042.8333333333333,1004.5,1202.9304207119742,1140.6229773462783,1305.2783171521035,1156.5161812297736,1108.7281553398059,1276.4838187702264,1428.0436893203882,1283.8090614886733,1153.611650485437,1034.195792880259,1088.2249190938512,1039.5307443365696,1125.7605177993528,1148.0695792880258,1161.977346278317,1094.093851132686,1078.7637540453075,1041.0533980582525,1168.5598705501618,1163.0210355987056,1272.7524271844661,1048.2621359223301,1152.4935275080907,1018.9449838187702,1120.1860841423947,1120.4757281553398,1385.7621359223301,1058.6294498381876,1042.326860841424,1003.8576051779935,1137.4967637540453,1158.022653721683,1288.457928802589,1049.3300970873786,1042.3576051779935,934.8187702265373,1085.472491909385,1271.631067961165,1252.1148867313916,1078.2928802588997,1127.9288025889969,1064.4223300970873,1218.284789644013,1149.7443365695792,1154.1488673139158,1121.014563106796,1124.1860841423947,1198.3187702265373,1273.6197411003236,1085.822006472492,1024.022653721683,1087.111650485437,1307.527508090615,1455.2330097087379,1629.415857605178,1260.3964401294497,1216.393203883495,1112.18284789644,1106.0161812297736,1068.0857605177994,1114.1148867313916,1074.8980582524273,1298.6148867313916,1058.168284789644,1072.289644012945,963.1003236245955,1015.0857605177994,957.8074433656958,1013.3673139158576,1082.9919093851133,1246.2653721682848,1196.2443365695792,1098.3414239482202,1012.4498381877023,1102.482200647249,1064.8155339805826,1143.8964401294497,1167.8333333333333,1116.5291262135922,1021.799352750809,1032.5873786407767,980.4239482200647,1036.5307443365696,998.0922330097087,1115.720064724919,1078.1019417475727,1164.2815533980583,1183.3592233009708,1355.8851132686084,1076.9708737864078,1097.9368932038835,1008.1262135922331,1028.1019417475727,978.3624595469256,1110.5436893203882,1043.4271844660195,1209.1601941747572,1257.606796116505,1561.4077669902913,1642.07928802589,1210.3155339805826,1188.9093851132686,1202.168284789644,1120.014563106796,1561.1326860841425,1843.6148867313916,1728.6553398058252,1936.9368932038835,1574.5032362459547,1091.6229773462783,1165.2977346278317,1065.304207119741,1181.2928802588997,1190.5970873786407,1535.0728155339805,1928.9239482200646,1610.6699029126214,1407.3543689320388,1579.9304207119742,1455.7038834951456,1500.8349514563106,1419.495145631068,1840.514563106796,2759.3171521035597,3406.729773462783,2594.695792880259,1953.7022653721683,1548.799352750809,1519.4142394822006,1664.6132686084143,2467.3252427184466,2862.229773462783,1627.6197411003236,1391.2540453074434,1344.4336569579289,1356.5388349514562,1364.687702265372,1176.378640776699,1323.784789644013,1242.7702265372168,1624.3203883495146,1778.2249190938512,1471.4611650485438,1153.8430420711975,1245.4417475728155,1209.663430420712,1538.037216828479,2045.2135922330096,2592.8899676375404,2819.037216828479,2308.9773462783173,1500.626213592233,1795.5194174757282,1450.187702265372,1435.472491909385,1622.7637540453075,2106.4660194174758,1811.4433656957929,1391.210355987055,1512.7766990291261,1446.705501618123,1457.2961165048544,1998.8802588996764,1673.789644012945,1465.4644012944984,1656.2928802588997,1535.0064724919093,1229.687702265372,1385.6893203883494,1640.0954692556634,2322.126213592233,1868.6407766990292,1914.0906148867314,1623.6521035598705,1401.31715210356,1289.187702265372,1335.6585760517798,1447.6100323624596,1848.6990291262136,2036.1003236245954,1949.9482200647249,2596.4271844660193,3350.042071197411,4124.76213592233,3176.8867313915857,2565.925566343042,2001.598705501618,1811.3252427184466,1523.4336569579289,1217.2880258899677,1358.6941747572816,1542.0760517799354,2032.0501618122978,2571.1294498381876,1815.2475728155339,1362.700647249191,1332.4174757281553,1488.472491909385,1533.7022653721683,1164.901294498382,1406.4886731391587,1491.7653721682848,2054.972491909385,3095.4886731391584,3824.5242718446602,1857.6391585760518,1473.621359223301,1397.990291262136,1873.07928802589,2460.1990291262136,2303.624595469256,1532.6472491909385,1460.4692556634304,1384.8430420711975,1677.2734627831715,1564.9433656957929,1934.326860841424,2729.0032362459547,3775.2718446601943,2334.6747572815534,2342.6747572815534,2620.0404530744336,1755.8640776699028,1395.522653721683,1514.6019417475727,1785.9190938511326,2727.668284789644,3475.851132686084,2571.8576051779937,1765.7475728155339,1894.4077669902913,2403.9563106796118,1624.7669902912621,1230.3802588996764,1377.9368932038835,1235.3640776699028,1319.2540453074434,1295.2184466019417,1564.2087378640776,1258.4029126213593,1375.5970873786407,1233.4352750809062,1243.7815533980583,1156.8624595469255,1281.4644012944984,1343.977346278317,1749.6456310679612,1698.3106796116506,1956.1747572815534,1405.925566343042,1412.7346278317152,1217.0242718446602,1325.2038834951456,1438.037216828479,1682.9449838187702,1692.901294498382,1821.5566343042071,1738.3284789644013,1713.0161812297736,1522.009708737864,1679.032362459547,1901.9805825242718,1704.4239482200646,1616.9482200647249,2040.210355987055,1751.514563106796,1621.9644012944984,1489.014563106796,1488.517799352751,1430.0113268608413,1825.915857605178,2382.697411003236,2609.0679611650485,1780.2022653721683,1383.8187702265373,1444.088996763754,1998.8236245954693,1636.9304207119742,1897.826860841424,2113.6812297734627,2071.758899676375,1971.7669902912621,1852.5809061488674,1651.326860841424,1757.7281553398059,1358.2718446601941,1439.0194174757282,1403.8802588996764,1531.1812297734627,1395.8624595469255,1490.5760517799354,1360.0469255663431,1520.6618122977347,1776.2281553398059,1695.9886731391587,1460.7491909385112,1557.037216828479,1494.3349514563106,1635.789644012945,1868.5485436893205,1965.7961165048544,1917.3624595469255,1881.5113268608413,1716.9660194174758,2022.9223300970873,2382.8009708737864,2830.223300970874,2824.3381877022653,2347.747572815534,1947.2750809061488,2278.2459546925566,2343.1375404530745,2138.265372168285,2049.0631067961167,2058.1132686084143,1861.2734627831715,1920.9126213592233,1846.5501618122978,1800.906148867314,1861.7313915857605,1950.5194174757282,1852.7378640776699,3048.2928802588995,3163.252427184466,2059.3478964401293,1873.0857605177994,2222.187702265372,1612.8333333333333,1868.1893203883494,1740.0825242718447,1689.6197411003236,1869.1715210355987,2300.435275080906,2912.9174757281553,3194.8608414239484,1857.406148867314,2124.0307443365696,2983.0728155339807,4290.088996763754,5341.902912621359,4006.425566343042,2546.0064724919093,2029.0857605177994,2357.3948220064726,2965.6100323624596,3234.2087378640776,4440.681229773463,4278.559870550162,4153.216828478964,5049.0291262135925,5518.417475728155,5219.377022653722,3418.6828478964403,2760.0728155339807,3556.624595469256,2451.5145631067962,1706.1650485436894,1707.7022653721683,2080.1197411003236,2171.5129449838187,2135.045307443366,1921.1796116504854,2201.925566343042,2342.364077669903,1856.1148867313916,1980.9368932038835,3096.9368932038833,3150.1197411003236,2526.1796116504856,2264.9077669902913,2543.3478964401293,1927.7233009708739,1945.8090614886733,2115.7362459546925,2525.1035598705503,2543.677993527508,2326.3284789644013,1854.074433656958,1672.8074433656957,1524.8414239482202,1965.2621359223301,2725.13430420712,3088.747572815534,2507.7977346278317,2185.830097087379,1830.985436893204,2459.349514563107,2726.1893203883496,2234.802588996764,2850.8009708737864,3106.766990291262,2495.5436893203882,3118.354368932039,3003.9417475728155,2840.322006472492,2239.8867313915857,1952.6326860841425,2216.9498381877024,2962.5404530744336,4039.126213592233,5274.200647249191,4428.111650485437,4361.582524271845,3685.2686084142397,3684.8996763754044,3366.402912621359,3740.8252427184466,4164.665048543689,3748.7783171521037,4536.3236245954695,5031.700647249191,3304.046925566343,2468.5938511326863,1935.2330097087379,2268.957928802589,2509.9935275080907,3518.490291262136,3871.108414239482,3532.9660194174758,3664.239482200647,3997.8770226537217,4831.917475728155,5345.150485436893,3707.402912621359,4322.038834951456,4202.47572815534,3084.425566343042,3469.720064724919,4261.7928802588995,3778.6715210355987,3595.8446601941746,3134.517799352751,4012.1521035598707,3949.776699029126,4038.545307443366,4064.930420711974,4811.221682847897,3748.056634304207,3186.470873786408,3196.0533980582522,4000.9239482200646,4118.635922330097,3475.826860841424,2528.284789644013,2007.425566343042,1572.7330097087379,1794.593851132686,1645.962783171521,1523.3430420711975,1489.5550161812298,1686.822006472492,1429.0258899676376,1491.6488673139158,1504.084142394822,1500.9142394822006,1450.9741100323624,1580.5776699029127,1711.8559870550162,1893.8462783171522,1841.368932038835,2756.631067961165,3753.6893203883496,3265.3236245954695,2397.695792880259,1586.7022653721683,1352.1084142394823,1681.8414239482202,1985.2880258899677,2334.5582524271845,1523.0906148867314,1673.5161812297736,1565.1359223300972,1694.004854368932,1862.1423948220065,1899.2653721682848,1316.7313915857605,1434.3414239482202,1480.8527508090615,1748.406148867314,1915.2265372168285,2119.9174757281553,2583.561488673139,3253.574433656958,2499.3770226537217,2169.5922330097087,2412.4045307443366,1680.1035598705503,1417.2378640776699,1498.8673139158575,1453.831715210356,1806.2427184466019,2531.9093851132684,3249.150485436893,1950.794498381877,2029.6391585760518,2444.0145631067962,3014.3236245954695,3833.729773462783,2692.739482200647,1773.7556634304208,2457.44498381877,2062.830097087379,1710.6084142394823,1362.0064724919093,1758.3252427184466,2169.4142394822006,2817.839805825243,2029.9433656957929,2403.2216828478963,2509.1796116504856,2250.0032362459547,1376.5339805825242,1521.2766990291261,1568.5954692556634,2040.490291262136,2897.8624595469255,4965.830097087379,6118.300970873786,6423.114886731391,3496.4692556634304,1844.3106796116506,1402.017799352751,1435.2038834951456,1272.3624595469255,1506.163430420712,1536.4708737864078,2169.741100323625,2586.802588996764,3218.1472491909385,3788.9870550161813,4628.972491909385,2310.7022653721683,1938.3673139158575,1856.4126213592233,2110.336569579288,2237.3883495145633,3265.7071197411005,4324.870550161812,3514.6650485436894,2503.44498381877,3418.5210355987056,2565.186084142395,1652.977346278317,1477.3592233009708,1796.504854368932,2245.517799352751,3491.8867313915857,2709.953074433657,1889.31715210356,1821.542071197411,2134.1100323624596,2281.3074433656957,2577.3090614886733,2153.5226537216827,1748.6423948220065,2158.4336569579286,2229.042071197411,2097.6100323624596,3459.831715210356,3259.0226537216827,2006.4449838187702,1914.2783171521035,2979.5663430420714,3171.2556634304206,2503.5388349514565,2895.5760517799354,4233.597087378641,5877.21359223301,4078.4045307443366,2009.3187702265373,1609.0032362459547,1288.9045307443366,1452.4126213592233,1397.8187702265373,1845.7669902912621,1580.6812297734627,1483.3446601941748,1300.2702265372168,1384.6553398058252,1135.368932038835,1259.1100323624596,1286.957928802589,1334.2168284789643,1362.789644012945,1372.7637540453075,1108.5,1454.8754045307444,1488.084142394822,1374.1666666666667,1132.5906148867314,1272.9546925566342,1132.9514563106795,1247.042071197411,1182.8074433656957,1340.462783171521,1113.957928802589,1277.3025889967637,1095.1909385113267,1405.2281553398059,1206.2378640776699,1255.5339805825242,1115.5679611650485,1228.5906148867314,1138.205501618123,1233.5598705501618,1211.517799352751,1461.715210355987,1157.3770226537217,1246.4838187702264,1152.4757281553398,1224.7475728155339,1075.6990291262136,1175.2330097087379,1347.0113268608413,1505.9595469255664,1493.700647249191,1434.9514563106795,1430.106796116505,1802.462783171521,1916.5501618122978,1655.5485436893205,1771.009708737864,2438.5145631067962,1619.6569579288025,1301.8252427184466,1152.8074433656957,1254.6003236245954,1254.9045307443366,1182.1181229773463,1098.6132686084143,1330.3899676375404,1095.4530744336569,1314.331715210356,1110.331715210356,1259.116504854369,1177.4644012944984,1169.7815533980583,1086.5194174757282,1190.5064724919093,1203.2313915857605,1569.4870550161813,1849.3559870550162,1699.4417475728155,1350.6245954692556,1312.9514563106795,1484.5388349514562,1477.7313915857605,1298.7038834951456,1484.163430420712,1527.7168284789643,1723.6278317152103,1312.8996763754046,1194.472491909385,1172.7362459546925,1310.4757281553398,1294.2297734627832,1724.8608414239482,2012.5436893203882,1802.0776699029127,1285.1504854368932,1372.588996763754,1481.4142394822006,1998.6148867313916,1478.2637540453075,1455.9708737864078,1533.1084142394823,1881.220064724919,2020.6407766990292,2044.6569579288025,1613.4514563106795,1493.6019417475727,1333.1569579288025,1663.1181229773463,1355.3252427184466,1280.0436893203882,1092.9077669902913,1275.1035598705503,1423.57928802589,1481.888349514563,1581.210355987055,1831.401294498382,1446.6326860841425,1742.3624595469255,2166.3851132686086,2325.626213592233,1603.710355987055,1711.7022653721683,1859.2378640776699,1681.8818770226537,1555.482200647249,1792.6359223300972,1966.6100323624596,2322.686084142395,1668.9433656957929,1985.8867313915857,2399.5129449838187,3220.3074433656957,2015.4142394822006,1828.710355987055,1766.2346278317152,1831.2556634304208,2284.5048543689322,3752.1715210355987,4812.045307443365,3541.5954692556634,2838.5048543689322,3470.598705501618,2134.826860841424,1707.084142394822,2080.051779935275,3014.42071197411,2472.4239482200646,2761.5954692556634,2482.355987055016,2662.663430420712,2595.705501618123,3677.8074433656957,2819.4223300970875,1962.3996763754046,1564.8802588996764,1798.8705501618124,2345.3090614886733,2115.5113268608416,1434.0404530744336,1862.720064724919,2819.313915857605,3899.9967637540453,2582.1941747572814,3200.5404530744336,3350.9595469255664,3289.5922330097087,4563.229773462783,3577.312297734628,2493.760517799353,4253.51779935275,5293.165048543689,2940.229773462783,2255.970873786408,3480.8074433656957,5316.033980582524,5969.428802588996,5150.914239482201,3903.8236245954695,2987.5048543689322,3283.8478964401293,5375.5679611650485,7577.168284789644,5051.31715210356,3557.7038834951454,5621.894822006472,9269.556634304206,6127.739482200647,3597.223300970874,2135.045307443366,1909.0517799352751,2146.608414239482,3328.0388349514565,3472.891585760518,3543.4077669902913,4550.773462783171,6953.215210355987,4718.978964401294,2730.4417475728155,2035.6763754045307,1518.8252427184466,1336.6909385113267,1646.687702265372,1632.116504854369,2063.5242718446602,3219.663430420712,3464.7993527508092,2078.059870550162,1767.1294498381876,1802.4368932038835,1780.3543689320388,1460.5469255663431,1816.0566343042071,2452.197411003236,3675.233009708738,2791.584142394822,2377.0032362459547,2384.401294498382,1788.9546925566342,1504.7265372168285,1737.121359223301,2462.056634304207,2471.5679611650485,1592.7216828478965,1639.4352750809062,1544.8025889967637,1918.7977346278317,1470.131067961165,1562.7961165048544,1565.7686084142395,2230.1100323624596,2601.252427184466,2333.9741100323627,1852.663430420712,1526.0436893203882,1390.7588996763754,1590.462783171521,1499.5954692556634,1589.9320388349515,1989.3430420711975,1885.0080906148867,1488.0339805825242,1549.6359223300972,1346.6941747572816,1634.906148867314,2209.826860841424,3518.822006472492,2473.0436893203882,1656.2831715210357,1557.9611650485438,1493.4142394822006,1393.9029126213593,1691.4126213592233,1390.1456310679612,1495.677993527508,1657.8964401294497,2314.6326860841423,2445.250809061489,2072.349514563107,1493.163430420712,1739.2119741100323,2249.1715210355987,2603.571197411003,1665.0113268608413,1508.1084142394823,1429.831715210356,2071.720064724919,1672.6181229773463,1406.6488673139158,1347.6229773462783,1658.8349514563106,1943.0064724919093,2330.037216828479,1621.7686084142395,1700.4093851132686,2109.5436893203882,2303.6326860841423,1377.111650485437,1391.4417475728155,1172.2168284789643,1306.5404530744336,1246.3527508090615,1451.527508090615,1410.9223300970873,1932.0582524271845,2931.7281553398057,2465.6650485436894,1302.0501618122978,1317.3624595469255,1342.1893203883494,1676.5129449838187,1248.2265372168285,1452.8802588996764,1158.8527508090615,1446.8770226537217,1314.289644012945,1261.3187702265373,1238.9660194174758,1342.5533980582525,1360.4757281553398,1924.4320388349515,2329.0339805825242,1801.9660194174758,1631.3025889967637,2621.967637540453,2612.148867313916,1554.4466019417475,1413.284789644013,1636.9142394822006,1551.3543689320388,1536.4595469255664,1234.915857605178,1555.0647249190938,1943.8673139158575,2478.4967637540453,2868.831715210356,2094.029126213592,1417.7880258899677,1607.2168284789643,1661.826860841424,2278.794498381877,1732.8139158576053,1786.485436893204,1732.7394822006472,2303.574433656958,1683.8187702265373,1652.7556634304208,1957.0728155339805,2197.4967637540453,1414.6440129449838,1475.3478964401295,1714.9401294498382,2936.019417475728,3772.4320388349515,2212.2540453074434,1743.210355987055,1929.1504854368932,1468.1294498381876,1548.2783171521035,1627.2686084142395,1812.8478964401295,1503.0598705501618,1497.5404530744336,1315.4288025889969,1834.163430420712,2624.168284789644,2192.074433656958,1325.294498381877,1447.8155339805826,1297.485436893204,1374.9886731391587,1446.467637540453,1683.5404530744336,1420.4368932038835,2014.2038834951456,1853.7702265372168,1761.6990291262136,1282.7249190938512,1276.6148867313916,1122.2087378640776,1294.8155339805826,1226.5388349514562,1506.5566343042071,1726.7880258899677,1938.3721682847897,1433.6521035598705,1364.0355987055016,1235.8802588996764,1520.8106796116506,1612.2637540453075,1731.2362459546925,1732.3495145631068,2290.205501618123,2050.2313915857603,1494.3430420711975,1431.5647249190938,1706.2475728155339,1910.1391585760518,2099.8608414239484,1997.3721682847897,2375.3948220064726,1893.995145631068,1753.8284789644013,1409.2540453074434,1642.8721682847897,1742.1019417475727,1817.9045307443366,1385.4029126213593,1635.2216828478965,1737.8608414239482,2623.0258899676373,3800.5388349514565,4120.368932038835,1693.9530744336569,1547.779935275081,1591.0404530744336,1448.977346278317,1124.7669902912621,1385.673139158576,1239.3559870550162,1342.6812297734627,1490.477346278317,1509.9223300970873,1217.995145631068,1405.9190938511326,1268.7653721682848,1397.3074433656957,1275.173139158576,1525.9320388349515,1418.9029126213593,1606.7249190938512,1913.9271844660195,2569.9886731391584,1836.0485436893205,1325.6537216828478,1178.3381877022653,1386.8624595469255,1329.3284789644013,1872.6100323624596,1641.9320388349515,1585.3090614886733,1215.4919093851133,1552.0631067961165,1651.7621359223301,1582.527508090615,1203.1326860841425,1300.163430420712,1184.415857605178,1247.0501618122978,1188.6812297734627,1379.7233009708739,1289.0873786407767,1515.8592233009708,1469.720064724919,1554.720064724919,1392.8511326860842,1418.1019417475727,1371.4045307443366,1698.07928802589,2423.794498381877,2132.4271844660193,1205.9563106796118,1345.1326860841425,1242.3802588996764,1256.5291262135922,1195.812297734628,1421.822006472492,1522.606796116505,2417.6116504854367,2321.260517799353,1966.8139158576053,1500.7572815533981,1735.9708737864078,1661.4838187702264,1639.3948220064724,1772.4045307443366,2560.6197411003236,3041.943365695793,2326.1747572815534,1715.1537216828478,2158.846278317152,2433.4174757281553,2746.6181229773465,1911.3721682847897,2078.668284789644,3388.3187702265373,4018.443365695793,1928.967637540453,1555.1343042071198,1372.990291262136,1471.3333333333333,1401.3478964401295,1653.5113268608413,1369.5242718446602,1497.0922330097087,1512.2427184466019,2149.275080906149,3241.6569579288025,4949.071197411004,3165.3673139158577,2257.695792880259,1972.2783171521035,2484.925566343042,1832.3592233009708,2350.836569579288,2754.8333333333335,1812.1407766990292,1468.5,1894.2038834951456,2302.2216828478963,2725.4498381877024,1776.1747572815534,1853.8511326860842,2366.3236245954695,4210.042071197411,6497.631067961165,4441.964401294498,3238.249190938511,2836.770226537217,2493.9983818770224,1993.0064724919093,1612.0566343042071,2029.8543689320388,2713.760517799353,5249.425566343042,4924.346278317152,2323.44498381877,1621.3867313915857,2074.6423948220063,2828.3074433656957,4216.011326860841,2345.8187702265373,2087.943365695793,2498.4789644012944,3750.9077669902913,2331.0388349514565,1695.6375404530745,1375.7184466019417,1511.9644012944984,1588.7669902912621,2197.8996763754044,3031.519417475728,4958.42071197411,4504.4126213592235,5481.247572815534,7136.511326860841,3619.4692556634304,2419.242718446602,3607.5388349514565,5748.53074433657,5902.875404530744,3217.723300970874,2501.1100323624596,3414.4870550161813,6645.480582524272,7820.923948220065,3033.1666666666665,1670.9077669902913,1727.4433656957929,1790.0307443365696,1821.588996763754,1401.8446601941748,1476.7508090614888,1484.6844660194174,1951.9029126213593,1958.982200647249,2966.948220064725,3722.3106796116504,4668.6877022653725,3446.8721682847895,4600.512944983819,7338.249190938512,5703.247572815534,6131.226537216829,4622.9126213592235,2871.294498381877,3145.009708737864,3477.4320388349515,2101.8867313915857,1545.6601941747572,1647.7653721682848,2182.5210355987056,2511.059870550162,1918.5113268608413,2099.4611650485435,1910.7168284789643,2603.339805825243,4558.9012944983815,7527.92071197411,3621.0873786407765,2056.9093851132684,1904.4611650485438,1758.4288025889969,1820.7815533980583,2612.6569579288025,4558.441747572816,7967.9902912621355,6464.5873786407765,8427.236245954693,4996.202265372168,3889.135922330097,5241.964401294498,3734.8187702265373,2059.812297734628,1847.9304207119742,1811.9466019417475,2266.5679611650485,3497.2815533980583,6198.533980582524,6732.938511326861,6118.967637540453,5376.870550161812,5736.7071197411005,2699.229773462783,2524.6391585760516,2470.859223300971,1892.3964401294497,1577.0647249190938,1570.8009708737864,1567.4741100323624,1823.2475728155339,2361.1181229773465,3796.574433656958,3112.3980582524273,4750.995145631068,4478.051779935275,5889.425566343042,7502.111650485437,11043.014563106795,19481.648867313917,14327.639158576052,4635.87216828479,2675.4045307443366,2645.8090614886733,4618.44498381877,4705.644012944984,5754.244336569579,9963.223300970874,7549.97572815534,3310.991909385113,1838.0679611650485,1590.8284789644013,2113.8883495145633,2955.673139158576,4775.718446601942,4848.674757281553,6055.834951456311,3380.1828478964403,1851.6650485436894,1574.1359223300972,1609.7621359223301,1543.294498381877,1878.5728155339805,2309.8381877022653,3475.3802588996764,6852.415857605178,5376.669902912621,2220.5954692556634,2144.0760517799354,2541.6003236245956,4384.305825242718,4369.388349514563,7396.68284789644,6120.027508090615,4094.304207119741,1989.0453074433658,1750.6148867313916,1844.7281553398059,2102.2038834951454,2271.6423948220063,3910.854368932039,7722.566343042071,6306.456310679611,2516.312297734628,1855.032362459547,1431.626213592233,1485.6456310679612,1478.0080906148867,1585.2588996763754,1606.3155339805826,2182.097087378641,1928.9563106796118,1932.4514563106795,2641.616504854369,2869.428802588997,3152.7184466019417,6188.174757281553,9459.673139158576,5830.807443365696,7496.980582524272,6128.300970873786,2525.2087378640776,2117.4271844660193,1776.6407766990292,2142.8106796116504,1514.911003236246,1567.2038834951456,1521.0598705501618,1526.116504854369,1633.2443365695792,2434.3090614886733,4183.585760517799,8619.45145631068,5730.784789644013,2993.7216828478963,1768.5517799352751,1568.3333333333333,1359.5809061488674,1348.804207119741,1381.2216828478965,1466.6003236245954,1356.5404530744336,1661.915857605178,2101.9838187702267,2911.8964401294497,5471.012944983819,6049.197411003236,2450.9239482200646,2093.2977346278317,1962.6084142394823,1982.7168284789643,1528.5064724919093,1674.5080906148867,1560.906148867314,1501.7961165048544,1489.705501618123,2319.4142394822006,2855.644012944984,5734.021035598706,3390.7556634304206,1772.6440129449838,1427.0825242718447,1489.1521035598705,1370.1990291262136,1484.9498381877022,1400.0339805825242,1512.401294498382,1438.5113268608413,1783.0550161812298,2114.6909385113267,4000.4077669902913,3991.57928802589,2141.2038834951454,1971.406148867314,2119.0064724919093,1675.6941747572816,1711.8915857605177,1450.6504854368932,1527.4142394822006,1524.6990291262136,1942.425566343042,2590.5679611650485,3914.2686084142397,8734.747572815533,15284.357605177993,10572.257281553399,4158.0679611650485,2144.13430420712,2102.6618122977347,1485.1601941747572,1429.5711974110031,1207.8721682847897,1336.1618122977347,1162.7249190938512,1262.1472491909385,1118.4514563106795,1267.462783171521,1158.0016181229773,1307.3106796116506,1361.7928802588997,1679.027508090615,1482.2605177993528,1624.4352750809062,1709.6294498381876,1453.7249190938512,1322.299352750809,1410.0550161812298,1215.3576051779935,1469.663430420712,1802.7281553398059,2683.084142394822,1617.700647249191,1438.9029126213593,1358.5113268608413,1890.81715210356,2015.574433656958,2207.084142394822,1724.9077669902913,1573.588996763754,1344.9805825242718,1750.4190938511326,1269.472491909385,1548.485436893204,2064.438511326861,3803.7362459546925,3133.2783171521037,1911.1181229773463,1299.1585760517798,1350.3284789644013,1378.542071197411,1596.088996763754,1225.5954692556634,1319.5614886731391,1346.1796116504854,1984.9967637540453,3419.1844660194174,2553.8155339805826,2161.2831715210355,2310.6893203883496,1680.482200647249,1729.677993527508,1537.7087378640776,1493.7378640776699,1280.8543689320388,1428.4919093851133,1330.126213592233,1687.911003236246,1871.7119741100323,1783.472491909385,1524.5614886731391,1965.1569579288025,2361.1326860841423,2824.720064724919,2759.4611650485435,2582.491909385113,1817.5404530744336,1520.2556634304208,1383.7362459546925,1537.0210355987056,1544.6003236245954,1582.200647249191,1402.1100323624596,1566.0388349514562,1821.0,2538.359223300971,2873.584142394822,2005.6569579288025,2193.355987055016,2673.8624595469255,2399.893203883495,2256.4045307443366,1860.9546925566342,2394.8171521035597,2887.831715210356,3457.757281553398,3239.6019417475727,2510.0938511326863,1813.3252427184466,2151.687702265372,3151.6423948220063,3152.0728155339807,2546.425566343042,2378.2993527508092,1748.393203883495,1949.4482200647249,1540.8025889967637,1828.3398058252428,1953.0954692556634,2551.6763754045305,2263.223300970874,2044.4660194174758,2187.1423948220063,1893.5080906148867,1648.9498381877022,2142.0339805825242,2650.035598705502,2125.747572815534,1757.9045307443366,1592.2168284789643,1525.878640776699,1880.6035598705503,1635.9983818770227,2320.097087378641,3004.3818770226535,2101.660194174757,1635.1423948220065,2230.2977346278317,2690.6650485436894,2293.8236245954695,2807.275080906149,4872.359223300971,4094.741100323625,2582.0242718446602,2312.750809061489,2078.7184466019417,1987.4514563106795,2158.749190938511,1919.8770226537217,2341.8009708737864,1616.4368932038835,1772.8446601941748,1902.6974110032363,1831.925566343042,2080.3899676375404,2947.2928802588995,1934.5614886731391,1717.7977346278317,1920.4886731391587,2585.2556634304206,3134.354368932039,5108.904530744337,7380.446601941748,5561.101941747573,3351.6229773462783,2525.7912621359224,3062.258899676375,5610.404530744337,7893.57928802589,3941.0048543689322,2408.789644012945,2874.7443365695794,4521.561488673139,5049.074433656958,4407.245954692557,2247.009708737864,1757.1763754045307,1795.7411003236246,1445.8721682847897,2084.734627831715,2079.4870550161813,4068.6844660194174,2972.3236245954695,1988.4126213592233,1759.2686084142395,1920.388349514563,2549.84142394822,3414.1763754045305,3710.5258899676373,5403.655339805825,6672.1569579288025,8832.34789644013,9171.177993527508,5523.453074433657,7287.368932038835,11203.83495145631,6325.728155339806,4375.386731391586,5198.943365695793,3475.734627831715,3659.5388349514565,3109.260517799353,2709.017799352751,4725.249190938512,7714.640776699029,4508.783171521036,3821.4935275080907,7402.2071197411005,9734.885113268609,4214.487055016181,2587.9595469255664,3014.163430420712,3981.741100323625,9422.300970873786,11653.81067961165,5659.114886731391,5759.622977346278,8256.025889967637,4941.935275080906,3671.6423948220063,3969.6715210355987,4165.300970873786,3864.6828478964403,2497.3171521035597,2145.9886731391584,3543.542071197411,3707.163430420712,3825.3964401294497,2493.9789644012944,2038.1456310679612,2382.9239482200646,2208.6828478964403,1642.6618122977347,1841.3495145631068,2330.34142394822,4710.477346278317,3914.0679611650485,2190.6391585760516,1590.017799352751,1513.6844660194174,1536.6391585760518,2135.851132686084,3332.765372168285,5379.796116504855,2660.813915857605,2375.6650485436894,3053.1990291262136,5223.063106796117,11330.263754045307,8274.37216828479,3917.313915857605,2527.467637540453,1852.9449838187702,2262.415857605178,2537.428802588997,2085.1278317152105,1844.9563106796118,2066.1747572815534,2408.4498381877024,3102.3980582524273,2030.1423948220065,1751.888349514563,1692.388349514563,1765.215210355987,2003.0906148867314,1832.312297734628,1651.1440129449838,1735.0614886731391,1730.8851132686084,1654.326860841424,1484.074433656958,1702.18284789644,1554.1893203883494,1513.9838187702264,1486.368932038835,2474.3964401294497,2908.0161812297733,4206.23786407767,2347.766990291262,1681.6035598705503,1436.584142394822,1684.804207119741,1412.4174757281553,1557.1051779935276,1687.4789644012944,3177.464401294498,3531.635922330097,2190.3446601941746,1983.5533980582525,3446.080906148867,8789.508090614887,6530.551779935275,2733.4983818770224,1959.2459546925566,1599.1245954692556,1586.2265372168285,1479.322006472492,1430.304207119741,1435.0679611650485,1693.7556634304208,2358.3770226537217,2187.5032362459547,1551.482200647249,1514.4093851132686,1513.6359223300972,1669.2912621359224,1482.4482200647249,2249.260517799353,2008.7961165048544,2775.3155339805826,5142.584142394822,7037.050161812298,3201.6003236245956,2133.7006472491908,1756.1521035598705,1668.495145631068,1456.5566343042071,1990.8673139158575,2219.742718446602,3417.626213592233,3278.275080906149,2051.1035598705503,1573.7524271844661,1440.3996763754046,1225.8818770226537,1319.3980582524273,1179.3851132686084,1314.893203883495,1394.2783171521035,1868.1812297734627,1302.8511326860842,1220.7184466019417,1062.4433656957929,1145.6747572815534,1064.631067961165,1172.3915857605177,1102.173139158576,1329.131067961165,1297.7459546925566,2064.5954692556634,2820.5388349514565,7540.496763754045,9991.932038834952,5299.1569579288025,3070.126213592233,2017.4967637540453,1396.088996763754,1398.014563106796,1506.0728155339805,1525.7265372168285,1199.3333333333333,1304.6084142394823,1140.9320388349515,1284.883495145631,1659.2427184466019,2650.804207119741,2162.472491909385,1592.5857605177994,1382.3009708737864,1477.3478964401295,1251.7686084142395,1319.1666666666667,1245.673139158576,1422.6925566343043,1295.4077669902913,1511.3398058252428,1330.4417475728155,1516.5873786407767,1716.0258899676376,2045.9142394822006,2178.304207119741,2454.116504854369,1629.888349514563,1549.1343042071198,1309.6197411003236,1373.8511326860842,1341.7702265372168,1799.1245954692556,2208.9514563106795,1793.705501618123,1382.804207119741,1422.6359223300972,1400.4870550161813,1409.027508090615,1160.8721682847897,1154.1181229773463,1322.289644012945,1408.032362459547,1298.5582524271845,1763.1601941747572,1497.3559870550162,1569.168284789644,1739.477346278317,1637.7766990291261,1491.3754045307444,1601.574433656958,1501.6747572815534,1802.0016181229773,1585.8527508090615,2179.462783171521,1710.6860841423947,1451.4886731391587,1334.705501618123,1867.7233009708739,1233.467637540453,1406.990291262136,1274.611650485437,1462.2783171521035,1503.9320388349515,1597.2540453074434,1454.9514563106795,1498.4336569579289,1270.812297734628,1370.0566343042071,1442.6278317152103,1526.5080906148867,1244.495145631068,1373.1585760517798,1638.6456310679612,1753.7491909385112,2105.3171521035597,1881.3349514563106,1649.5906148867314,1568.3025889967637,1383.8090614886733,1537.784789644013,1388.121359223301,1507.799352750809,1293.373786407767,1380.1925566343043,1363.4983818770227,1421.2540453074434,1261.3851132686084,1410.705501618123,1316.616504854369,1808.8430420711975,1288.4433656957929,1419.9126213592233,1558.8559870550162,2047.220064724919,1534.1278317152103,1646.7718446601941,1846.378640776699,3245.3171521035597,2959.401294498382,4377.4320388349515,2889.008090614887,2183.8608414239484,1675.2038834951456,1521.5469255663431,1384.1229773462783,1482.2297734627832,1221.0614886731391,1338.0064724919093,1213.5776699029127,1404.126213592233,1422.472491909385,2045.2119741100323,2819.6019417475727,2704.351132686084,3064.4757281553398,2407.106796116505,1791.7459546925566,1788.673139158576,1712.6699029126214,2131.729773462783,3341.5064724919093,3155.542071197411,1878.9595469255664,1733.779935275081,1449.6553398058252,1549.4093851132686,1655.9385113268609,1614.1618122977347,1438.715210355987,1558.0647249190938,1379.8009708737864,1450.5631067961165,1698.2783171521035,3211.210355987055,5607.064724919094,4056.2637540453075,2794.1763754045305,2787.9870550161813,2149.3074433656957,1824.0809061488674,1640.8802588996764,1928.5598705501618,1790.4093851132686,1868.6974110032363,2714.1618122977347,4970.943365695793,2941.902912621359,2255.4692556634304,2414.106796116505,3089.150485436893,2911.364077669903,2337.26213592233,2826.9660194174758,5483.996763754045,3205.7184466019417,2740.535598705502,3454.1391585760516,6593.153721682848,11381.639158576052,6581.0291262135925,3513.71359223301,2696.0631067961167,2490.527508090615,2404.4886731391584,2243.9757281553398,2253.765372168285,2716.2362459546925,6063.071197411004,4349.477346278317,2823.6828478964403,2495.260517799353,2470.4967637540453,1963.3155339805826,2159.1423948220063,3435.608414239482,6079.296116504855,5546.857605177994,3333.5533980582522,2333.177993527508,1910.9304207119742,1628.537216828479,2134.588996763754,3803.1812297734627,3976.9611650485435,3233.624595469256,5655.383495145631,4647.983818770226,3838.1375404530745,4860.533980582524,9739.788025889968,11235.84789644013,7423.919093851133,5570.839805825242,3441.4757281553398,2329.289644012945,1986.2281553398059,1748.700647249191,2127.669902912621,1773.2135922330096,1728.7443365695792,2014.415857605178,1866.9757281553398,1569.9449838187702,1661.7022653721683,1566.279935275081,1982.1488673139158,2189.0873786407765,2429.8948220064726,2378.411003236246,2849.677993527508,5357.383495145631,16665.8786407767,23920.807443365695,12936.203883495145,7953.679611650486,6321.271844660194,7473.503236245955,10677.508090614887,6866.784789644013,7625.406148867314,4572.373786407767,3565.9983818770224,3792.5161812297733,3074.9983818770224,2278.3333333333335,2159.574433656958,2100.6828478964403,3377.064724919094,2773.8155339805826,3351.197411003236,4630.038834951456,3533.1796116504856,2602.009708737864,2107.7880258899677,1654.284789644013,1734.7233009708739,1690.0695792880258,1983.92071197411,1816.626213592233,1916.1359223300972,2218.2216828478963,2231.258899676375,2646.037216828479,3059.1650485436894,2139.5728155339807,2083.2556634304206,1932.8592233009708,1904.3106796116506,1663.0080906148867,2226.2912621359224,1882.985436893204,3477.4271844660193,9400.51779935275,7802.008090614887,4149.058252427184,2817.195792880259,2315.069579288026,2773.1116504854367,2307.9320388349515,2103.8430420711975,1928.7022653721683,2818.7168284789645,2343.009708737864,2072.354368932039,2075.289644012945,2290.5679611650485,3026.5954692556634,7224.885113268609,13339.069579288025,10103.766990291262,11371.81715210356,6158.684466019417,3860.28640776699,2887.0760517799354,2112.3851132686086,1864.7961165048544,1691.177993527508,1819.1601941747572,1831.1197411003236,2113.8430420711975,2064.1148867313914,2490.546925566343,1956.6456310679612,2550.7912621359224,3021.775080906149,2403.3705501618124,1900.482200647249,1802.574433656958,1778.7394822006472,2183.6148867313914,2675.029126213592,4622.0485436893205,10867.042071197411,8926.436893203883,4561.322006472492,3412.5825242718447,2873.428802588997,2418.8624595469255,1979.6326860841425,2251.8818770226535,2905.019417475728,2548.270226537217,3149.747572815534,6316.521035598706,9881.708737864077,6420.122977346278,3560.017799352751,2631.6893203883496,2258.3090614886733,1949.893203883495,1544.8381877022653,1630.4466019417475,1401.3673139158575,1885.868932038835,1428.336569579288,1888.5728155339805,2031.4870550161813,1985.1456310679612,2578.0631067961167,2328.621359223301,1871.5614886731391,2311.6472491909385,2133.2119741100323,2013.3559870550162,2059.490291262136,2050.631067961165,1655.2637540453075,1872.906148867314,2175.71359223301,4034.3721682847895,8733.18932038835,5650.726537216829,3466.440129449838,2664.0922330097087,2532.71359223301,2214.2022653721683,1673.0711974110031,1697.5776699029127,1771.3074433656957,1855.1391585760518,1910.5032362459547,3564.3252427184466,9227.305825242718,6995.5873786407765,4496.794498381877,3974.2961165048546,3319.3478964401293,4480.215210355987,3641.150485436893,6382.461165048544,16967.305825242718,14503.690938511327,8354.972491909386,6599.10355987055,4280.148867313916,3721.326860841424,4472.854368932039,3896.0501618122976,2712.464401294498,2688.411003236246,3723.930420711974,7354.6763754045305,7067.113268608414,4273.76860841424,3118.331715210356,2949.94498381877,4322.640776699029,8393.391585760517,6020.660194174758,5609.0485436893205,4002.051779935275,3165.8705501618124,2944.734627831715,4713.233009708738,9762.563106796117,11936.18284789644,13077.322006472492,8832.008090614887,5302.521035598706,3966.0210355987056,2902.752427184466,3006.1326860841423,3504.537216828479,2610.6844660194174,2293.7184466019417,2542.0064724919093,2416.635922330097,2014.0258899676376,1743.668284789644,1789.3640776699028,1449.517799352751,1591.6343042071198,1914.3915857605177,2634.6148867313914,3513.346278317152,6469.255663430421,10215.229773462783,18615.72653721683,11531.681229773463,8181.273462783171,9373.5355987055,7204.870550161812,8052.663430420712,12953.449838187702,7399.046925566343,4847.459546925566,3414.2686084142397,2808.919093851133,2083.9320388349515,2285.440129449838,1703.0210355987056,1853.3333333333333,2520.776699029126,6652.150485436893,18089.008090614887,12589.809061488673,7271.058252427184,5460.909385113268,4167.436893203883,4225.351132686084,6580.9012944983815,18738.270226537217,35257.611650485436,20931.095469255662,12819.44498381877,10428.105177993528,6880.027508090615,5525.6569579288025,5797.747572815534,4311.891585760518,4586.521035598706,4190.48220064725,3210.597087378641,2969.032362459547,2422.1941747572814,2755.766990291262,3065.597087378641,2960.7961165048546,4413.360841423948,14015.114886731391,29905.95145631068,20081.710355987056,11829.040453074434,7926.622977346278,6278.131067961165,8387.16504854369,15738.459546925566,20915.050161812298,17646.825242718445,17051.65210355987,14447.260517799352,9588.275080906149,8007.559870550162,7324.330097087379,4882.546925566343,3195.2912621359224,2567.3948220064726,2277.4870550161813,1951.4838187702264,2112.411003236246,2513.3155339805826,3095.588996763754,4434.566343042071,3413.4692556634304,2516.375404530744,2241.28640776699,2008.8964401294497,1944.0436893203882,1782.8009708737864,2346.802588996764,2623.3333333333335,2257.4223300970875,1800.0647249190938,2230.019417475728,2438.733009708738,4003.519417475728,5623.9320388349515,4445.142394822006,3749.0161812297733,6698.87216828479,9086.231391585761,9440.747572815533,10806.728155339806,6885.124595469256,7705.750809061488,17691.18284789644,14988.265372168285,13960.545307443366,10905.003236245955,6803.215210355987,5108.527508090615,4250.592233009709,3298.8883495145633,3031.812297734628,2963.061488673139,3048.9417475728155,2471.650485436893,2638.419093851133,3112.1132686084143,4633.250809061488,8563.826860841424,17577.257281553397,18432.862459546926,10812.223300970874,7039.771844660194,7142.080906148867,10077.126213592233,9036.448220064725,5978.344660194175,5578.859223300971,4261.302588996764,3583.5906148867316,3410.855987055016,2711.0226537216827,2008.5922330097087,1888.812297734628,1674.8478964401295,1754.121359223301,1501.2588996763754,1769.9045307443366,2733.313915857605,5914.004854368932,17508.501618122977,18320.39644012945,11212.857605177993,7837.419093851133,6038.941747572816,6163.914239482201,5091.012944983819,3982.84142394822,3558.9595469255664,3538.982200647249,3186.391585760518,4185.407766990291,4379.822006472492,3137.580906148867,3142.2443365695794,6214.755663430421,4210.181229773463,2969.3770226537217,2181.2815533980583,2302.276699029126,2747.739482200647,2802.464401294498,2378.4935275080907,2858.0663430420714,3443.6844660194174,3188.1181229773465,4862.296116504855,15000.412621359223,14042.830097087379,9182.543689320388,10218.77993527508,9030.90776699029,6629.605177993528,7910.836569579288,6340.985436893204,4035.86569579288,2760.839805825243,2440.7038834951454,1922.9595469255664,2122.546925566343,2573.9983818770224,2611.108414239482,2227.8576051779937,2098.0242718446602,1832.6407766990292,1857.0582524271845,2117.8608414239484,2826.650485436893,1855.6375404530745,1735.977346278317,1473.074433656958,1471.3867313915857,1584.9045307443366,1818.7378640776699,1725.3009708737864,1989.4126213592233,1635.9482200647249,1680.2605177993528,1671.6699029126214,2132.640776699029,2189.2783171521037,2094.7362459546925,2753.0776699029125,4630.3042071197415,4171.611650485437,3090.6278317152105,2255.509708737864,1904.9320388349515,1641.2411003236246,1769.9644012944984,1577.1423948220065,1717.611650485437,1663.5404530744336,1687.5614886731391,2255.160194174757,2874.970873786408,5219.228155339806,5623.566343042071,3849.0582524271845,4368.23786407767,7916.082524271845,7708.718446601942,5644.415857605178,4901.894822006472,6511.119741100324,6122.521035598706,5156.898058252427,5532.705501618123,4393.635922330097,3562.8705501618124,5032.826860841424,5377.108414239482,7343.822006472492,12053.966019417476,7863.699029126214,6099.289644012945,6454.228155339806,5094.126213592233,4194.802588996764,3144.710355987055,2243.5145631067962,2110.145631067961,2277.3673139158577,4511.284789644013,5711.870550161812,5113.9902912621355,4067.8252427184466,2945.276699029126,2410.1812297734627,3061.5339805825242,2728.302588996764,2764.9886731391584,2088.529126213592,1981.284789644013,2391.537216828479,5262.802588996764,5057.71359223301,3819.2637540453075,2853.663430420712,3198.126213592233,3894.241100323625,4674.511326860841,6260.090614886732,10313.498381877023,6668.46925566343,6439.456310679611,8696.181229773463,10328.169902912621,9502.025889967637,14358.881877022653,9223.886731391585,5893.721682847897,4494.915857605178,3506.0339805825242,2372.859223300971,1896.4611650485438,1456.9660194174758,1416.6844660194174,1293.616504854369,1636.6650485436894,2721.2783171521037,4096.021035598706,3002.3818770226535,2819.741100323625,2830.776699029126,4069.7038834951454,12598.391585760517,20098.87702265372,12418.20064724919,9381.959546925566,9111.242718446601,13040.778317152104,8823.694174757282,5941.906148867314,5756.681229773463,4285.671521035599,3098.140776699029,2904.551779935275,5485.152103559871,12671.352750809061,12836.95145631068,7892.472491909385,5004.270226537217,4012.1003236245956,3994.4061488673137,3792.990291262136,3267.0501618122976,5649.4902912621355,7975.53074433657,12498.660194174758,11594.263754045307,25175.186084142395,30589.433656957928,19955.066343042072,15157.330097087379,22691.01294498382,19258.100323624596,13510.045307443366,8944.270226537217,6603.818770226537,5179.305825242718,4057.532362459547,2850.1893203883496,2578.2912621359224,3430.373786407767,9068.385113268609,14124.923948220065,9746.742718446601,8605.76213592233,19400.430420711975,23305.135922330097,15367.519417475729,10830.320388349515,11815.532362459548,17883.08090614887,21245.404530744338,29628.927184466018,19545.948220064725,11789.250809061488,7798.686084142395,5407.334951456311,3977.3236245954695,3583.7071197411005,4178.711974110032,2983.2961165048546,2433.859223300971,1998.7702265372168,2414.765372168285,2997.8236245954695,5053.902912621359,15843.972491909386,18586.082524271846,11471.383495145632,8767.06148867314,7450.73786407767,5546.1763754045305,3841.3867313915857,3071.6763754045305,3190.970873786408,9401.168284789645,16589.56796116505,10908.153721682847,10369.532362459548,11340.18284789644,8782.681229773463,15283.270226537217,15049.820388349515,9397.46925566343,5857.433656957929,4169.640776699029,3536.0161812297733,2940.4498381877024,2032.7087378640776,1776.5469255663431,1544.173139158576,1508.668284789644,1491.8106796116506,1581.0873786407767,1830.9595469255664,2190.6763754045305,1694.3349514563106,2211.804207119741,1985.0566343042071,1980.1860841423947,2157.6132686084143,2274.84142394822,2210.741100323625,1993.2750809061488,1637.504854368932,1818.3478964401295,1710.3802588996764,1820.4223300970873,1477.472491909385,1323.4498381877022,1397.084142394822,1510.5533980582525,2215.758899676375,4238.571197411004,4456.147249190939,5692.6877022653725,11746.640776699029,8878.991909385113,6102.558252427184,5685.6569579288025,6110.953074433657,4549.741100323625,3279.851132686084,2877.574433656958,2424.0501618122976,2717.266990291262,3468.3851132686086,6860.380258899676,13254.820388349515,9502.487055016181,6084.105177993528,5057.273462783171,7625.357605177994,11162.676375404531,15316.49352750809,15463.373786407767,15733.65210355987,9858.466019417476,6602.671521035599,5576.016181229774,4378.440129449838,3145.957928802589,2433.715210355987,2329.9271844660193,2590.0388349514565,6375.443365695793,6630.260517799353,6850.276699029127,7245.037216828479,6513.818770226537,4853.7928802588995,4296.76213592233,3395.8770226537217,2703.4077669902913,2363.73786407767,2408.13430420712,2370.0032362459547,3982.9320388349515,10847.635922330097,9828.946601941747,7000.825242718447,6755.179611650486,11748.142394822007,26080.14077669903,19812.478964401296,12546.894822006472,8518.245954692557,6372.84142394822,5012.194174757282,5831.364077669903,16965.626213592233,29099.558252427185,22883.72653721683,15490.773462783172,10166.967637540452,7514.938511326861,7021.736245954693,14563.454692556634,15873.42071197411,18162.433656957928,28165.977346278316,20456.19579288026,17004.197411003235,26803.78640776699,21401.20226537217,13489.538834951456,8643.35436893204,5998.438511326861,4526.092233009709,3326.3527508090615,2371.059870550162,2593.1990291262136,3769.059870550162,9291.778317152104,20165.2071197411,14389.325242718447,9022.567961165048,7049.681229773463,5955.758899676375,4372.4320388349515,3000.349514563107,2701.44498381877,4473.911003236246,6758.357605177994,16492.087378640776,28290.087378640776,25543.433656957928,15616.195792880259,10501.480582524271,9984.73786407767,7258.006472491909,4801.8042071197415,3657.556634304207,3388.779935275081,3916.9660194174758,6535.899676375405,5224.5291262135925,3810.640776699029,2954.5663430420714,3315.982200647249,9509.336569579287,13069.155339805826,11037.480582524271,7693.702265372168,5321.126213592233,5175.512944983819,3766.6553398058254,2989.6844660194174,2566.7912621359224,2532.8624595469255,3680.008090614887,11876.860841423948,11867.001618122977,7614.368932038835,5186.42071197411,5040.038834951456,9239.291262135923,22102.582524271846,21768.826860841426,13807.626213592233,9181.783171521036,6341.258899676375,4450.776699029127,3684.8705501618124,4868.006472491909,5270.478964401294,7318.550161812298,13021.59223300971,8804.807443365697,6762.334951456311,6142.0485436893205,4674.336569579288,3238.508090614887,2860.7006472491908,2673.5954692556634,2534.849514563107,2228.3948220064726,3522.4967637540453,8726.828478964402,13469.142394822007,9501.995145631068,8034.516181229774,5248.252427184466,3792.34142394822,2946.930420711974,2599.556634304207,2373.770226537217,5240.077669902913,17051.95792880259,24390.543689320388,16977.331715210355,10436.34142394822,6758.847896440129,4840.163430420712,3401.7686084142397,2661.5258899676373,2378.6051779935274,3116.435275080906,2796.55501618123,3182.8203883495144,3632.0404530744336,7560.57281553398,18775.216828478966,21791.781553398057,17694.825242718445,15006.0,19418.948220064725,13879.038834951456,8442.784789644013,5798.522653721683,4370.10355987055,3602.2071197411005,3134.9466019417478,3023.467637540453,4358.715210355987,4421.0485436893205,3527.2459546925566,4948.150485436893,11354.260517799352,8658.25566343042,5586.647249190939,5456.911003236246,7452.242718446602,5964.046925566343,7324.959546925566,13818.747572815533,9984.62783171521,6693.669902912621,4598.085760517799,4798.391585760518,13140.574433656959,15519.985436893205,10475.249190938512,7029.364077669903,5007.42071197411,4854.186084142395,6863.038834951456,7435.791262135922,5115.39644012945,4562.671521035599,3060.9854368932038,2635.873786407767,2684.7815533980583,2341.73786407767,2134.0776699029125,1921.18284789644,1578.611650485437,1483.2168284789643,1628.5614886731391,2108.901294498382,1721.8074433656957,1677.8511326860842,1408.3511326860842,1882.7411003236246,3740.3883495145633,4282.3624595469255,3894.616504854369,5687.622977346278,5019.668284789644,6062.885113268609,11806.203883495145,8759.914239482201,5799.52427184466,4770.3122977346275,10185.349514563106,12276.784789644013,7412.919093851133,4888.692556634304,3713.4336569579286,4408.090614886732,4503.1877022653725,3680.9951456310678,4942.409385113268,13823.949838187702,11069.074433656959,7612.830097087379,7108.941747572816,14602.56148867314,11772.12783171521,7452.597087378641,4896.985436893204,4335.084142394822,3445.8074433656957,2947.2880258899677,2075.0728155339807,1807.1763754045307,2515.5161812297733,2915.5,2236.752427184466,2218.734627831715,1872.3511326860842,1684.7734627831715,1338.2977346278317,1379.289644012945,1334.7524271844661,2141.215210355987,2314.0048543689322,2338.7119741100323,2760.92071197411,2506.5679611650485,1984.1747572815534,1902.0922330097087,2161.63430420712,2344.2119741100323,1650.673139158576,1862.1084142394823,2531.5226537216827,3410.2459546925566,4335.888349514563,5059.860841423948,4224.624595469256,4610.742718446602,3838.239482200647,4530.878640776699,3321.621359223301,3557.2006472491908,3535.3608414239484,2857.9368932038833,2288.7993527508092,2093.1569579288025,2120.336569579288,3337.249190938511,8194.741100323625,8442.776699029126,5553.907766990291,3854.868932038835,2779.4838187702267,2198.2022653721683,1729.9385113268609,1721.8090614886733,1510.304207119741,1638.6035598705503,1581.3527508090615,2166.36569579288,2242.8867313915857,2232.9498381877024,1959.0210355987056,2032.1650485436894,3326.3333333333335,5607.810679611651,5830.773462783171,5808.860841423948,4987.959546925566,7596.954692556635,18796.94012944984,14419.26213592233,9483.260517799352,7066.5679611650485,5641.875404530744,3745.074433656958,2600.5938511326863,2182.4320388349515,1973.6326860841425,1809.8527508090615,1481.0614886731391,1585.4660194174758,1824.8915857605177,2541.8009708737864,3263.490291262136,4176.974110032363,2847.2961165048546,2196.1715210355987,1673.631067961165,1556.4983818770227,1314.3495145631068,1920.990291262136,2155.3155339805826,1955.3673139158575,1595.9757281553398,2674.472491909385,2692.046925566343,2232.648867313916,2070.2686084142397,2337.0938511326863,1987.312297734628,1660.0614886731391,1337.4288025889969,1320.5809061488674,1157.9967637540453,1449.4288025889969,1502.7362459546925,1543.4870550161813,1351.2912621359224,1329.606796116505,1169.5728155339805,1257.7265372168285,1164.9126213592233,1471.7702265372168,1241.794498381877,1471.6423948220065,1736.1990291262136,2064.5679611650485,4228.546925566343,6585.47572815534,5621.2071197411005,3791.529126213592,2512.5501618122976,2183.2815533980583,1899.3446601941748,1856.388349514563,1701.7669902912621,1647.2491909385112,1400.9029126213593,1517.8721682847897,1792.9789644012944,3853.239482200647,14399.195792880259,12925.933656957928,8210.477346278318,6141.42718446602,4720.967637540453,3257.855987055016,2234.008090614887,2292.3980582524273,3500.7459546925566,2798.0631067961167,2072.1925566343043,1811.8300970873786,1496.0388349514562,1408.504854368932,1288.990291262136,1870.8770226537217,3306.6763754045305,3273.962783171521,2228.724919093851,1941.92071197411,2136.5,2655.36569579288,2181.1391585760516,2088.258899676375,1608.9757281553398,1588.7233009708739,1298.9433656957929,1382.1521035598705,1652.3349514563106,3704.220064724919,2939.747572815534,2188.15857605178,1674.6747572815534,1776.9838187702264,2251.5906148867316,2070.891585760518,1573.5614886731391,1530.42071197411,1176.5404530744336,1161.5809061488674,1207.5113268608413,1285.1796116504854,1456.1585760517798,2388.8381877022653,6267.616504854369,7364.966019417476,4903.1763754045305,4211.302588996764,5545.344660194175,5925.147249190939,4087.346278317152,5006.186084142395,3632.197411003236,2854.645631067961,2022.7912621359224,1722.5016181229773,1374.1537216828478,1402.3333333333333,1163.8527508090615,1326.1925566343043,1229.0307443365696,1545.4983818770227,1930.9352750809062,2507.144012944984,1958.9563106796118,1715.1747572815534,1551.514563106796,2263.008090614887,3056.9466019417478,4946.94498381877,18969.99352750809,36900.1067961165,23538.697411003235,13692.226537216828,8562.509708737864,5637.995145631068,3476.695792880259,2422.3980582524273,1685.9126213592233,1585.8462783171522,1406.8300970873786,1525.2135922330096,1618.7233009708739,1749.1051779935276,1584.6229773462783,1621.0,1845.3964401294497,2420.0906148867316,2026.9368932038835,1911.9935275080907,1552.037216828479,1667.3656957928802,1801.1601941747572,2024.9757281553398,1778.2346278317152,1845.6051779935276,1568.522653721683,1623.5210355987056,1634.2459546925566,2681.509708737864,4657.87216828479,14658.778317152104,30473.577669902912,19443.673139158574,11025.229773462783,7312.8122977346275,4692.655339805825,3749.804207119741,4231.3430420711975,4629.088996763754,4130.496763754045,2990.7362459546925,2175.9886731391584,2262.6909385113267,3174.373786407767,8246.161812297734,27321.234627831716,20487.50647249191,11263.355987055016,7462.331715210356,5258.705501618123,4141.407766990291,2921.1375404530745,2466.739482200647,3252.9838187702267,4170.551779935275,2776.5032362459547,2390.2540453074434,2180.9660194174758,2074.940129449838,2216.5016181229776,2314.734627831715,1837.7572815533981,1647.2249190938512,1441.4045307443366,1421.2880258899677,1567.0906148867314,1913.2411003236246,2559.1326860841423,3759.6375404530745,3588.472491909385,2666.4077669902913,2020.3252427184466,1824.378640776699,1406.1585760517798,1349.0404530744336,1225.3333333333333,1343.779935275081,1172.812297734628,1230.6035598705503,1203.168284789644,1265.517799352751,1249.3252427184466,1383.826860841424,1082.9595469255664,1143.4449838187702,1045.631067961165,1265.8349514563106,1460.8074433656957,1922.6326860841425,1526.7702265372168,1466.1747572815534,1779.4870550161813,1951.5922330097087,1475.5194174757282,1337.5631067961165,1340.631067961165,1534.527508090615,1630.2168284789643,1524.4368932038835,1179.312297734628,1201.804207119741,1153.368932038835,1515.0647249190938,1340.537216828479,1271.8236245954693,1181.1763754045307,1438.990291262136,1841.9466019417475,3364.9563106796118,2311.4692556634304,1883.6585760517798,1852.2265372168285,2820.169902912621,1959.3656957928802,1598.8511326860842,1297.1051779935276,1303.0501618122978,1373.3300970873786,1619.8851132686084,1387.4077669902913,1975.3948220064724,1726.4190938511326,1471.5453074433658,1203.7605177993528,1204.4093851132686,1155.6618122977347,1639.4935275080907,5266.733009708738,5930.601941747573,3648.957928802589,2945.9935275080907,2198.5533980582522,1738.7637540453075,1830.5711974110031,1972.784789644013,1580.3058252427184,1540.0,1379.621359223301,1302.784789644013,1210.042071197411,1779.2038834951456,1949.9498381877022,1714.4466019417475,2396.3527508090615,2712.1116504854367,1761.9935275080907,1568.977346278317,1226.4530744336569,1239.4449838187702,1300.4757281553398,2578.0145631067962,12410.56148867314,12469.241100323625,7647.139158576052,5061.229773462783,4258.846278317152,5773.4320388349515,3589.247572815534,2325.8527508090615,1970.0663430420711,2797.051779935275,2206.275080906149,1664.1650485436894,1257.8025889967637,1237.5598705501618,1139.517799352751,1216.3656957928802,1110.3074433656957,1208.527508090615,1380.3252427184466,1982.3058252427184,7112.686084142395,19938.114886731393,15255.88996763754,8076.76860841424,4693.305825242718,2981.302588996764,1881.1229773462783,1869.07928802589,2372.312297734628,1973.1941747572816,1660.0809061488674,2097.6132686084143,1824.8106796116506,1646.1407766990292,1327.4433656957929,1473.3818770226537,1584.4660194174758,1591.8673139158575,1911.8640776699028,4195.724919093851,6642.645631067961,5919.131067961165,3802.5242718446602,2959.873786407767,4347.571197411004,3891.260517799353,3641.0388349514565,3279.6100323624596,2814.991909385113,2195.0,1657.68284789644,1479.3851132686084,1274.3414239482202,1264.200647249191,1052.8333333333333,1085.322006472492,1039.2281553398059,1126.7233009708739,1032.3414239482202,1206.009708737864,1026.106796116505,1098.779935275081,935.4838187702265,1074.0436893203882,1105.7508090614888,1329.5873786407767,1197.6148867313916,1232.7491909385112,1224.673139158576,1968.2491909385112,2061.8770226537217,2601.242718446602,2625.532362459547,2387.4417475728155,2082.415857605178,1789.4174757281553,1749.8851132686084,2625.032362459547,3801.121359223301,3446.029126213592,2763.8867313915857,2409.3608414239484,1902.2605177993528,1677.700647249191,1403.9660194174758,1349.0339805825242,1216.0906148867314,1549.210355987055,4125.425566343042,7353.464401294498,4853.448220064725,3277.766990291262,2100.76213592233,1862.1715210355987,2950.5388349514565,2848.0339805825242,2075.0210355987056,2737.457928802589,7956.4012944983815,11099.483818770226,10330.538834951456,5948.797734627832,3488.9514563106795,2478.970873786408,1820.7718446601941,2478.529126213592,6259.902912621359,4994.592233009709,2791.535598705502,1933.2669902912621,1411.695792880259,1312.163430420712,1543.8592233009708,3053.0857605177994,3070.2718446601943,2937.1278317152105,2132.312297734628,2447.9870550161813,7316.406148867314,12088.064724919093,13906.580906148867,7765.822006472492,4208.799352750809,3349.4061488673137,5130.512944983819,15776.03074433657,10613.288025889968,5373.069579288026,4020.0258899676373,3421.813915857605,2000.401294498382,1679.1148867313916,1301.705501618123,1409.4919093851133,1609.8867313915857,1494.8948220064724,1352.826860841424,1632.1132686084143,1514.1003236245954,2022.0129449838187,4104.909385113268,3204.9142394822006,1793.8592233009708,1470.888349514563,1141.3074433656957,1261.977346278317,1571.995145631068,1402.4708737864078,1108.606796116505,1349.9708737864078,1886.1343042071198,2121.4320388349515,1805.004854368932,2684.4611650485435,2078.545307443366,2059.1747572815534,4714.771844660194,4242.810679611651,2655.5938511326863,1948.6407766990292,1552.195792880259,3421.480582524272,3457.569579288026,2308.0404530744336,2243.3705501618124,3388.108414239482,2861.982200647249,3434.4741100323627,3263.8964401294497,3048.3478964401293,5663.101941747573,10547.642394822007,6862.0679611650485,3835.9870550161813,2262.92071197411,1837.7734627831715,1350.5339805825242,1297.7653721682848,1146.5469255663431,1255.0517799352751,1439.8948220064724,3244.4514563106795,7016.466019417476,5036.080906148867,2887.2686084142397,3800.802588996764,11195.906148867314,9511.797734627831,4698.3624595469255,3032.919093851133,2741.1893203883496,4003.042071197411,4022.2265372168285,3372.2184466019417,2335.2184466019417,1746.098705501618,1223.8381877022653,1092.0032362459547,1068.084142394822,1230.1812297734627,1074.8446601941748,1061.598705501618,1223.6440129449838,1973.4644012944984,1817.1844660194174,1669.3640776699028,2066.8624595469255,4108.576051779935,3527.5728155339807,2495.059870550162,1868.3074433656957,5029.1067961165045,13132.62783171521,19484.576051779935,12043.271844660194,5359.05501618123,2571.2281553398057,1711.0825242718447,1228.710355987055,1573.4352750809062,1447.121359223301,1314.1229773462783,1100.5469255663431,1151.0064724919093,1039.517799352751,1131.3608414239482,1094.2265372168285,1375.710355987055,1525.6860841423947,2756.883495145631,12754.7071197411,22364.0355987055,12419.802588996763,5413.621359223301,2824.302588996764,1859.9288025889969,1341.6245954692556,1383.1003236245954,1302.2734627831715,1283.1569579288025,1175.4482200647249,1192.9644012944984,1254.0614886731391,1514.5485436893205,1724.2411003236246,1713.0210355987056,1434.631067961165,1522.0760517799354,1617.631067961165,3978.758899676375,14869.891585760517,29766.569579288025,23011.886731391587,9931.508090614887,4366.504854368932,2548.7718446601943,1816.2605177993528,1842.673139158576,1399.883495145631,1280.606796116505,1214.1569579288025,1340.406148867314,1171.131067961165,1234.9983818770227,1011.0954692556634,1037.4466019417475,1164.6974110032363,1186.0469255663431,1101.593851132686,1467.8867313915857,4036.3187702265373,6370.5873786407765,3600.537216828479,1955.9352750809062,1284.720064724919,1237.1019417475727,1424.482200647249,1462.425566343042,1168.4320388349515,1248.6148867313916,1105.1084142394823,1248.022653721683,1174.0242718446602,1311.92071197411,1349.5242718446602,1493.6569579288025,1299.4304207119742,1373.4190938511326,1226.0550161812298,1282.504854368932,1272.9336569579289,3227.1763754045305,8088.330097087379,7342.129449838188,3283.653721682848,1847.131067961165,1231.6472491909385,1105.985436893204,1162.631067961165,1640.799352750809,2255.608414239482,6528.744336569579,8969.773462783172,5334.014563106796,2597.648867313916,1718.200647249191,1290.9967637540453,1363.4352750809062,1164.7491909385112,1167.7750809061488,1058.5469255663431,1213.200647249191,1333.6278317152103,1703.5679611650485,1572.3236245954693,1897.8980582524273,5046.370550161812,18180.101941747573,23457.071197411,12752.383495145632,5837.936893203883,3361.6051779935274,1901.522653721683,1459.7508090614888,1039.2524271844661,1125.9433656957929,963.742718446602,1024.883495145631,989.1860841423949,1301.6569579288025,3126.3058252427186,4741.069579288026,3099.490291262136,1762.4126213592233,1226.5291262135922,1144.4029126213593,999.9644012944984,1071.8721682847897,936.6569579288026,1060.0113268608413,912.6909385113269,1095.0194174757282,1041.9126213592233,1102.7864077669904,1110.8640776699028,1121.6391585760518,990.84142394822,1285.9320388349515,1776.6423948220065,6825.543689320389,18480.245954692557,24039.037216828478,13174.046925566343,5872.025889967637,2919.509708737864,1902.3236245954693,1216.3462783171522,1184.0258899676376,1014.406148867314,1089.1909385113267,896.3381877022654,993.9239482200647,1052.2233009708739,1095.5825242718447,996.6747572815534,1057.195792880259,955.0776699029126,1064.5517799352751,946.906148867314,1085.7022653721683,1622.873786407767,2725.36569579288,3091.9935275080907,2108.757281553398,1301.1472491909385,1150.7572815533981,962.9773462783171,1072.6035598705503,935.2297734627832,1046.477346278317,958.7394822006472,1026.3462783171522,1021.1343042071197,1171.6796116504854,1138.4239482200646,1172.457928802589,1028.9352750809062,1138.8980582524273,1009.0582524271845,1158.3624595469255,1088.8948220064724,1132.9190938511326,939.4320388349514,1023.7799352750809,1077.5695792880258,1024.2556634304208,990.3090614886731,1118.9611650485438,1179.915857605178,1823.0161812297736,2262.472491909385,2791.3770226537217,1899.7540453074434,1354.8802588996764,1009.0,1029.5,955.2718446601941,1049.8543689320388,883.1359223300971,1025.9174757281553,1025.4546925566342,1287.977346278317,1243.8673139158575,1165.0258899676376,1006.0695792880259,1076.532362459547,1012.5792880258899,1091.4546925566342,944.457928802589,1085.6472491909385,962.1812297734627,1095.7977346278317,1009.4466019417475,1051.1796116504854,918.3203883495146,1057.2556634304208,1161.4741100323624,1431.2572815533981,1402.0906148867314,1654.9288025889969,1398.3802588996764,1652.4126213592233,1805.794498381877,2018.084142394822,1460.5711974110031,1221.8851132686084,1017.6941747572815,1098.6229773462783,1094.1812297734627,1252.611650485437,1158.6796116504854,1277.3398058252428,1537.1796116504854,2117.0226537216827,2507.1100323624596,2472.1828478964403,1572.9498381877022,1240.7346278317152,1076.2815533980583,1112.3802588996764,1001.7605177993528,1163.9983818770227,1090.9029126213593,1350.6941747572816,1453.7427184466019,2544.6132686084143,7752.491909385113,16793.022653721684,24010.435275080905,26408.333333333332,14766.655339805826,6233.5679611650485,2734.5582524271845,1873.6084142394823,1413.6521035598705,1491.220064724919,1648.3074433656957,1956.2135922330096,1877.1181229773463,1704.7928802588997,1336.3252427184466,1380.906148867314,1332.822006472492,1397.0210355987056,1219.173139158576,1190.8333333333333,997.7378640776699,1104.8139158576053,903.34142394822,1123.3090614886733,966.4336569579287,1073.9223300970873,948.6941747572815,985.84142394822,862.2928802588997,951.0016181229773,929.7734627831716,1038.8236245954693,896.5954692556634,1023.247572815534,1267.3996763754046,1382.5598705501618,1295.2702265372168,1442.4967637540453,1375.4498381877022,2852.4789644012944,7552.033980582524,12110.386731391585,16103.199029126214,16978.679611650485,9730.74433656958,4157.765372168285,2180.6003236245956,1896.7297734627832,1805.5598705501618
578.9753086419753,501.8095238095238,527.9559082892416,462.29100529100526,589.5608465608466,430.636684303351,538.1763668430335,524.2363315696649,554.2539682539683,524.5590828924162,581.3703703703703,506.4091710758377,614.2663139329806,475.0458553791887,594.2610229276896,613.8007054673722,653.289241622575,612.5767195767196,592.5467372134038,566.3280423280423,605.0176366843034,567.0370370370371,677.0811287477954,598.8112874779541,694.3827160493827,675.6067019400352,648.0493827160494,591.0705467372134,638.9594356261023,579.8236331569665,689.4179894179895,609.2874779541446,705.0405643738977,634.0370370370371,707.7936507936508,608.5731922398589,727.4550264550264,590.1957671957672,710.4215167548501,597.4426807760141,709.283950617284,638.9629629629629,625.1869488536155,716.047619047619,667.9012345679013,533.2945326278659,647.4179894179895,725.1763668430335,748.4391534391534,628.1393298059965,719.742504409171,689.9805996472663,712.5820105820105,688.7037037037037,743.2786596119929,597.2134038800706,722.6666666666666,652.0917107583774,687.8818342151676,631.8465608465608,699.1940035273368,638.7936507936508,686.7301587301587,622.7231040564374,735.5238095238095,654.1975308641976,726.4497354497355,667.9223985890652,620.2786596119929,727.2980599647266,679.1040564373898,668.9135802469136,726.1305114638448,642.4356261022928,711.8589065255732,678.0352733686067,740.1816578483246,677.4902998236331,691.4038800705467,821.1005291005291,769.8201058201058,673.2804232804233,730.5784832451499,715.326278659612,740.0670194003527,693.3968253968254,780.0793650793651,650.0440917107584,708.1340388007054,710.742504409171,744.8306878306878,660.2257495590829,776.5661375661375,760.4532627865962,722.5273368606702,746.8395061728395,749.8712522045855,723.3915343915344,788.0793650793651,700.2927689594356,788.7072310405644,715.5343915343915,748.3104056437389,703.5255731922399,678.5097001763669,693.3844797178131,807.5361552028219,665.9100529100529,765.1675485008818,699.0405643738977,644.8553791887125,835.8500881834215,829.7336860670194,744.0723104056437,775.589065255732,733.652557319224,840.8536155202822,714.0987654320987,798.3932980599648,768.5978835978837,768.2222222222222,776.5784832451499,822.4250440917108,737.2522045855379,795.063492063492,704.4920634920635,765.5238095238095,720.9382716049382,843.3492063492064,796.0970017636685,817.5520282186949,759.6296296296297,839.3562610229277,735.3403880070547,752.1164021164021,739.8677248677249,815.6490299823633,778.2380952380952,821.0617283950618,666.4056437389771,771.0846560846561,689.9964726631393,674.7954144620811,821.36860670194,856.5767195767196,754.1781305114638,775.273368606702,772.4532627865962,783.7830687830688,797.9400352733686,785.4444444444445,727.2028218694885,765.1904761904761,743.8342151675485,847.1869488536155,798.7213403880071,785.0529100529101,781.4656084656085,766.994708994709,686.716049382716,829.7954144620811,796.8077601410935,764.6895943562611,777.1305114638448,829.8659611992946,771.7495590828925,798.1234567901234,794.7495590828925,847.6278659611993,716.7707231040564,866.8342151675485,798.026455026455,842.9929453262787,771.6155202821869,740.9029982363315,867.9753086419753,887.4955908289242,775.257495590829,852.1834215167548,757.1234567901234,896.0458553791888,789.9470899470899,799.8694885361552,799.5855379188713,769.1040564373898,756.4021164021163,833.2857142857143,812.5714285714286,793.8730158730159,820.1234567901234,824.7548500881834,808.5432098765432,841.1269841269841,774.5873015873016,857.6455026455027,766.6490299823633,860.8324514991182,817.9223985890652,826.31569664903,884.0599647266314,803.2081128747795,831.2380952380952,874.352733686067,822.3121693121693,848.758377425044,773.0970017636685,734.1428571428571,910.647266313933,815.2433862433862,834.5696649029983,872.1922398589065,804.2186948853615,861.7407407407408,795.6913580246913,856.0670194003527,811.7389770723104,862.4832451499118,781.7636684303351,819.326278659612,792.7865961199294,843.1640211640212,839.4550264550264,876.5502645502645,811.5167548500882,873.9559082892416,863.2610229276896,830.5873015873016,784.5943562610229,815.7019400352734,868.299823633157,877.0229276895943,842.7037037037037,867.5008818342152,874.2680776014109,864.6754850088183,870.9470899470899,803.1199294532628,780.7901234567901,782.6172839506173,915.4550264550264,867.7689594356261,827.074074074074,789.68430335097,815.5132275132275,825.7054673721341,808.925925925926,847.8571428571429,754.2504409171075,811.8130511463845,837.7231040564374,785.2469135802469,830.1481481481482,770.5255731922399,772.7037037037037,838.4479717813051,796.8201058201058,797.9135802469136,807.4056437389771,840.5679012345679,833.5731922398589,831.8130511463845,855.6031746031746,871.4744268077601,765.9823633156966,889.4761904761905,807.3862433862433,841.9664902998236,881.6984126984127,835.2169312169312,811.742504409171,877.9470899470899,942.8589065255732,894.2081128747795,813.352733686067,943.0758377425044,855.0987654320987,862.9647266313933,865.604938271605,851.2610229276896,843.9153439153439,880.8536155202822,777.5696649029983,813.0723104056437,848.1340388007054,845.1587301587301,882.1252204585538,857.7054673721341,876.1604938271605,854.8536155202822,779.8148148148148,879.0352733686067,807.1287477954145,836.673721340388,841.5767195767196,871.4091710758378,844.8747795414462,886.9559082892416,797.4250440917108,861.7442680776014,814.5590828924162,862.3862433862433,814.074074074074,786.1428571428571,972.6913580246913,897.68430335097,892.6719576719577,832.1904761904761,810.8042328042328,862.4303350970017,839.1305114638448,854.9770723104057,886.5132275132275,827.4832451499118,834.5167548500882,892.758377425044,831.0511463844797,912.1375661375662,814.3015873015873,846.2239858906526,866.641975308642,897.8553791887125,856.3245149911817,897.9717813051146,900.6490299823633,891.257495590829,846.6278659611993,880.0388007054673,890.9153439153439,838.636684303351,915.7954144620811,914.2786596119929,856.4232804232804,898.326278659612,812.1058201058202,778.1252204585538,1014.9382716049382,1042.8430335097003,926.3809523809524,914.7231040564374,908.673721340388,947.647266313933,846.4426807760141,919.4885361552028,840.2257495590829,880.742504409171,938.6225749559082,822.7724867724868,916.4708994708994,975.7195767195767,920.4074074074074,961.3862433862433,906.1428571428571,915.6190476190476,900.4373897707231,939.7671957671957,940.6296296296297,926.1446208112875,887.8835978835979,896.6649029982364,889.5626102292769,874.0934744268078,878.3650793650794,928.3015873015873,926.1587301587301,930.5202821869489,851.1481481481482,823.0987654320987,959.2098765432099,956.647266313933,917.4056437389771,939.6349206349206,988.8253968253969,1063.9294532627866,1002.957671957672,953.7178130511464,912.058201058201,914.758377425044,918.6031746031746,968.3015873015873,912.4497354497355,930.8694885361552,970.9012345679013,977.8906525573192,961.7231040564374,983.7813051146385,912.0,999.0529100529101,928.5308641975308,981.9470899470899,958.9453262786596,1034.336860670194,1007.8924162257496,948.1164021164021,928.663139329806,959.7354497354497,908.5908289241622,958.305114638448,921.1463844797178,849.7037037037037,1057.3880070546736,946.8059964726632,963.6190476190476,995.7671957671957,939.7901234567901,1021.9858906525574,960.679012345679,971.7354497354497,1034.5802469135801,1016.5273368606702,944.2292768959436,1001.758377425044,934.5149911816578,944.604938271605,997.7319223985891,1063.194003527337,1025.8906525573193,1069.3650793650793,1001.9541446208112,1021.0194003527337,978.2345679012345,981.0864197530864,1037.5291005291006,989.3650793650794,998.0511463844797,1060.483245149912,1029.5643738977071,1039.3597883597884,1013.2486772486773,1050.9171075837742,917.3968253968254,971.3668430335097,1195.2539682539682,1022.241622574956,1105.241622574956,1073.6649029982364,1039.0723104056437,1137.1287477954145,1186.8077601410935,1244.6966490299824,1059.9188712522046,1054.5449735449736,977.347442680776,970.7636684303351,1023.5978835978837,1047.4179894179895,1000.9770723104057,1055.0511463844798,1001.4673721340388,1055.5255731922398,1031.8712522045855,1006.0987654320987,986.4550264550264,1080.79012345679,1004.1904761904761,1066.6913580246915,1118.5044091710758,1088.4021164021165,1020.3668430335097,957.6067019400352,963.8994708994709,1004.0352733686067,941.5714285714286,954.010582010582,1078.063492063492,1088.920634920635,954.663139329806,1002.6895943562611,1051.4038800705468,1207.726631393298,1164.1075837742505,1146.7548500881835,973.8306878306878,1025.984126984127,1018.8218694885362,1051.9118165784832,1163.920634920635,1193.3033509700176,1151.194003527337,1004.3968253968254,987.5432098765432,1010.7407407407408,1027.400352733686,1133.084656084656,1104.7777777777778,1080.8430335097003,1031.5537918871253,1059.9435626102293,1071.3809523809523,1256.5220458553792,1235.514991181658,1282.1375661375662,1108.8236331569665,1085.0141093474426,988.9171075837743,980.7671957671957,1115.4620811287477,1058.6507936507937,977.1798941798942,1085.8024691358025,1088.567901234568,1086.2522045855378,1108.1287477954145,1083.1040564373898,1036.416225749559,1085.278659611993,1114.2186948853616,1213.567901234568,1034.6119929453264,1103.9541446208113,1109.9118165784832,1177.0546737213404,1171.0652557319224,1136.031746031746,1053.883597883598,1228.4391534391534,1153.05291005291,1108.9435626102293,1087.9876543209878,1129.2592592592594,1125.1904761904761,1178.9911816578483,1119.5873015873017,1097.6137566137565,1030.4268077601412,1109.6031746031747,1044.8289241622574,955.8641975308642,1159.532627865961,1113.7707231040565,1083.7654320987654,1100.6719576719577,1135.9541446208113,1226.6666666666667,1083.8747795414463,1160.4920634920634,1190.8977072310406,1087.7707231040565,1125.873015873016,1109.742504409171,988.305114638448,1148.7689594356261,1074.3509700176367,1076.8148148148148,997.1375661375662,1121.289241622575,1080.562610229277,1064.8606701940034,1067.9329805996472,1037.0335097001764,996.8165784832452,1098.562610229277,1059.9911816578483,1088.294532627866,1089.6878306878307,1152.6560846560847,1028.4497354497355,1114.6490299823633,1037.0723104056437,1087.8871252204585,1105.4955908289242,1192.0811287477954,1172.3668430335097,1127.9347442680776,1187.1075837742505,1273.710758377425,1153.7142857142858,1209.8253968253969,1163.516754850088,1290.116402116402,1175.8941798941798,1216.2610229276895,1162.2539682539682,1015.2945326278659,1098.6278659611994,1208.164021164021,1164.1816578483244,1186.084656084656,1041.5925925925926,1070.1763668430335,1052.0511463844798,1261.0582010582011,1308.499118165785,1248.1040564373898,1111.0670194003528,1040.3774250440918,1002.0123456790124,1198.9929453262787,1135.904761904762,1298.9805996472662,1150.8306878306878,1105.6807760141094,1271.1216931216932,1420.3932980599648,1275.2222222222222,1150.7566137566137,1030.400352733686,1086.257495590829,1035.7777777777778,1121.042328042328,1142.5485008818341,1157.2451499118165,1088.500881834215,1074.8042328042327,1036.5185185185185,1163.4021164021165,1155.7813051146384,1265.6719576719577,1043.8289241622574,1148.5767195767196,1015.2433862433862,1116.4091710758378,1115.6807760141094,1376.1552028218696,1056.068783068783,1038.679012345679,999.0352733686067,1131.347442680776,1149.1975308641975,1276.6137566137565,1046.0070546737213,1039.9241622574955,932.257495590829,1080.068783068783,1261.9753086419753,1246.2645502645503,1074.9823633156966,1123.1499118165784,1060.283950617284,1210.6719576719577,1143.0141093474426,1148.063492063492,1115.0582010582011,1118.4620811287477,1192.4179894179895,1267.3615520282187,1082.194003527337,1021.5679012345679,1082.6137566137565,1296.5643738977071,1440.3862433862435,1609.6931216931216,1250.3086419753085,1206.5097001763668,1104.0970017636685,1098.984126984127,1063.005291005291,1109.2857142857142,1070.6966490299824,1289.3633156966491,1054.6878306878307,1069.0282186948853,960.7830687830688,1011.0405643738977,953.36860670194,1008.7195767195767,1078.9594356261023,1239.7336860670193,1189.5925925925926,1094.9012345679012,1008.5590828924162,1099.9347442680776,1060.4744268077602,1135.7830687830688,1158.6031746031747,1111.3562610229276,1018.6137566137567,1029.164021164021,978.0881834215168,1034.0899470899471,994.5608465608466,1113.1181657848324,1072.2469135802469,1161.2610229276895,1174.7125220458554,1341.7336860670193,1071.5873015873017,1095.8783068783068,1006.6155202821869,1024.148148148148,974.7865961199294,1108.546737213404,1039.2398589065256,1206.0440917107583,1251.920634920635,1552.8694885361551,1631.6366843033509,1204.689594356261,1184.5432098765432,1198.3403880070546,1112.483245149912,1550.6384479717813,1829.8536155202821,1717.0141093474426,1915.774250440917,1565.883597883598,1089.1552028218696,1161.615520282187,1063.5097001763668,1178.6596119929454,1186.8624338624338,1526.0123456790122,1910.7689594356261,1600.5114638447972,1398.716049382716,1568.599647266314,1448.0917107583775,1496.657848324515,1413.2980599647267,1830.047619047619,2734.846560846561,3369.6931216931216,2571.9400352733687,1934.467372134039,1537.0917107583775,1509.9753086419753,1651.084656084656,2447.31569664903,2829.557319223986,1616.774250440917,1386.516754850088,1337.5414462081128,1348.4232804232804,1360.2610229276895,1173.0564373897707,1320.1975308641975,1237.4179894179895,1615.57848324515,1766.1358024691358,1468.6067019400352,1149.2821869488537,1240.3245149911816,1204.010582010582,1532.1040564373898,2025.0582010582011,2570.779541446208,2787.636684303351,2294.7283950617284,1490.936507936508,1781.0723104056437,1447.0970017636685,1429.2927689594355,1615.721340388007,2088.846560846561,1802.194003527337,1383.6613756613756,1503.3968253968253,1438.989417989418,1447.8924162257495,1979.7513227513227,1664.4514991181659,1456.7566137566137,1650.4462081128747,1527.8624338624338,1222.0405643738977,1379.2927689594355,1624.721340388007,2298.164021164021,1852.6913580246915,1902.2116402116403,1614.010582010582,1397.7724867724867,1284.4409171075838,1331.010582010582,1441.0881834215168,1836.615520282187,2023.6014109347443,1939.5044091710758,2573.641975308642,3321.6402116402114,4081.5238095238096,3148.225749559083,2547.259259259259,1988.7636684303352,1796.6507936507937,1515.3950617283951,1214.2768959435625,1355.7689594356261,1534.9664902998236,2021.126984126984,2552.15873015873,1805.26278659612,1350.7971781305114,1326.7654320987654,1479.5079365079366,1527.3509700176367,1159.7407407407406,1402.5079365079366,1485.6543209876543,2041.3386243386244,3061.7301587301586,3791.705467372134,1846.0035273368608,1468.6807760141094,1389.2081128747795,1859.4462081128747,2434.864197530864,2286.906525573192,1526.7072310405645,1454.957671957672,1377.2169312169312,1668.2134038800705,1557.2134038800705,1920.2698412698412,2700.1657848324517,3732.767195767196,2316.8218694885363,2324.1816578483244,2593.9964726631392,1746.9876543209878,1390.5978835978835,1507.225749559083,1777.1499118165784,2704.1975308641977,3442.6666666666665,2552.416225749559,1755.857142857143,1879.6490299823633,2382.8271604938273,1617.1922398589065,1224.663139329806,1372.4479717813051,1230.6613756613756,1313.726631393298,1290.3809523809523,1557.4179894179895,1251.9541446208113,1369.3403880070546,1228.9171075837742,1239.132275132275,1150.3350970017636,1276.6543209876543,1339.3950617283951,1742.194003527337,1689.2610229276895,1945.3086419753085,1402.716049382716,1405.1904761904761,1210.8183421516756,1321.1146384479719,1433.5026455026455,1673.530864197531,1685.0582010582011,1813.710758377425,1732.1340388007054,1703.594356261023,1512.0335097001764,1671.31569664903,1893.2239858906526,1698.7283950617284,1611.1904761904761,2031.299823633157,1748.3827160493827,1612.1199294532628,1482.1446208112875,1478.9223985890653,1421.0246913580247,1812.042328042328,2360.2416225749557,2577.8536155202823,1764.8871252204585,1377.3562610229276,1433.3403880070546,1977.7019400352733,1626.1181657848324,1887.031746031746,2103.222222222222,2063.557319223986,1960.4761904761904,1845.0881834215168,1640.1746031746031,1745.1869488536156,1346.63139329806,1433.8271604938273,1398.8165784832452,1520.095238095238,1388.4338624338625,1482.8800705467372,1351.2275132275133,1508.837742504409,1758.530864197531,1685.6137566137565,1451.2204585537918,1547.0493827160494,1483.4885361552028,1621.2186948853616,1846.9082892416225,1948.063492063492,1901.4126984126983,1871.8077601410935,1705.358024691358,2007.1234567901236,2358.5873015873017,2790.0599647266313,2778.10582010582,2319.7072310405642,1928.26278659612,2258.326278659612,2318.767195767196,2122.8271604938273,2031.8007054673722,2043.4567901234568,1841.5432098765432,1898.9276895943563,1824.5361552028219,1789.4797178130511,1849.294532627866,1935.7601410934744,1825.4973544973545,2990.410934744268,3096.0793650793653,2032.6507936507937,1854.1252204585537,2194.5873015873017,1594.6366843033509,1850.3544973544974,1721.132275132275,1680.2081128747795,1854.342151675485,2272.201058201058,2858.705467372134,3145.899470899471,1836.4038800705468,2103.643738977072,2942.0229276895943,4191.544973544974,5205.462081128748,3927.931216931217,2511.063492063492,2007.6172839506173,2321.1093474426807,2913.5132275132273,3169.287477954145,4331.183421516755,4196.8059964726635,4082.1393298059966,4949.550264550265,5394.78835978836,5108.885361552028,3370.73721340388,2732.3668430335097,3516.668430335097,2429.1128747795415,1691.742504409171,1694.0493827160494,2058.3333333333335,2145.906525573192,2116.6913580246915,1909.594356261023,2186.657848324515,2322.1446208112875,1843.3809523809523,1956.9400352733685,3044.05291005291,3101.36860670194,2502.9541446208113,2254.1798941798943,2528.0246913580245,1914.8412698412699,1933.857142857143,2097.94708994709,2508.962962962963,2522.9559082892415,2305.185185185185,1835.4885361552028,1659.9453262786596,1510.5114638447972,1942.4779541446208,2678.716049382716,3049.3597883597886,2480.3492063492063,2164.4638447971784,1819.2116402116403,2442.1340388007056,2702.9964726631392,2221.649029982363,2824.483245149912,3074.0793650793653,2466.3968253968255,3069.938271604938,2959.3809523809523,2816.1446208112875,2222.3121693121693,1937.6754850088184,2192.4056437389772,2924.167548500882,3959.7971781305114,5162.846560846561,4349.518518518518,4296.804232804233,3641.2663139329807,3650.222222222222,3332.190476190476,3681.7601410934744,4087.0881834215165,3698.8201058201057,4469.1446208112875,4950.199294532628,3260.2663139329807,2439.9805996472664,1917.0070546737213,2250.3139329805995,2482.4638447971784,3478.5361552028216,3828.185185185185,3497.668430335097,3615.4373897707233,3943.5608465608466,4772.2962962962965,5279.754850088183,3670.4638447971784,4278.292768959435,4162.287477954144,3049.188712522046,3417.416225749559,4194.358024691358,3732.8430335097,3555.167548500882,3102.2716049382716,3963.906525573192,3899.2716049382716,3991.835978835979,4002.767195767196,4740.268077601411,3701.4373897707233,3156.5326278659613,3159.029982363316,3954.8818342151676,4061.2663139329807,3437.7301587301586,2505.9135802469136,1989.6243386243386,1560.4074074074074,1779.920634920635,1634.5379188712523,1517.4497354497355,1479.015873015873,1677.2751322751324,1422.2204585537918,1481.111111111111,1494.962962962963,1491.583774250441,1445.358024691358,1573.8694885361551,1703.031746031746,1884.095238095238,1828.6966490299824,2733.3721340388006,3711.1234567901233,3230.4761904761904,2379.7654320987654,1581.4038800705468,1345.9118165784832,1674.5432098765432,1969.9453262786596,2314.9294532627864,1518.7319223985892,1662.4938271604938,1558.1234567901236,1684.7354497354497,1845.432098765432,1887.4232804232804,1311.9082892416225,1428.225749559083,1474.5449735449736,1741.310405643739,1903.2557319223986,2108.4038800705466,2559.125220458554,3227.805996472663,2478.8606701940034,2151.753086419753,2394.772486772487,1671.530864197531,1410.3544973544974,1490.9417989417989,1445.3439153439153,1793.957671957672,2507.862433862434,3214.63139329806,1935.2134038800705,2009.2433862433863,2409.084656084656,2978.095238095238,3794.2610229276897,2675.8077601410937,1762.626102292769,2434.416225749559,2044.026455026455,1702.4567901234568,1355.1710758377426,1750.1499118165784,2152.8959435626102,2792.700176366843,2017.4268077601412,2388.573192239859,2496.9841269841268,2240.153439153439,1372.1146384479719,1513.5555555555557,1562.0123456790122,2029.9559082892417,2870.294532627866,4909.347442680776,6042.934744268077,6334.784832451499,3462.5502645502647,1835.4232804232804,1393.2204585537918,1427.7089947089946,1262.9823633156966,1500.8800705467372,1529.3280423280423,2162.1040564373898,2571.7918871252205,3199.1428571428573,3742.0970017636682,4576.338624338624,2289.6225749559085,1926.3333333333333,1839.2645502645503,2098.227513227513,2226.5590828924164,3235.9841269841268,4275.513227513227,3483.1463844797177,2477.167548500882,3378.8553791887125,2541.215167548501,1644.2680776014108,1467.1146384479719,1787.8906525573193,2222.4074074074074,3449.319223985891,2681.1128747795415,1871.1375661375662,1815.20987654321,2115.6613756613756,2267.084656084656,2548.252204585538,2134.73544973545,1731.2610229276895,2133.0123456790125,2211.2098765432097,2081.9135802469136,3425.6878306878307,3227.2768959435625,1994.320987654321,1897.164021164021,2942.3456790123455,3141.671957671958,2485.8430335097,2876.0881834215165,4194.091710758377,5802.098765432099,4044.410934744268,1987.273368606702,1598.047619047619,1283.4938271604938,1443.7636684303352,1385.3245149911816,1821.5097001763668,1566.8112874779542,1475.9664902998236,1292.888888888889,1381.2804232804233,1130.3791887125221,1251.5097001763668,1281.0493827160494,1328.148148148148,1353.347442680776,1363.973544973545,1104.1569664902997,1441.7636684303352,1469.1199294532628,1366.957671957672,1124.4091710758378,1268.2716049382716,1126.7848324514991,1240.1058201058202,1174.668430335097,1335.8747795414463,1109.9135802469136,1271.6754850088184,1090.9259259259259,1400.1216931216932,1202.400352733686,1250.6931216931216,1112.3086419753085,1222.0017636684304,1131.615520282187,1229.7566137566137,1202.7636684303352,1452.0828924162258,1151.3862433862435,1242.5520282186949,1145.3985890652557,1219.610229276896,1070.1675485008818,1168.4091710758378,1339.3633156966491,1494.7813051146384,1481.5097001763668,1428.1887125220458,1421.1675485008818,1790.373897707231,1904.9964726631392,1646.1287477954145,1754.6208112874779,2407.970017636684,1605.1234567901236,1294.774250440917,1147.499118165785,1248.0493827160494,1248.467372134039,1177.164021164021,1094.6296296296296,1324.3721340388006,1090.6225749559082,1307.7954144620812,1102.4814814814815,1255.178130511464,1172.0723104056437,1165.610229276896,1080.9717813051147,1185.405643738977,1194.8818342151676,1554.0758377425045,1821.3703703703704,1682.4585537918872,1340.5661375661375,1302.1075837742505,1474.4250440917108,1469.851851851852,1292.1763668430335,1472.8430335097003,1519.9382716049383,1714.4638447971781,1308.4338624338625,1189.3245149911816,1164.694885361552,1302.514991181658,1282.837742504409,1706.084656084656,1982.9982363315696,1785.1375661375662,1278.331569664903,1366.1957671957673,1474.0881834215168,1988.6225749559082,1470.241622574956,1446.700176366843,1518.1675485008818,1864.2910052910054,2001.4038800705468,2024.373897707231,1601.6402116402116,1485.7248677248676,1321.7918871252205,1646.8112874779542,1344.1358024691358,1276.1816578483244,1087.6825396825398,1268.4567901234568,1417.952380952381,1474.9506172839506,1575.7442680776014,1823.437389770723,1437.2680776014108,1725.5978835978835,2138.6878306878307,2295.135802469136,1590.0970017636685,1702.3174603174602,1840.6860670194003,1670.562610229277,1546.2680776014108,1779.4638447971781,1951.467372134039,2301.201058201058,1657.9911816578483,1976.2380952380952,2374.190476190476,3187.8342151675483,2003.4303350970017,1817.320987654321,1754.1287477954145,1811.1534391534392,2252.2345679012346,3675.4691358024693,4694.731922398589,3479.1040564373898,2787.2380952380954,3399.1569664903,2104.41975308642,1691.7336860670193,2049.2134038800705,2959.8712522045857,2436.2028218694886,2732.1022927689596,2452.4056437389772,2632.906525573192,2570.962962962963,3640.035273368607,2791.4356261022926,1944.6031746031747,1556.9717813051147,1784.973544973545,2325.9858906525574,2098.8888888888887,1419.416225749559,1841.3245149911816,2766.6243386243386,3828.7654320987654,2544.215167548501,3144.705467372134,3298.065255731922,3246.776014109347,4471.730158730159,3520.585537918871,2471.649029982363,4201.860670194003,5227.033509700176,2914.1657848324517,2223.490299823633,3424.326278659612,5197.814814814815,5871.384479717813,5080.074074074074,3828.763668430335,2944.742504409171,3253.703703703704,5311.753086419753,7483.647266313933,5003.479717813051,3521.805996472663,5550.303350970018,9132.0582010582,6033.058201058201,3538.9611992945324,2115.1075837742505,1893.0970017636685,2127.255731922399,3291.57848324515,3432.354497354497,3505.414462081129,4492.569664902998,6856.21164021164,4651.227513227514,2695.183421516755,2010.2716049382716,1506.9541446208113,1329.1022927689594,1635.6984126984128,1617.7495590828923,2044.1058201058202,3166.811287477954,3416.746031746032,2055.8183421516756,1751.2539682539682,1784.499118165785,1770.9029982363315,1450.1410934744267,1801.9700176366844,2424.2821869488535,3627.093474426808,2756.4726631393296,2356.869488536155,2365.3386243386244,1775.9012345679012,1494.1992945326278,1719.289241622575,2415.589065255732,2433.9753086419755,1582.0758377425045,1627.5379188712523,1532.2645502645503,1903.679012345679,1456.8959435626102,1552.4726631393298,1553.1393298059966,2202.599647266314,2564.5767195767194,2312.9029982363318,1845.5590828924162,1520.0123456790122,1384.7707231040565,1579.0670194003528,1490.532627865961,1584.9100529100529,1976.5925925925926,1874.4391534391534,1480.6719576719577,1542.7319223985892,1335.9929453262787,1617.936507936508,2176.1781305114637,3447.252204585538,2434.382716049383,1640.1022927689594,1544.6860670194003,1486.2204585537918,1385.352733686067,1680.485008818342,1382.042328042328,1485.8148148148148,1647.57848324515,2289.098765432099,2434.232804232804,2085.068783068783,1486.899470899471,1724.352733686067,2218.1022927689596,2572.2821869488535,1653.0617283950617,1499.4074074074074,1421.305114638448,2052.708994708995,1662.3721340388006,1410.1746031746031,1356.4726631393298,1650.3915343915344,1912.416225749559,2295.9911816578483,1608.9876543209878,1683.7936507936508,2071.220458553792,2269.373897707231,1367.4585537918872,1384.8924162257495,1169.1216931216932,1301.6366843033509,1239.4744268077602,1442.4814814814815,1397.225749559083,1904.904761904762,2868.8977072310404,2430.6296296296296,1293.2292768959435,1312.8130511463844,1333.111111111111,1663.5696649029983,1241.6172839506173,1442.663139329806,1151.467372134039,1438.5255731922398,1307.225749559083,1257.178130511464,1230.3985890652557,1333.6049382716049,1351.7724867724867,1897.5079365079366,2290.740740740741,1787.5696649029983,1609.2680776014108,2574.835978835979,2571.520282186949,1545.2768959435625,1403.0352733686068,1622.8483245149912,1537.1763668430335,1526.3333333333333,1227.668430335097,1548.1869488536156,1926.2345679012346,2449.3668430335097,2814.1287477954143,2068.811287477954,1408.8430335097003,1597.994708994709,1645.6137566137565,2255.2098765432097,1720.4126984126983,1777.4356261022929,1712.4885361552028,2271.89417989418,1670.7636684303352,1644.3403880070546,1940.9929453262787,2181.358024691358,1404.652557319224,1467.4567901234568,1695.6543209876543,2884.0864197530864,3689.410934744268,2186.9911816578483,1721.8253968253969,1910.7830687830688,1459.1534391534392,1538.1022927689594,1616.3174603174602,1798.9435626102293,1491.4638447971781,1493.0599647266315,1309.3650793650793,1821.7248677248676,2597.848324514991,2204.4391534391534,1325.562610229277,1442.0194003527338,1291.9823633156966,1368.8465608465608,1438.1410934744267,1679.8589065255733,1412.7636684303352,2009.0934744268077,1838.9259259259259,1752.774250440917,1276.4250440917108,1272.1499118165784,1118.915343915344,1291.1710758377426,1217.8465608465608,1497.8447971781304,1706.1075837742505,1919.626102292769,1425.5555555555557,1358.6296296296296,1227.94708994709,1504.546737213404,1596.7883597883597,1717.9929453262787,1714.4656084656085,2260.8906525573193,2023.0194003527338,1488.1851851851852,1421.3650793650793,1695.79012345679,1890.4656084656085,2084.7283950617284,1974.3597883597884,2338.283950617284,1875.405643738977,1744.2469135802469,1401.6913580246915,1628.663139329806,1724.194003527337,1809.5273368606702,1377.010582010582,1627.3174603174602,1730.7848324514991,2605.557319223986,3772.671957671958,4098.5661375661375,1691.857142857143,1541.289241622575,1584.5520282186949,1442.984126984127,1120.0670194003528,1379.647266313933,1230.73721340388,1335.1216931216932,1480.116402116402,1501.8589065255733,1212.2486772486773,1399.500881834215,1261.6208112874779,1391.1463844797179,1267.5396825396826,1518.6878306878307,1407.873015873016,1595.742504409171,1890.8747795414463,2538.6190476190477,1820.1957671957673,1322.0582010582011,1175.3880070546736,1381.6172839506173,1321.63139329806,1863.7495590828923,1626.0987654320988,1572.2751322751324,1208.6225749559082,1538.936507936508,1637.857142857143,1571.9029982363315,1197.978835978836,1295.8095238095239,1181.1216931216932,1241.7530864197531,1182.4426807760142,1373.7142857142858,1276.5802469135801,1503.2768959435625,1460.8906525573193,1544.2398589065256,1383.0194003527338,1408.716049382716,1359.532627865961,1673.9065255731923,2368.5132275132273,2101.47442680776,1199.1746031746031,1337.453262786596,1235.3121693121693,1250.483245149912,1190.5961199294532,1412.5238095238096,1511.0828924162258,2387.135802469136,2292.9805996472664,1953.2081128747795,1486.2010582010582,1719.9241622574955,1648.1904761904761,1628.4338624338625,1754.4726631393298,2527.125220458554,3000.252204585538,2302.4056437389772,1702.1410934744267,2139.5590828924164,2408.3492063492063,2725.322751322751,1888.6067019400352,2049.291005291005,3322.0723104056437,3942.6225749559085,1910.5802469135801,1544.7724867724867,1363.7724867724867,1464.4920634920634,1399.3086419753085,1655.721340388007,1365.984126984127,1485.111111111111,1497.5132275132275,2118.065255731922,3168.864197530864,4821.356261022927,3115.0194003527336,2240.5767195767194,1965.6878306878307,2482.6701940035273,1818.3333333333333,2316.798941798942,2695.7830687830688,1796.0934744268077,1462.7513227513227,1883.0899470899471,2288.9594356261023,2705.9400352733687,1759.610229276896,1838.6014109347443,2336.6613756613756,4134.744268077601,6360.848324514991,4372.971781305115,3230.033509700176,2816.4038800705466,2459.3809523809523,1974.9100529100529,1598.2081128747795,2011.1569664902997,2668.1428571428573,5134.382716049383,4824.731922398589,2292.1181657848324,1605.5273368606702,2046.8694885361551,2766.7901234567903,4111.749559082892,2308.677248677249,2069.8606701940034,2468.9523809523807,3699.3439153439153,2306.356261022928,1681.1992945326278,1365.7548500881835,1503.4620811287477,1575.3227513227514,2176.425044091711,2988.746031746032,4853.266313932981,4411.523809523809,5335.227513227514,6930.447971781306,3558.8077601410937,2381.7495590828926,3532.5626102292767,5613.679012345679,5759.176366843033,3168.063492063492,2463.222222222222,3341.643738977072,6450.024691358025,7588.054673721341,2983.779541446208,1651.9012345679012,1711.4021164021165,1770.867724867725,1807.9188712522046,1392.9717813051147,1466.3192239858906,1474.2592592592594,1935.3809523809523,1935.3827160493827,2923.957671957672,3631.7619047619046,4560.583774250441,3391.095238095238,4494.8112874779545,7137.239858906526,5614.747795414462,6063.206349206349,4580.89241622575,2841.3615520282187,3094.287477954145,3417.3033509700176,2082.846560846561,1530.904761904762,1633.8042328042327,2154.4021164021165,2479.490299823633,1896.432098765432,2074.522045855379,1886.0987654320988,2557.52557319224,4434.779541446208,7298.134038800706,3541.677248677249,2032.610229276896,1879.9858906525574,1740.5890652557318,1799.8042328042327,2570.8818342151676,4454.0123456790125,7766.5467372134035,6310.798941798942,8204.292768959436,4894.444444444444,3830.425044091711,5158.47442680776,3680.978835978836,2037.7336860670193,1831.7830687830688,1788.8765432098764,2234.4991181657847,3419.679012345679,6040.2768959435625,6549.606701940035,5969.913580246914,5256.679012345679,5608.693121693122,2664.6331569664903,2495.9400352733687,2431.5449735449733,1874.0934744268077,1566.1763668430335,1559.0758377425045,1548.7513227513227,1806.4303350970017,2325.246913580247,3724.58024691358,3050.694885361552,4637.266313932981,4378.873015873016,5747.761904761905,7315.278659611993,10707.47619047619,18816.603174603173,13918.449735449736,4541.846560846561,2631.657848324515,2594.4074074074074,4492.876543209876,4598.47442680776,5625.026455026455,9697.506172839507,7368.026455026455,3253.162257495591,1817.3033509700176,1576.095238095238,2089.395061728395,2905.7707231040563,4688.518518518518,4768.506172839506,5934.215167548501,3328.058201058201,1835.4426807760142,1561.2698412698412,1597.4620811287477,1527.0828924162258,1859.0141093474426,2275.7583774250443,3401.8183421516756,6649.416225749559,5250.435626102293,2188.4620811287477,2120.1481481481483,2505.2451499118165,4290.082892416226,4281.227513227514,7233.837742504409,5984.691358024691,4025.814814814815,1968.9559082892417,1736.2063492063492,1823.331569664903,2077.8924162257495,2237.153439153439,3823.065255731922,7497.818342151675,6147.670194003527,2478.065255731922,1834.7548500881835,1420.4497354497355,1474.1869488536156,1467.278659611993,1576.615520282187,1590.8924162257495,2159.5873015873017,1908.2186948853616,1910.7830687830688,2598.0476190476193,2834.4356261022926,3095.4074074074074,6030.906525573192,9206.202821869489,5704.352733686067,7274.851851851852,5965.4532627865965,2491.252204585538,2086.5925925925926,1759.0035273368608,2129.7813051146386,1502.9911816578483,1555.2486772486773,1507.8924162257495,1510.2962962962963,1618.9241622574955,2401.395061728395,4098.089947089947,8400.296296296296,5607.139329805997,2950.336860670194,1748.8783068783068,1555.5873015873017,1348.1710758377426,1338.1763668430335,1371.9171075837742,1457.148148148148,1345.2451499118165,1649.3121693121693,2073.320987654321,2866.0811287477954,5332.225749559083,5920.20987654321,2422.135802469136,2073.774250440917,1940.694885361552,1962.7072310405645,1519.289241622575,1658.657848324515,1548.289241622575,1488.8694885361551,1478.352733686067,2300.0546737213404,2806.089947089947,5591.049382716049,3333.0811287477954,1758.851851851852,1414.8641975308642,1477.7654320987654,1362.3333333333333,1476.9382716049383,1390.837742504409,1504.4885361552028,1430.7813051146384,1763.9417989417989,2085.573192239859,3909.296296296296,3909.283950617284,2120.0723104056437,1951.3615520282187,2097.777777777778,1658.384479717813,1700.142857142857,1439.3333333333333,1515.2063492063492,1513.010582010582,1921.0582010582011,2553.222222222222,3841.973544973545,8511.068783068784,14870.601410934743,10328.626102292768,4088.848324514991,2115.4232804232806,2084.8201058201057,1470.2116402116403,1419.2151675485009,1198.7830687830688,1327.726631393298,1154.2328042328043,1254.857142857143,1112.7125220458554,1261.310405643739,1148.835978835979,1297.774250440917,1348.5026455026455,1660.9329805996472,1466.936507936508,1609.57848324515,1691.8306878306878,1444.5414462081128,1315.1516754850088,1400.936507936508,1207.2328042328043,1457.562610229277,1779.4021164021165,2639.800705467372,1602.031746031746,1430.2310405643739,1348.694885361552,1869.4462081128747,1995.9259259259259,2180.6084656084654,1708.4126984126983,1561.2345679012346,1336.037037037037,1742.100529100529,1264.0617283950617,1537.358024691358,2036.8430335097003,3729.7936507936506,3082.7583774250443,1893.68430335097,1291.726631393298,1342.1728395061727,1367.2186948853616,1582.2363315696648,1219.0917107583775,1313.5291005291006,1333.6984126984128,1949.8818342151676,3325.700176366843,2511.1410934744267,2126.6984126984125,2279.2733686067018,1664.1604938271605,1715.9065255731923,1524.305114638448,1485.657848324515,1272.1693121693122,1420.952380952381,1319.0511463844798,1676.1181657848324,1848.6402116402116,1769.6049382716049,1510.7178130511463,1949.1693121693122,2327.6984126984125,2795.0440917107585,2726.0388007054676,2550.767195767196,1799.6225749559082,1514.241622574956,1375.873015873016,1527.116402116402,1530.1693121693122,1572.2028218694886,1394.7883597883597,1556.0670194003528,1800.1587301587301,2509.636684303351,2832.962962962963,1986.2398589065256,2169.652557319224,2644.3985890652557,2382.8571428571427,2236.442680776014,1842.1569664902997,2366.488536155203,2844.222222222222,3402.320987654321,3179.6649029982364,2470.1146384479716,1792.6366843033509,2130.225749559083,3107.9188712522046,3109.2698412698414,2512.328042328042,2354.0917107583773,1733.8818342151676,1937.2610229276895,1528.5502645502645,1813.7142857142858,1932.8412698412699,2519.8853615520284,2239.731922398589,2027.9488536155202,2170.3015873015875,1878.3192239858906,1630.1798941798943,2104.074074074074,2588.6278659611994,2095.389770723104,1736.6666666666667,1581.9259259259259,1514.9982363315696,1864.6296296296296,1624.4656084656085,2291.643738977072,2955.694885361552,2077.6349206349205,1618.8148148148148,2209.3298059964727,2652.7495590828926,2266.5608465608466,2768.4179894179892,4775.273368606702,4021.7583774250443,2550.319223985891,2280.1111111111113,2054.4973544973545,1961.0864197530864,2142.1798941798943,1895.9223985890653,2304.132275132275,1602.326278659612,1761.0035273368608,1892.5379188712523,1816.3245149911816,2055.7231040564375,2901.296296296296,1914.8342151675486,1701.0299823633156,1898.0440917107583,2548.3668430335097,3083.7266313932982,5012.509700176367,7215.590828924162,5452.8994708994705,3290.673721340388,2495.962962962963,3025.442680776014,5516.215167548501,7731.42151675485,3886.490299823633,2380.89417989418,2837.195767195767,4437.3650793650795,4955.880070546737,4334.520282186949,2221.9082892416227,1744.9435626102293,1780.1216931216932,1433.1957671957673,2075.2451499118165,2056.1922398589063,3993.1111111111113,2926.119929453263,1970.4285714285713,1744.1393298059966,1901.8306878306878,2515.354497354497,3359.7883597883597,3657.1340388007056,5317.324514991182,6549.823633156967,8660.869488536155,8994.557319223986,5450.340388007055,7163.490299823633,10969.361552028218,6216.740740740741,4309.423280423281,5102.162257495591,3423.8536155202823,3599.99823633157,3066.416225749559,2676.291005291005,4649.373897707231,7554.005291005291,4440.534391534392,3768.712522045855,7261.059964726632,9539.964726631393,4151.3650793650795,2560.5291005291006,2986.363315696649,3921.3456790123455,9229.3139329806,11411.520282186948,5569.830687830688,5676.287477954144,8120.837742504409,4868.074074074074,3620.0864197530864,3905.0599647266313,4101.3650793650795,3801.878306878307,2467.324514991182,2122.7389770723103,3490.0511463844796,3648.1763668430335,3762.1710758377426,2458.021164021164,2016.8447971781304,2350.084656084656,2185.934744268078,1628.7865961199295,1828.0299823633156,2304.479717813051,4620.89594356261,3849.744268077601,2172.324514991182,1583.1128747795415,1506.7795414462082,1524.8765432098764,2113.098765432099,3281.2292768959437,5293.268077601411,2627.864197530864,2346.573192239859,3007.2134038800705,5115.751322751323,11008.6278659612,8073.888888888889,3853.231040564374,2500.2610229276897,1837.5590828924162,2235.305114638448,2505.8342151675483,2065.058201058201,1824.5537918871253,2043.7795414462082,2378.7883597883597,3057.1798941798943,2006.7830687830688,1740.3280423280423,1680.5855379188713,1751.1552028218696,1981.679012345679,1817.2821869488537,1642.7601410934744,1723.1093474426807,1711.5485008818341,1642.0440917107583,1472.4444444444443,1693.4638447971781,1541.0440917107583,1506.8447971781304,1474.3068783068784,2447.479717813051,2862.8447971781306,4136.079365079365,2319.6031746031745,1670.2363315696648,1428.2186948853616,1673.9823633156966,1401.5696649029983,1545.6190476190477,1670.2751322751324,3126.557319223986,3472.604938271605,2166.804232804233,1954.9188712522046,3377.626102292769,8540.282186948854,6365.539682539683,2685.1922398589063,1939.3386243386244,1581.8271604938273,1572.031746031746,1471.7971781305114,1422.3985890652557,1422.5343915343915,1676.3386243386244,2329.3915343915346,2164.0388007054676,1538.4338624338625,1506.79012345679,1502.6437389770724,1654.9506172839506,1471.6490299823633,2224.763668430335,1982.010582010582,2737.2610229276897,5036.917107583774,6897.9435626102295,3152.901234567901,2112.3298059964727,1737.546737213404,1655.7777777777778,1443.9259259259259,1967.7407407407406,2188.5661375661375,3362.336860670194,3230.7865961199295,2029.1746031746031,1561.94708994709,1431.7566137566137,1218.4567901234568,1310.0811287477954,1173.9329805996472,1307.241622574956,1381.2169312169312,1847.7760141093474,1289.5414462081128,1214.1816578483244,1055.3650793650793,1144.1710758377426,1059.1058201058202,1167.5343915343915,1096.6984126984128,1320.0776014109347,1288.888888888889,2047.821869488536,2782.4656084656085,7385.273368606702,9780.536155202823,5208.5220458553795,3028.257495590829,1997.7195767195767,1383.8589065255733,1390.2768959435625,1491.6208112874779,1512.5714285714287,1192.4109347442682,1298.716049382716,1132.2451499118165,1276.8747795414463,1644.4021164021165,2617.604938271605,2138.6225749559085,1581.8395061728395,1374.3350970017636,1467.5555555555557,1245.1340388007054,1312.8042328042327,1237.758377425044,1415.705467372134,1287.7530864197531,1499.1093474426807,1323.5820105820105,1504.310405643739,1700.6366843033509,2025.8024691358025,2148.121693121693,2434.453262786596,1615.8112874779542,1536.9559082892417,1299.2557319223986,1366.1022927689594,1335.5220458553792,1785.5802469135801,2180.99823633157,1779.700176366843,1371.194003527337,1415.400352733686,1391.0740740740741,1401.532627865961,1154.5643738977071,1147.7619047619048,1313.2398589065256,1399.5291005291006,1288.326278659612,1745.384479717813,1487.1305114638449,1562.4409171075838,1723.6331569664903,1628.432098765432,1480.821869488536,1590.1093474426807,1488.9382716049383,1785.689594356261,1574.9382716049383,2159.447971781305,1695.148148148148,1445.347442680776,1327.1851851851852,1859.4620811287477,1227.1287477954145,1400.8624338624338,1268.2698412698412,1452.4603174603174,1491.2857142857142,1589.3015873015872,1451.5361552028219,1492.5520282186949,1266.6014109347443,1364.3915343915344,1433.8906525573193,1513.3633156966491,1236.2275132275133,1367.1093474426807,1629.4744268077602,1741.5255731922398,2082.1146384479716,1863.7248677248676,1633.6931216931216,1559.0564373897707,1374.4409171075838,1524.5908289241622,1379.5890652557318,1498.7654320987654,1284.7989417989418,1373.2063492063492,1359.1022927689594,1417.562610229277,1256.0017636684304,1403.1446208112875,1308.7125220458554,1799.8130511463844,1282.7971781305114,1413.7407407407406,1543.9082892416225,2025.453262786596,1521.3227513227514,1635.8077601410935,1826.068783068783,3193.5714285714284,2917.5943562610228,4303.402116402116,2851.067019400353,2163.548500881834,1661.0705467372134,1514.2592592592594,1376.5802469135801,1472.3633156966491,1215.026455026455,1334.289241622575,1207.710758377425,1396.5696649029983,1413.7301587301588,2028.2962962962963,2780.610229276896,2668.4444444444443,3019.4867724867727,2380.689594356261,1778.7865961199295,1774.726631393298,1698.257495590829,2111.862433862434,3288.373897707231,3115.4620811287477,1857.6772486772486,1721.342151675485,1441.5925925925926,1541.7231040564375,1642.5961199294532,1606.8783068783068,1430.3280423280423,1546.6243386243386,1369.5502645502645,1441.5097001763668,1684.5044091710758,3164.36860670194,5498.973544973545,3985.58024691358,2758.1164021164022,2750.7971781305114,2127.5396825396824,1809.36860670194,1626.342151675485,1908.7319223985892,1771.4938271604938,1854.7865961199295,2671.4038800705466,4872.772486772486,2900.509700176367,2231.2716049382716,2382.232804232804,3044.663139329806,2868.119929453263,2313.5326278659613,2785.0758377425045,5387.977072310406,3152.283950617284,2705.3597883597886,3402.4285714285716,6465.733686067019,11126.895943562611,6453.229276895943,3460.6067019400352,2660.31569664903,2459.3597883597886,2375.9276895943563,2215.0440917107585,2229.15873015873,2673.710758377425,5934.927689594357,4270.426807760141,2782.878306878307,2460.0546737213404,2438.906525573192,1942.3386243386244,2138.7654320987654,3382.1746031746034,5962.701940035274,5442.961199294533,3283.7883597883597,2307.8888888888887,1896.0546737213404,1613.2169312169312,2114.336860670194,3734.899470899471,3911.31569664903,3183.4021164021165,5554.564373897707,4570.47266313933,3780.4038800705466,4776.447971781306,9535.536155202823,10975.555555555555,7275.814814814815,5470.024691358025,3395.246913580247,2306.1710758377426,1969.4708994708994,1731.1252204585537,2105.2610229276897,1753.8553791887125,1715.1393298059966,1991.9506172839506,1848.7989417989418,1559.2222222222222,1648.5343915343915,1553.6296296296296,1960.8271604938273,2157.3033509700176,2401.1340388007056,2344.809523809524,2803.878306878307,5233.5467372134035,16144.723104056437,23127.63315696649,12574.913580246914,7775.382716049383,6187.146384479718,7274.506172839506,10365.758377425043,6708.620811287478,7454.001763668431,4485.268077601411,3508.809523809524,3725.4991181657847,3029.1393298059966,2247.4497354497353,2135.379188712522,2076.6701940035273,3328.1393298059966,2733.4373897707233,3298.225749559083,4537.451499118166,3469.1657848324517,2567.0811287477954,2089.7707231040563,1642.9805996472662,1723.8306878306878,1676.4744268077602,1965.4126984126983,1799.1922398589065,1894.857142857143,2189.063492063492,2206.7883597883597,2610.8906525573193,3025.1569664903,2121.36860670194,2067.1463844797177,1912.7301587301588,1887.610229276896,1646.5802469135801,2213.9435626102295,1862.3633156966491,3406.3015873015875,9099.345679012345,7559.673721340388,4048.2116402116403,2767.485008818342,2280.6984126984125,2732.1340388007056,2274.7865961199295,2081.121693121693,1907.6384479717813,2778.1234567901233,2315.296296296296,2051.2768959435625,2053.9858906525574,2268.5185185185187,2976.814814814815,7030.89241622575,12913.479717813052,9807.298059964727,11018.176366843034,5997.962962962963,3781.73544973545,2836.47442680776,2085.3086419753085,1846.1869488536156,1674.416225749559,1804.835978835979,1812.8712522045855,2092.389770723104,2043.867724867725,2471.7654320987654,1934.4303350970017,2515.804232804233,2970.4056437389772,2374.4726631393296,1879.5749559082892,1788.8853615520281,1764.657848324515,2163.1798941798943,2635.7389770723103,4523.338624338624,10519.825396825398,8666.446208112875,4456.167548500882,3346.910052910053,2830.05291005291,2390.2134038800705,1958.469135802469,2226.5238095238096,2862.029982363316,2517.0758377425045,3103.9223985890653,6175.689594356261,9584.119929453263,6258.10758377425,3491.6649029982364,2592.3615520282187,2230.227513227513,1927.9559082892417,1531.2239858906526,1618.9964726631392,1391.5925925925926,1874.968253968254,1416.8342151675486,1866.8924162257495,2007.5573192239858,1969.8977072310406,2537.4179894179892,2294.520282186949,1850.3968253968253,2282.9029982363318,2107.3456790123455,1991.8077601410935,2032.610229276896,2027.2451499118165,1638.710758377425,1855.6649029982364,2147.8571428571427,3960.0,8490.890652557318,5518.656084656084,3396.1340388007056,2620.805996472663,2495.832451499118,2186.278659611993,1655.3386243386244,1685.20987654321,1749.437389770723,1835.8271604938273,1888.6613756613756,3499.8818342151676,8980.47619047619,6815.0564373897705,4404.918871252205,3912.9223985890653,3266.721340388007,4395.823633156967,3568.350970017637,6246.552028218694,16494.59259259259,14131.693121693123,8170.998236331569,6462.659611992945,4206.061728395061,3669.694885361552,4388.920634920635,3835.1552028218694,2673.246913580247,2662.126984126984,3680.6596119929454,7226.186948853616,6924.927689594357,4204.389770723104,3070.8447971781306,2911.680776014109,4257.455026455026,8222.014109347443,5905.677248677249,5512.253968253968,3932.777777777778,3124.5696649029983,2900.3756613756614,4632.89241622575,9569.495590828925,11689.895943562611,12808.758377425043,8675.178130511464,5215.57848324515,3908.2098765432097,2864.6613756613756,2966.3121693121693,3448.8606701940034,2574.278659611993,2270.5132275132273,2522.236331569665,2398.652557319224,2002.063492063492,1727.6596119929454,1775.1992945326278,1437.2716049382716,1578.3386243386244,1893.2451499118165,2599.2116402116403,3454.9171075837744,6337.844797178131,9998.444444444445,18197.63139329806,11284.89770723104,8032.121693121693,9189.768959435625,7072.768959435626,7868.324514991182,12586.347442680775,7213.89417989418,4748.067019400352,3351.9453262786596,2767.130511463845,2060.089947089947,2268.328042328042,1683.7707231040565,1834.1534391534392,2482.522045855379,6493.4532627865965,17549.69488536155,12241.673721340389,7100.42151675485,5354.001763668431,4091.9435626102295,4153.291005291006,6452.94885361552,18297.84479717813,34320.76014109347,20397.922398589064,12541.675485008818,10215.885361552027,6753.850088183422,5434.340388007055,5687.624338624339,4239.336860670194,4509.841269841269,4115.8059964726635,3160.222222222222,2928.061728395062,2393.4973544973545,2719.6278659611994,3021.8500881834216,2913.5238095238096,4330.342151675485,13655.444444444445,29051.283950617282,19550.920634920636,11544.067019400352,7755.793650793651,6153.978835978836,8215.035273368607,15361.342151675484,20343.557319223986,17206.130511463845,16627.513227513227,14083.437389770723,9382.78659611993,7845.664902998236,7173.7037037037035,4796.05114638448,3147.7178130511465,2535.873015873016,2246.0493827160494,1929.984126984127,2086.5008818342153,2482.7830687830688,3051.289241622575,4347.077601410935,3358.830687830688,2481.47442680776,2212.8536155202823,1982.1675485008818,1924.5961199294532,1763.8430335097003,2316.57848324515,2584.4973544973545,2230.9770723104057,1781.4585537918872,2213.05291005291,2408.2663139329807,3934.342151675485,5513.375661375661,4365.430335097002,3688.8589065255733,6586.363315696649,8889.301587301587,9246.305114638448,10562.940035273368,6748.534391534392,7554.391534391534,17195.696649029982,14568.507936507936,13622.656084656084,10666.925925925925,6661.2962962962965,5018.991181657849,4181.280423280423,3248.1428571428573,2989.322751322751,2913.671957671958,3002.8853615520284,2435.675485008818,2603.6296296296296,3069.065255731922,4556.42151675485,8369.862433862434,17105.663139329805,17890.41975308642,10542.84479717813,6888.024691358025,7016.3456790123455,9867.781305114639,8847.361552028218,5870.162257495591,5478.749559082892,4192.26455026455,3532.567901234568,3357.6666666666665,2678.194003527337,1984.7460317460318,1873.2398589065256,1662.9858906525574,1738.0493827160494,1485.7724867724867,1748.7142857142858,2693.6067019400352,5790.885361552028,17014.53439153439,17808.984126984127,10929.978835978836,7675.640211640211,5924.26102292769,6053.902998236332,4998.624338624339,3919.5044091710756,3505.99823633157,3484.99823633157,3140.3121693121693,4115.504409171076,4294.47442680776,3088.2169312169312,3097.135802469136,6103.7865961199295,4138.726631393298,2927.1499118165784,2153.511463844797,2277.712522045855,2705.8236331569665,2760.042328042328,2344.3968253968255,2820.1763668430335,3388.626102292769,3139.255731922399,4765.4338624338625,14572.603174603175,13638.188712522046,8962.536155202823,9982.805996472664,8835.712522045855,6496.460317460317,7755.716049382716,6210.285714285715,3967.5361552028216,2723.42151675485,2411.289241622575,1898.342151675485,2098.4673721340387,2530.9118165784835,2570.4091710758375,2198.3333333333335,2073.714285714286,1810.8271604938273,1838.2522045855378,2093.442680776014,2788.0776014109347,1830.716049382716,1718.2927689594355,1460.7442680776014,1459.0864197530864,1569.583774250441,1794.6543209876543,1708.1234567901236,1964.8236331569665,1618.2680776014108,1669.532627865961,1651.7178130511463,2109.093474426808,2161.1040564373898,2066.846560846561,2712.255731922399,4554.908289241623,4095.543209876543,3044.52557319224,2224.811287477954,1881.1305114638449,1626.6860670194003,1752.641975308642,1561.4744268077602,1699.2328042328043,1644.6931216931216,1674.5802469135801,2221.620811287478,2827.7495590828926,5121.659611992945,5516.910052910053,3783.1146384479716,4292.074074074074,7687.876543209876,7492.068783068783,5505.294532627866,4808.372134038801,6377.781305114639,5994.098765432099,5052.659611992945,5421.4708994709,4317.061728395061,3507.1340388007056,4943.456790123457,5273.47266313933,7175.2134038800705,11706.777777777777,7670.68430335097,5975.291005291006,6323.941798941799,4998.550264550265,4125.832451499118,3096.645502645503,2214.968253968254,2089.1428571428573,2249.694885361552,4441.269841269841,5598.573192239859,5018.610229276896,3994.8888888888887,2906.2134038800705,2379.0405643738977,3016.9929453262785,2687.804232804233,2733.4814814814813,2062.9753086419755,1963.0123456790122,2358.2716049382716,5157.932980599648,4961.989417989418,3747.9805996472664,2812.0158730158732,3154.6014109347443,3829.978835978836,4590.58201058201,6102.691358024691,10000.123456790123,6482.412698412699,6294.977072310406,8506.620811287477,10085.594356261023,9277.758377425043,13945.500881834216,8970.012345679012,5753.897707231041,4403.4338624338625,3439.8959435626102,2338.164021164021,1873.1534391534392,1443.3068783068784,1405.100529100529,1282.9506172839506,1621.8977072310406,2680.7019400352733,4020.3033509700176,2950.137566137566,2782.7513227513227,2782.0388007054676,3993.5396825396824,12229.754850088184,19445.349206349205,12047.186948853616,9135.701940035273,8871.435626102293,12632.42328042328,8560.751322751323,5792.543209876543,5623.673721340388,4195.962962962963,3039.0405643738977,2855.703703703704,5373.867724867725,12333.63668430335,12463.506172839507,7691.897707231041,4891.479717813051,3937.037037037037,3915.973544973545,3720.485008818342,3208.414462081129,5533.305114638448,7762.726631393298,12110.373897707232,11265.550264550264,24480.604938271605,29701.340388007055,19409.20987654321,14769.566137566138,22015.850088183422,18665.67195767196,13147.20987654321,8716.957671957673,6458.589065255732,5070.4708994709,3977.8853615520284,2803.4867724867727,2534.874779541446,3366.6031746031745,8846.05467372134,13725.089947089948,9500.594356261023,8396.79365079365,18799.3721340388,22546.67724867725,14895.425044091711,10528.546737213404,11487.647266313934,17315.977072310405,20639.657848324514,28742.59259259259,18986.571428571428,11479.726631393298,7613.966490299824,5293.5291005291,3900.809523809524,3519.36860670194,4093.3703703703704,2928.6560846560847,2397.1428571428573,1967.9964726631392,2385.215167548501,2949.4726631393296,4945.206349206349,15375.308641975309,18016.125220458554,11160.05643738977,8554.675485008818,7274.015873015873,5429.740740740741,3770.031746031746,3019.5502645502647,3135.1975308641977,9146.05643738977,16074.641975308641,10591.111111111111,10122.275132275132,11070.506172839507,8581.502645502645,14847.783068783068,14600.79012345679,9144.781305114639,5719.63315696649,4083.763668430335,3468.8289241622574,2887.9276895943563,2001.2275132275133,1758.1393298059966,1525.962962962963,1494.405643738977,1472.5520282186949,1564.4514991181659,1800.9347442680776,2166.880070546737,1672.1499118165784,2178.9929453262785,1954.7689594356261,1953.4955908289242,2127.3774250440915,2241.869488536155,2181.10582010582,1965.4038800705468,1617.294532627866,1800.6278659611994,1688.3703703703704,1797.5502645502645,1462.7089947089946,1310.4444444444443,1384.8095238095239,1499.851851851852,2184.9118165784835,4154.029982363316,4361.47266313933,5563.1252204585535,11413.493827160493,8630.89770723104,5955.216931216931,5559.63315696649,5971.379188712522,4453.950617283951,3223.5044091710756,2830.520282186949,2389.767195767196,2672.0917107583773,3403.395061728395,6703.26278659612,12848.20987654321,9225.146384479718,5929.373897707231,4948.887125220459,7448.139329805997,10851.345679012345,14842.500881834216,15004.876543209877,15251.283950617284,9581.019400352734,6439.913580246914,5463.169312169312,4287.984126984127,3086.3139329805995,2400.2821869488535,2299.278659611993,2552.7936507936506,6255.10758377425,6497.215167548501,6720.059964726632,7108.7671957671955,6392.329805996473,4764.730158730159,4223.350970017636,3342.257495590829,2669.9523809523807,2330.99823633157,2373.73721340388,2332.9559082892415,3906.093474426808,10543.467372134039,9565.888888888889,6834.813051146384,6601.255731922399,11465.989417989418,25339.58024691358,19260.130511463845,12228.763668430334,8322.985890652557,6241.1940035273365,4910.622574955908,5713.8994708994705,16507.15343915344,28210.492063492064,22238.615520282186,15093.174603174602,9931.682539682539,7356.447971781306,6880.552028218694,14155.615520282186,15380.564373897707,17650.186948853614,27276.500881834214,19850.885361552027,16542.858906525573,26056.20987654321,20786.776014109346,13147.654320987655,8447.78659611993,5877.887125220459,4434.109347442681,3270.9171075837744,2336.252204585538,2562.7601410934744,3700.673721340388,9061.913580246914,19545.285714285714,13969.659611992945,8778.783068783068,6893.227513227514,5821.802469135802,4282.68253968254,2952.901234567901,2667.689594356261,4396.795414462081,6609.571428571428,16018.821869488536,27468.596119929454,24823.59259259259,15195.26278659612,10256.622574955909,9755.761904761905,7105.271604938272,4711.700176366843,3600.5820105820108,3335.005291005291,3853.9029982363318,6408.506172839506,5124.2134038800705,3743.2733686067018,2914.3597883597886,3264.1446208112875,9257.019400352734,12695.294532627866,10745.813051146384,7515.666666666667,5207.557319223986,5065.423280423281,3694.8271604938273,2944.2433862433863,2527.6913580246915,2494.978835978836,3600.663139329806,11488.830687830688,11465.94356261023,7381.216931216931,5049.643738977073,4922.190476190476,8999.291005291005,21393.696649029982,21056.772486772486,13393.146384479718,8933.301587301587,6188.680776014109,4353.9876543209875,3604.0758377425045,4726.037037037037,5106.543209876543,7120.081128747795,12628.772486772486,8552.280423280423,6602.638447971782,5996.31569664903,4584.94708994709,3182.7601410934744,2817.3139329805995,2629.8447971781306,2504.386243386243,2200.9523809523807,3461.9135802469136,8500.26631393298,13072.83774250441,9240.767195767196,7837.917107583774,5138.99647266314,3722.7707231040563,2903.5767195767194,2561.477954144621,2335.816578483245,5121.079365079365,16543.94708994709,23625.640211640213,16452.768959435627,10150.097001763668,6596.701940035274,4739.973544973545,3338.4656084656085,2621.511463844797,2349.671957671958,3066.382716049383,2751.520282186949,3127.9294532627864,3566.689594356261,7365.746031746032,18159.871252204586,21115.698412698413,17167.85714285714,14607.250440917107,18895.968253968254,13533.26631393298,8262.310405643739,5686.252204585538,4288.333333333333,3546.9435626102295,3080.5626102292767,2976.708994708995,4272.989417989418,4337.837742504409,3464.1657848324517,4831.707231040565,10983.185185185184,8387.432098765432,5433.446208112875,5331.977072310406,7272.763668430335,5825.931216931217,7130.349206349207,13359.613756613757,9678.691358024691,6505.860670194003,4491.456790123457,4692.804232804233,12789.509700176366,15079.068783068784,10215.178130511464,6870.458553791887,4911.155202821869,4787.026455026455,6706.679012345679,7235.587301587301,4997.927689594357,4471.347442680776,3001.1022927689596,2594.4708994708994,2638.8342151675483,2307.195767195767,2100.246913580247,1896.546737213404,1559.2028218694886,1468.0123456790122,1605.583774250441,2078.772486772487,1698.1516754850088,1660.2980599647267,1393.0582010582011,1861.7971781305114,3676.742504409171,4191.405643738977,3817.005291005291,5572.8059964726635,4914.479717813051,5912.148148148148,11428.084656084657,8488.94532627866,5641.033509700176,4648.167548500882,9864.902998236332,11851.763668430334,7176.074074074074,4754.673721340388,3621.8853615520284,4316.377425044092,4402.322751322751,3615.373897707231,4818.402116402116,13372.091710758377,10710.241622574957,7395.597883597884,6904.42151675485,14123.0582010582,11374.543209876543,7236.446208112875,4770.0317460317465,4241.6984126984125,3375.1781305114637,2896.7072310405642,2043.6031746031747,1781.485008818342,2479.310405643739,2863.8606701940034,2202.804232804233,2186.8977072310404,1848.3350970017636,1663.5749559082892,1322.514991181658,1366.4109347442682,1318.6014109347443,2109.6649029982364,2275.1869488536154,2305.5608465608466,2713.84126984127,2468.6384479717813,1957.2116402116403,1881.6913580246915,2132.6966490299824,2315.721340388007,1630.8712522045855,1841.1075837742505,2492.283950617284,3348.816578483245,4254.679012345679,4969.885361552028,4149.0317460317465,4526.114638447972,3773.4638447971784,4452.881834215167,3265.9294532627864,3497.9506172839506,3466.611992945326,2807.9523809523807,2258.7918871252205,2064.347442680776,2089.3597883597886,3286.4550264550267,8033.134038800706,8261.26631393298,5446.536155202822,3789.4673721340387,2740.0,2170.7936507936506,1709.2063492063492,1708.8007054673722,1495.7636684303352,1628.2380952380952,1566.5379188712523,2139.10582010582,2210.3174603174602,2207.8871252204585,1929.5978835978835,2011.6807760141094,3266.5008818342153,5497.118165784833,5712.927689594357,5691.26455026455,4893.500881834215,7426.320987654321,18284.26631393298,14025.417989417989,9251.79365079365,6916.9876543209875,5523.419753086419,3675.6666666666665,2559.0776014109347,2156.774250440917,1945.116402116402,1788.9453262786596,1459.8342151675486,1570.4409171075838,1799.8941798941798,2498.708994708995,3204.5185185185187,4091.763668430335,2797.3809523809523,2163.7301587301586,1656.0670194003528,1541.9082892416225,1301.3968253968253,1897.342151675485,2119.800705467372,1932.6384479717813,1575.4497354497355,2630.9488536155204,2642.641975308642,2198.9964726631392,2038.705467372134,2300.5132275132273,1961.5185185185185,1641.2310405643739,1324.6278659611994,1310.8641975308642,1145.2751322751324,1437.3350970017636,1483.8959435626102,1523.0740740740741,1339.0017636684304,1319.047619047619,1156.7248677248676,1249.5273368606702,1156.6137566137565,1459.9964726631392,1227.7248677248676,1457.7089947089946,1714.500881834215,2040.6490299823633,4147.169312169312,6439.784832451499,5503.246913580247,3731.0793650793653,2479.035273368607,2156.347442680776,1872.5432098765432,1836.7336860670193,1676.5749559082892,1629.668430335097,1387.015873015873,1503.095238095238,1768.514991181658,3781.9611992945324,14013.58553791887,12586.153439153439,8019.58201058201,6010.931216931217,4631.994708994709,3206.645502645503,2203.744268077601,2261.5820105820108,3431.5961199294534,2749.451499118166,2040.9982363315696,1788.483245149912,1480.2398589065256,1397.4726631393298,1276.2063492063492,1842.9417989417989,3248.8712522045857,3208.611992945326,2190.774250440917,1916.7231040564375,2109.543209876543,2609.4761904761904,2151.7619047619046,2064.3068783068784,1591.7037037037037,1579.7636684303352,1284.7037037037037,1371.8483245149912,1633.4356261022929,3636.679012345679,2886.4938271604938,2155.613756613757,1654.4514991181659,1758.8536155202821,2217.005291005291,2042.373897707231,1555.7989417989418,1516.1181657848324,1168.0458553791887,1155.500881834215,1199.679012345679,1277.9594356261023,1441.694885361552,2361.994708994709,6188.458553791887,7273.132275132275,4853.1887125220455,4170.57495590829,5498.804232804233,5878.044091710758,4067.130511463845,4980.99647266314,3615.1446208112875,2846.268077601411,2014.962962962963,1717.7830687830688,1367.8871252204585,1393.6384479717813,1155.716049382716,1314.042328042328,1218.516754850088,1531.721340388007,1911.8800705467372,2496.074074074074,1947.1834215167548,1701.0229276895943,1537.8659611992946,2234.4726631393296,3005.5449735449733,4850.001763668431,18472.333333333332,35851.79541446208,22894.47266313933,13361.537918871252,8365.906525573193,5526.2574955908285,3426.232804232804,2393.804232804233,1670.7142857142858,1570.148148148148,1394.4391534391534,1511.9770723104057,1597.5114638447972,1730.1693121693122,1566.8659611992946,1607.4426807760142,1818.8783068783068,2388.0088183421517,2008.8765432098764,1890.7760141093474,1540.6119929453264,1649.1569664902997,1778.7760141093474,2002.2239858906526,1759.1075837742505,1826.310405643739,1549.6543209876543,1608.9294532627866,1615.758377425044,2641.5925925925926,4564.3456790123455,14297.278659611993,29604.668430335096,18913.123456790123,10753.086419753086,7152.507936507936,4600.813051146384,3681.4673721340387,4152.594356261023,4538.813051146384,4047.9753086419755,2942.4638447971784,2141.514991181658,2229.3615520282187,3114.5238095238096,8053.243386243386,26529.701940035273,19887.543209876545,10976.57848324515,7289.238095238095,5149.354497354498,4065.100529100529,2869.3439153439153,2428.227513227513,3192.2451499118165,4088.2751322751324,2726.680776014109,2352.0917107583773,2145.4620811287477,2055.5643738977074,2183.753086419753,2281.772486772487,1814.8024691358025,1632.6331569664903,1421.5044091710758,1407.9559082892417,1558.0299823633156,1896.432098765432,2523.1746031746034,3688.5873015873017,3518.15873015873,2622.41975308642,1992.8500881834216,1801.500881834215,1392.3509700176367,1339.3968253968253,1214.1093474426807,1335.0987654320988,1163.657848324515,1221.9929453262787,1193.1887125220458,1255.20987654321,1239.899470899471,1375.7830687830688,1074.0123456790122,1135.968253968254,1039.7301587301588,1260.530864197531,1446.241622574956,1893.8465608465608,1509.3509700176367,1449.8712522045855,1757.2204585537918,1927.095238095238,1461.8694885361551,1328.6490299823633,1329.0546737213404,1513.9029982363315,1611.5802469135801,1510.499118165785,1170.1746031746031,1195.888888888889,1144.8007054673722,1500.111111111111,1326.8924162257495,1262.0670194003528,1172.1128747795415,1424.931216931217,1822.5097001763668,3299.6349206349205,2273.1499118165784,1866.4356261022929,1827.6613756613756,2774.255731922399,1932.57848324515,1586.68430335097,1286.8500881834216,1293.8112874779542,1359.467372134039,1602.05291005291,1376.516754850088,1949.20987654321,1702.8977072310406,1459.0511463844798,1192.931216931217,1194.936507936508,1145.805996472663,1621.8959435626102,5169.072310405643,5816.657848324515,3594.296296296296,2904.232804232804,2170.00176366843,1717.4444444444443,1802.116402116402,1946.5255731922398,1562.9982363315696,1526.2910052910054,1366.5890652557318,1291.3932980599648,1199.2539682539682,1760.3192239858906,1919.8747795414463,1698.015873015873,2360.2927689594358,2665.231040564374,1739.3174603174602,1555.1340388007054,1214.7142857142858,1228.4938271604938,1283.9118165784832,2530.7865961199295,12081.590828924162,12138.714285714286,7468.139329805997,4965.9929453262785,4185.137566137566,5655.093474426808,3521.848324514991,2292.201058201058,1944.9259259259259,2755.130511463845,2173.6384479717813,1649.4109347442682,1244.6067019400352,1228.562610229277,1131.8906525573193,1205.583774250441,1101.641975308642,1199.5485008818341,1365.6649029982364,1951.4285714285713,6952.059964726632,19399.791887125222,14847.190476190477,7895.072310405643,4602.504409171076,2930.816578483245,1857.694885361552,1846.984126984127,2327.0705467372136,1944.6984126984128,1635.6719576719577,2069.432098765432,1799.283950617284,1623.8765432098764,1313.7037037037037,1455.8430335097003,1561.5573192239858,1574.037037037037,1884.336860670194,4119.486772486773,6499.596119929453,5793.273368606702,3739.4656084656085,2918.73544973545,4264.998236331569,3819.6878306878307,3576.8765432098767,3224.830687830688,2769.6931216931216,2164.679012345679,1639.705467372134,1465.5273368606702,1259.8042328042327,1253.873015873016,1043.3950617283951,1077.4514991181659,1029.8324514991182,1119.5026455026455,1025.1040564373898,1200.7724867724867,1016.1640211640212,1092.668430335097,930.36860670194,1065.5661375661375,1095.5185185185185,1317.2045855379188,1188.4920634920634,1223.116402116402,1214.6649029982364,1941.7883597883597,2027.978835978836,2560.354497354497,2583.694885361552,2349.835978835979,2051.9276895943563,1768.0564373897707,1728.57848324515,2581.3139329805995,3729.195767195767,3379.7918871252205,2717.1393298059966,2374.1446208112875,1879.485008818342,1660.8042328042327,1390.7477954144622,1337.5873015873017,1206.1957671957673,1533.0564373897707,4041.0158730158732,7193.430335097002,4765.201058201058,3230.6243386243386,2076.899470899471,1841.5820105820105,2904.0917107583773,2801.446208112875,2044.2592592592594,2692.4550264550267,7776.077601410935,10856.065255731923,10101.78659611993,5839.3456790123455,3435.936507936508,2443.599647266314,1799.1798941798943,2443.747795414462,6112.10405643739,4892.562610229277,2744.342151675485,1910.5573192239858,1400.0194003527338,1300.0723104056437,1524.2028218694886,2998.5767195767194,3009.6649029982364,2887.8253968253966,2096.1040564373898,2411.3597883597886,7160.199294532628,11819.144620811287,13606.291005291005,7611.857142857143,4130.419753086419,3292.9523809523807,5020.758377425044,15338.227513227514,10334.73544973545,5255.199294532628,3941.7830687830688,3351.994708994709,1972.2962962962963,1656.9700176366844,1287.7971781305114,1392.320987654321,1584.126984126984,1479.7865961199295,1336.9700176366844,1610.710758377425,1497.79012345679,1998.0070546737213,4023.1552028218694,3148.26278659612,1771.469135802469,1455.084656084656,1134.8924162257495,1249.8659611992946,1550.0458553791887,1387.904761904762,1098.716049382716,1336.6119929453264,1853.4479717813051,2087.9770723104057,1780.4920634920634,2638.0705467372136,2048.8871252204585,2034.4603174603174,4616.347442680776,4167.850088183422,2614.8342151675483,1927.178130511464,1536.499118165785,3354.1746031746034,3390.9858906525574,2276.5696649029983,2213.3650793650795,3329.5079365079364,2814.2504409171074,3378.4338624338625,3208.074074074074,2996.671957671958,5547.970017636684,10320.543209876543,6743.827160493827,3783.8342151675483,2233.1340388007056,1816.3915343915344,1336.9188712522046,1289.2751322751324,1140.1516754850088,1244.305114638448,1421.5432098765432,3188.8606701940034,6859.102292768959,4938.146384479718,2843.2345679012346,3738.862433862434,10937.626102292768,9313.881834215168,4619.1005291005295,2989.941798941799,2693.7707231040563,3930.8712522045857,3945.4497354497353,3315.99823633157,2300.253968253968,1728.469135802469,1210.500881834215,1084.5555555555557,1059.5485008818341,1218.4074074074074,1062.467372134039,1052.0970017636685,1213.1728395061727,1943.352733686067,1790.6649029982364,1649.3139329805997,2034.0582010582011,4035.3668430335097,3466.05291005291,2460.716049382716,1838.9241622574955,4932.359788359789,12821.142857142857,18988.492063492064,11756.673721340389,5258.165784832451,2528.5908289241625,1692.4038800705468,1215.9188712522046,1561.5026455026455,1430.8447971781304,1299.7707231040565,1092.2592592592594,1142.9135802469136,1030.3721340388006,1122.957671957672,1082.2028218694886,1359.342151675485,1505.9700176366844,2707.119929453263,12452.726631393298,21856.42680776014,12167.707231040564,5321.8994708994705,2787.9911816578483,1841.1252204585537,1327.1657848324514,1372.9611992945327,1287.5044091710758,1269.4779541446208,1168.0828924162258,1184.063492063492,1241.8853615520281,1496.626102292769,1702.2081128747795,1691.467372134039,1419.9223985890653,1507.0493827160494,1598.373897707231,3897.673721340388,14488.26631393298,28958.09700176367,22387.47442680776,9709.537918871252,4287.485008818342,2507.925925925926,1792.8853615520281,1823.2821869488537,1385.5114638447972,1268.6931216931216,1202.984126984127,1319.8624338624338,1156.626102292769,1222.4938271604938,1002.9382716049382,1024.9188712522046,1156.6825396825398,1176.0282186948853,1093.7671957671957,1454.352733686067,3948.1781305114637,6223.594356261023,3533.9241622574955,1930.6384479717813,1274.3915343915344,1229.9823633156966,1409.8483245149912,1447.7089947089946,1156.5132275132275,1240.68430335097,1094.962962962963,1239.5485008818341,1160.867724867725,1300.299823633157,1335.6349206349207,1481.9382716049383,1285.7089947089946,1361.3703703703704,1213.4285714285713,1272.4708994708994,1254.8183421516756,3155.1287477954143,7874.864197530864,7175.776014109348,3225.2698412698414,1826.1516754850088,1220.851851851852,1098.5749559082892,1156.6543209876543,1623.1040564373898,2215.8024691358023,6382.4532627865965,8771.611992945327,5236.567901234568,2566.1146384479716,1701.2151675485009,1278.2857142857142,1354.4726631393298,1155.7495590828923,1160.710758377425,1053.2063492063492,1203.8783068783068,1318.9700176366844,1685.7407407407406,1551.8977072310406,1870.3386243386244,4917.447971781306,17641.980599647268,22793.970017636686,12419.112874779541,5716.0952380952385,3307.6296296296296,1879.116402116402,1447.8253968253969,1026.8306878306878,1120.31569664903,956.925925925926,1018.6349206349206,981.8712522045855,1283.9435626102293,3061.710758377425,4644.666666666667,3040.915343915344,1741.7601410934744,1217.562610229277,1136.6807760141094,992.9029982363315,1065.7231040564375,930.4144620811287,1054.8042328042327,906.063492063492,1088.594356261023,1032.3668430335097,1094.1834215167548,1103.278659611993,1114.888888888889,983.1005291005291,1271.68430335097,1743.2680776014108,6640.507936507936,17949.772486772486,23364.15873015873,12821.32098765432,5744.991181657849,2871.0440917107585,1878.8483245149912,1204.1499118165784,1173.2134038800705,1008.1604938271605,1082.278659611993,887.8306878306878,984.8553791887125,1045.5873015873017,1086.283950617284,988.2874779541446,1049.5925925925926,947.0881834215168,1059.9982363315696,942.2134038800706,1077.8253968253969,1598.2469135802469,2670.2733686067018,3030.9541446208113,2075.0723104056437,1286.4902998236332,1140.2398589065256,957.0458553791888,1064.6084656084656,929.6402116402116,1040.9435626102293,952.3403880070547,1020.6560846560847,1012.3827160493827,1163.4656084656085,1127.641975308642,1164.0176366843034,1020.1499118165785,1130.857142857143,998.3333333333334,1149.1410934744267,1080.1216931216932,1123.8042328042327,932.9559082892416,1017.5855379188713,1070.0828924162258,1015.7548500881834,982.8042328042328,1111.936507936508,1166.5432098765432,1798.352733686067,2228.767195767196,2743.3492063492063,1874.2169312169312,1343.148148148148,1002.936507936508,1023.4021164021163,948.2786596119929,1043.9541446208113,877.7231040564374,1019.2063492063492,1014.5467372134038,1276.615520282187,1232.7936507936508,1154.6049382716049,999.1252204585538,1069.4444444444443,1004.5308641975308,1083.7671957671957,937.8800705467372,1079.7883597883597,954.9629629629629,1090.485008818342,1002.7724867724868,1042.8183421516756,912.0705467372134,1049.5608465608466,1151.2469135802469,1415.2469135802469,1386.0246913580247,1634.8818342151676,1377.5820105820105,1628.7178130511463,1783.9100529100529,1988.9294532627866,1442.7707231040565,1210.9559082892417,1009.0687830687831,1089.5696649029983,1084.3086419753085,1241.4444444444443,1149.6507936507937,1264.857142857143,1518.3403880070546,2081.26278659612,2458.8553791887125,2427.804232804233,1552.5255731922398,1226.3703703703704,1066.021164021164,1103.7530864197531,992.8536155202822,1153.742504409171,1082.336860670194,1335.2522045855378,1431.0934744268077,2490.252204585538,7528.037037037037,16303.153439153439,23324.077601410936,25669.432098765432,14371.31922398589,6108.246913580247,2687.8853615520284,1851.8659611992946,1397.6067019400352,1470.9964726631392,1626.2504409171077,1928.1463844797179,1853.716049382716,1683.94708994709,1320.4479717813051,1368.3756613756614,1315.8289241622574,1381.899470899471,1208.116402116402,1180.0405643738977,989.5855379188713,1098.015873015873,898.1834215167548,1115.5749559082892,960.9135802469136,1068.8641975308642,941.4620811287477,981.1305114638448,857.2945326278659,944.5414462081129,924.0070546737213,1034.8694885361551,890.8271604938271,1014.0864197530864,1256.0440917107583,1368.9611992945327,1278.0070546737213,1426.2063492063492,1356.7301587301588,2790.814814814815,7334.754850088183,11764.513227513227,15638.820105820107,16509.079365079364,9487.005291005291,4076.9223985890653,2144.7336860670193,1870.8412698412699,1779.2363315696648
580.4094903339192,502.713532513181,529.2934973637962,464.8084358523726,591.4833040421793,430.23022847100174,541.0597539543058,524.133567662566,557.3514938488577,525.7416520210896,580.7469244288225,508.61687170474517,615.091388400703,476.1458699472759,592.6924428822496,615.0896309314587,654.195079086116,613.585237258348,593.5202108963093,568.286467486819,606.9789103690686,569.4745166959578,676.5237258347979,600.0333919156415,694.2056239015817,677.5536028119508,649.7908611599297,593.0720562390159,641.1845342706503,581.3374340949033,691.597539543058,611.0527240773287,706.9279437609841,636.7855887521969,709.1652021089631,609.9455184534271,729.4868189806679,592.0738137082601,709.9912126537786,598.152899824253,711.5922671353252,640.5887521968366,626.6643233743409,717.6010544815466,668.9560632688928,534.5887521968366,648.0509666080843,726.9648506151142,750.4903339191565,628.854130052724,721.1195079086116,691.140597539543,714.3760984182777,690.3620386643233,744.1792618629174,598.5887521968366,724.3567662565905,652.8681898066784,689.7047451669596,633.8066783831283,701.3374340949033,638.8506151142356,687.6010544815466,624.0228471001758,738.6432337434095,654.6783831282953,728.4780316344464,670.7838312829525,621.1124780316344,729.2231985940246,680.9789103690686,668.8787346221441,727.6256590509666,643.8892794376098,712.8066783831283,678.6115992970123,741.9297012302285,679.3708260105448,693.1001757469244,822.7785588752197,771.9437609841827,672.8892794376098,732.9279437609841,716.6520210896309,741.9648506151142,695.3128295254833,779.9947275922672,651.6028119507909,710.091388400703,710.8277680140598,747.817223198594,659.6537785588753,778.274165202109,761.7152899824254,724.9349736379613,747.4815465729349,751.9402460456942,725.3954305799648,789.5289982425307,700.9349736379613,790.0193321616872,716.9841827768014,749.6186291739895,705.4991212653779,681.1353251318102,695.0790861159929,809.3304042179262,666.9314586994727,765.5905096660808,700.3005272407732,645.5114235500879,837.5905096660808,832.3321616871705,742.5623901581722,776.4604569420035,735.8400702987698,841.8629173989456,715.4411247803164,798.3848857644991,769.7697715289983,769.4903339191565,775.5413005272408,823.3181019332162,737.8154657293497,795.7469244288225,707.323374340949,767.274165202109,721.7820738137083,843.6924428822496,796.9261862917399,817.4833040421793,760.9718804920914,840.0439367311072,737.4604569420035,753.688927943761,739.4745166959578,819.2934973637962,778.0474516695958,822.1001757469244,669.4499121265378,772.2688927943761,690.0035149384886,675.5237258347979,821.96309314587,857.8312829525483,756.1230228471002,777.3532513181019,773.3075571177504,785.4323374340948,798.1599297012302,787.3690685413005,727.597539543058,767.158172231986,746.427065026362,847.1019332161687,800.0843585237259,787.4534270650264,781.9666080843585,766.298769771529,688.0404217926186,829.9982425307558,797.2548330404218,765.1968365553603,778.4745166959578,831.3655536028119,775.0035149384886,798.2653778558876,797.0052724077328,846.8822495606327,717.8892794376098,867.0404217926186,798.0667838312829,844.0456942003515,772.3813708260105,740.7644991212654,868.4727592267135,888.7855887521969,776.6397188049209,852.3567662565905,758.152899824253,897.1511423550088,791.4358523725834,802.170474516696,801.439367311072,769.9771528998242,756.9947275922672,833.9156414762741,814.3954305799648,793.2161687170475,822.7065026362038,824.847100175747,809.3304042179262,842.2688927943761,775.2355008787346,859.8207381370826,767.5289982425307,861.6379613356767,818.1933216168717,827.5764499121266,885.7398945518454,804.2442882249561,834.1142355008787,874.9771528998242,824.1845342706503,851.1265377855888,773.9314586994727,734.128295254833,910.6713532513181,818.4077328646748,835.4077328646748,872.8101933216169,806.1739894551845,862.6256590509666,796.5342706502636,856.1898066783831,815.3251318101933,863.377855887522,782.1265377855888,819.5922671353252,793.5096660808435,844.5694200351494,840.4727592267135,878.3409490333919,811.4428822495606,874.7223198594024,863.0105448154658,832.7574692442882,786.1687170474517,818.6379613356767,868.4534270650264,877.609841827768,845.207381370826,867.9824253075572,875.0052724077328,864.9068541300527,872.847100175747,804.7908611599297,783.2530755711775,784.2196836555361,916.7434094903339,868.4481546572935,828.140597539543,790.3919156414763,816.6959578207382,827.3673110720563,809.6485061511423,850.0193321616872,755.0193321616872,813.2952548330404,838.3550087873463,787.0351493848858,832.0035149384886,771.7803163444639,773.2776801405976,840.0158172231986,796.1669595782074,797.7188049209138,807.6994727592268,843.2214411247803,834.9947275922672,835.1318101933216,856.2671353251318,871.7100175746924,767.0720562390159,890.9437609841827,809.6309314586995,843.0738137082601,883.451669595782,835.6871704745167,812.3427065026362,879.286467486819,945.1775043936731,896.5623901581722,813.4551845342706,944.1089630931459,857.4534270650264,865.3321616871705,867.5166959578207,852.8646748681898,845.9349736379613,881.0773286467487,779.4463971880492,814.0949033391915,849.2302284710017,846.9068541300527,883.115992970123,859.2688927943761,877.2267135325131,855.9578207381371,781.4165202108964,879.829525483304,809.8506151142356,837.2144112478031,843.548330404218,874.804920913884,846.585237258348,886.609841827768,798.7521968365554,863.158172231986,817.884007029877,862.2425307557118,814.4182776801406,787.1124780316344,976.0386643233743,899.2021089630931,893.3884007029877,833.0861159929701,812.3831282952548,863.98769771529,840.0615114235501,855.152899824253,887.5026362038665,828.2355008787346,834.7240773286468,893.3743409490334,830.7434094903339,912.5518453427065,816.2091388400703,846.725834797891,868.0439367311072,897.3198594024605,856.1441124780316,899.3725834797891,900.6537785588753,893.377855887522,847.4499121265378,880.560632688928,891.4657293497364,839.5202108963093,915.9173989455185,916.0562390158173,857.0685413005273,900.725834797891,812.0439367311072,778.7275922671354,1016.0966608084359,1044.7311072056239,927.0826010544815,916.7117750439368,908.3057996485062,950.2196836555361,846.7627416520211,920.7961335676625,841.4586994727592,882.0615114235501,938.5799648506152,823.713532513181,918.0298769771529,978.0070298769772,921.5096660808435,963.548330404218,908.1985940246045,917.1652021089631,901.3040421792618,941.98769771529,940.9384885764499,928.7644991212654,890.2724077328646,898.8646748681898,891.4253075571178,874.859402460457,880.2583479789104,930.4042179261863,927.5360281195079,931.859402460457,852.1722319859402,823.3462214411247,959.866432337434,957.0579964850615,918.4692442882249,941.2425307557118,987.8998242530756,1067.1511423550087,1006.5026362038665,955.5905096660808,915.5149384885765,915.1546572934974,919.6028119507909,968.6854130052724,914.1423550087874,933.0808435852373,971.1546572934974,979.7451669595782,963.8980667838313,984.4323374340948,911.4622144112478,1001.4868189806679,930.0439367311072,982.8699472759226,960.7504393673111,1037.407732864675,1010.1722319859402,949.5536028119508,931.585237258348,960.6977152899824,909.9648506151142,958.3989455184534,925.3040421792618,851.4657293497364,1058.5166959578207,947.6713532513181,964.7785588752197,996.7029876977153,940.6572934973638,1023.0105448154658,962.854130052724,973.6801405975395,1036.8435852372584,1017.5342706502636,944.4112478031634,1003.5430579964851,937.3040421792618,946.866432337434,1001.2161687170475,1063.3181019332162,1028.0597539543057,1069.8558875219683,1003.1124780316344,1023.817223198594,979.5571177504394,982.4340949033392,1038.1933216168718,990.6854130052724,998.0351493848858,1061.9595782073814,1030.7170474516695,1040.0158172231986,1014.5114235500879,1052.6414762741651,919.4586994727592,973.8383128295255,1196.121265377856,1022.7891036906855,1105.8980667838314,1075.627416520211,1040.9929701230228,1138.5817223198594,1187.9964850615115,1245.829525483304,1062.1862917398946,1056.212653778559,978.2056239015817,970.8031634446397,1024.9367311072056,1049.1862917398946,1001.7504393673111,1056.8857644991213,1004.6555360281195,1056.5694200351493,1032.8137082601054,1009.377855887522,989.0052724077328,1081.7539543057997,1003.8224956063269,1066.9841827768014,1119.664323374341,1090.165202108963,1022.3989455184534,958.6045694200352,964.7680140597539,1005.6151142355009,942.1616871704745,956.3304042179262,1078.4340949033392,1090.04920913884,957.0316344463972,1002.5500878734622,1052.6994727592266,1210.4428822495606,1166.3989455184535,1148.6063268892794,976.1862917398945,1028.0984182776801,1019.7592267135325,1051.543057996485,1166.3268892794376,1193.2460456942003,1153.708260105448,1005.792618629174,989.0931458699473,1012.1792618629174,1027.2407732864674,1135.994727592267,1106.8945518453427,1081.8558875219683,1032.1845342706504,1062.7152899824252,1073.9191564147627,1259.5659050966608,1237.04920913884,1283.6485061511423,1110.4200351493848,1086.0632688927944,991.8576449912126,983.0544815465729,1116.1142355008787,1061.6783831282953,979.4253075571178,1088.4059753954307,1091.5518453427064,1087.896309314587,1109.2724077328646,1084.2759226713533,1038.8629173989455,1086.4850615114235,1115.469244288225,1216.353251318102,1036.1353251318103,1105.4358523725834,1113.6818980667838,1179.1687170474518,1171.7240773286467,1135.530755711775,1055.7768014059754,1230.738137082601,1156.2003514938488,1110.7486818980667,1090.3796133567662,1132.4059753954307,1127.933216168717,1185.0773286467486,1122.427065026362,1099.4358523725834,1031.3462214411247,1111.5588752196836,1047.0632688927944,958.2091388400703,1160.903339191564,1115.1722319859402,1084.7275922671354,1102.323374340949,1137.1511423550087,1228.3567662565906,1086.0123022847101,1164.1282952548331,1192.0087873462214,1089.5571177504394,1128.1300527240774,1111.0650263620387,989.2636203866432,1150.7416520210895,1079.5764499121265,1079.592267135325,998.9015817223199,1122.6326889279437,1080.3304042179261,1064.8804920913883,1069.646748681898,1040.1511423550087,997.5746924428822,1098.9297012302284,1061.0509666080843,1090.1072056239016,1092.5641476274166,1156.2741652021089,1031.4094903339192,1115.980667838313,1039.432337434095,1090.3620386643233,1108.2530755711775,1195.261862917399,1178.1546572934974,1132.3567662565906,1189.0369068541302,1277.0720562390159,1160.3093145869948,1213.6555360281195,1164.4165202108964,1296.0509666080843,1180.8822495606328,1219.7592267135326,1167.5746924428822,1017.9033391915641,1100.4059753954307,1210.622144112478,1169.4850615114235,1188.8629173989455,1044.8154657293496,1071.291739894552,1053.7891036906854,1264.4200351493848,1311.9894551845343,1253.476274165202,1114.1845342706504,1042.7732864674867,1003.7697715289983,1201.0281195079085,1138.02460456942,1299.9912126537786,1152.091388400703,1107.4446397188049,1274.0685413005272,1421.9841827768014,1279.0333919156415,1154.0773286467486,1033.3936731107206,1087.07381370826,1036.9121265377855,1122.1915641476273,1143.7451669595782,1156.1634446397188,1088.1230228471002,1076.414762741652,1036.597539543058,1163.256590509666,1157.2108963093146,1266.1669595782073,1045.1423550087873,1151.5588752196836,1017.0175746924428,1118.6239015817223,1117.5641476274166,1382.884007029877,1057.7275922671354,1040.2530755711775,1002.1775043936731,1132.4393673110721,1151.0702987697716,1279.8734622144113,1046.4358523725834,1041.0456942003516,932.7398945518454,1082.0755711775043,1263.3286467486819,1245.6309314586995,1075.8453427065026,1121.3321616871706,1061.311072056239,1212.231985940246,1142.0210896309316,1147.6432337434094,1117.2038664323375,1120.4499121265378,1192.456942003515,1267.5342706502636,1083.8084358523727,1021.3585237258347,1083.8822495606328,1298.5553602811951,1443.4903339191565,1612.4991212653779,1248.8488576449913,1208.4446397188049,1105.810193321617,1098.9912126537786,1064.4288224956063,1110.5202108963092,1072.8717047451669,1290.2794376098418,1054.792618629174,1072.8418277680141,962.2583479789104,1012.6467486818981,957.0861159929701,1010.9191564147627,1079.402460456942,1240.9789103690684,1189.553602811951,1097.8383128295254,1010.3391915641477,1100.5377855887523,1061.244288224956,1138.4850615114235,1161.1528998242532,1114.548330404218,1018.6695957820738,1031.1985940246045,980.5131810193321,1034.0158172231986,995.8084358523726,1112.9982425307558,1076.1757469244287,1162.2882249560632,1177.4885764499122,1346.2952548330404,1074.5413005272408,1096.8137082601054,1009.1370826010544,1025.427065026362,977.3391915641477,1108.708260105448,1040.5008787346221,1209.6678383128294,1257.4639718804922,1558.1546572934974,1642.1001757469244,1210.0404217926186,1187.0615114235502,1201.9595782073814,1117.3198594024605,1561.0562390158173,1844.3374340949033,1728.8066783831282,1931.3673110720563,1570.4182776801406,1092.1265377855887,1162.5711775043937,1063.8998242530756,1179.7521968365554,1187.9437609841827,1530.0087873462214,1924.688927943761,1607.2776801405976,1402.316344463972,1571.8804920913883,1449.8365553602812,1494.8119507908611,1416.3251318101934,1839.2284710017575,2758.9472759226715,3399.439367311072,2593.6572934973638,1946.281195079086,1544.1335676625658,1514.8804920913883,1655.3251318101934,2461.231985940246,2850.9595782073816,1624.713532513181,1389.0720562390159,1341.817223198594,1354.0949033391917,1364.92618629174,1176.6010544815465,1322.688927943761,1244.182776801406,1627.7486818980667,1781.8400702987697,1474.3989455184535,1152.572934973638,1245.0527240773285,1207.8980667838314,1539.4991212653779,2039.646748681898,2592.797891036907,2814.158172231986,2315.1722319859405,1503.3866432337434,1793.8207381370826,1451.9894551845343,1437.6326889279437,1629.9683655536028,2102.6239015817223,1813.3304042179261,1391.9297012302284,1514.8558875219683,1446.353251318102,1455.7574692442881,1996.0702987697716,1674.8014059753955,1468.3304042179261,1660.9736379613357,1533.02460456942,1225.5325131810193,1384.1476274165202,1636.0263620386643,2308.9156414762742,1864.115992970123,1910.743409490334,1624.1124780316345,1407.256590509666,1289.0369068541302,1334.1388400702988,1449.7697715289983,1848.3444639718805,2037.7662565905096,1953.4674868189807,2594.8031634446397,3350.3251318101934,4118.536028119508,3185.553602811951,2568.671353251318,2003.3514938488577,1809.572934973638,1522.6256590509665,1219.9525483304042,1362.2513181019333,1549.2355008787347,2033.8664323374342,2575.829525483304,1812.810193321617,1356.5131810193323,1330.6854130052725,1488.091388400703,1534.1862917398946,1163.0316344463972,1403.622144112478,1490.97539543058,2054.785588752197,3089.3391915641478,3817.516695957821,1860.8769771528998,1474.646748681898,1396.4112478031634,1871.8752196836556,2457.202108963093,2306.806678383128,1540.1845342706504,1459.9876977152899,1382.365553602812,1677.335676625659,1565.9560632688929,1933.0562390158173,2724.8594024604567,3769.785588752197,2339.553602811951,2342.2970123022847,2618.3374340949035,1756.5764499121265,1395.1915641476273,1514.817223198594,1788.780316344464,2725.565905096661,3471.534270650264,2572.156414762742,1762.8892794376097,1889.1124780316345,2399.407732864675,1623.4657293497364,1229.8646748681897,1379.2653778558874,1233.8769771528998,1318.994727592267,1295.3268892794376,1570.1441124780317,1257.8945518453427,1371.0369068541302,1229.8629173989455,1240.9472759226715,1152.676625659051,1282.4868189806677,1345.5746924428822,1754.4604569420035,1699.9490333919157,1963.3673110720563,1409.8330404217927,1412.6713532513181,1215.4622144112477,1324.627416520211,1440.4305799648507,1687.4920913884007,1698.9297012302284,1827.768014059754,1742.9543057996484,1708.0351493848857,1515.6449912126538,1687.0,1909.6608084358525,1709.6695957820739,1621.3198594024605,2052.615114235501,1756.2636203866432,1616.9912126537786,1488.2144112478031,1485.3251318101934,1425.5799648506152,1820.3321616871706,2375.388400702988,2590.7521968365554,1769.7275922671354,1380.1810193321617,1433.7293497363796,1980.0316344463972,1629.6362038664324,1894.8576449912127,2117.738137082601,2080.0246045694203,1977.2636203866432,1862.8312829525482,1651.6660808435852,1754.9437609841827,1351.2776801405976,1436.140597539543,1404.469244288225,1527.9156414762742,1391.2530755711775,1481.6713532513181,1351.1423550087873,1513.4200351493848,1767.3936731107206,1696.8822495606328,1460.121265377856,1549.0158172231986,1485.920913884007,1626.3339191564148,1852.8699472759226,1959.2249560632688,1917.5254833040422,1881.1353251318103,1715.6063268892794,2018.1142355008787,2372.486818980668,2802.817223198594,2778.8980667838314,2326.4622144112477,1944.3075571177505,2272.407732864675,2336.8752196836554,2137.639718804921,2050.493848857645,2050.3268892794376,1841.6994727592266,1904.9472759226715,1835.2267135325133,1804.2882249560632,1861.5641476274166,1946.4991212653779,1832.9103690685413,3002.5289982425306,3106.0017574692442,2039.9050966608083,1860.945518453427,2206.9841827768014,1599.8523725834798,1855.4657293497364,1728.1001757469244,1688.2970123022847,1865.6362038664324,2286.425307557118,2865.8312829525485,3155.4604569420035,1845.634446397188,2112.1001757469244,2956.311072056239,4206.521968365553,5199.892794376098,3921.1739894551847,2513.3567662565906,2007.0105448154657,2324.254833040422,2915.5992970123025,3162.681898066784,4330.543057996485,4186.509666080844,4079.1915641476276,4956.022847100176,5389.994727592267,5112.27065026362,3377.1107205623903,2741.518453427065,3542.4920913884007,2438.829525483304,1692.9402460456943,1696.627416520211,2059.7223198594024,2148.2899824253077,2121.1001757469244,1923.4007029876977,2201.4551845342708,2343.9472759226715,1847.597539543058,1956.9314586994728,3044.2478031634446,3103.690685413005,2518.1493848857644,2268.511423550088,2551.9490333919157,1929.622144112478,1937.469244288225,2100.8031634446397,2514.534270650264,2528.871704745167,2312.9261862917397,1838.0474516695958,1663.97539543058,1514.0105448154657,1942.553602811951,2674.367311072056,3051.434094903339,2491.4973637961334,2170.6924428822495,1822.2899824253075,2443.604569420035,2716.7785588752195,2225.1985940246045,2825.1599297012303,3080.3128295254833,2472.195079086116,3066.9103690685415,2957.555360281195,2826.8576449912125,2229.488576449912,1944.6608084358525,2201.6924428822495,2931.4217926186293,3956.481546572935,5159.681898066784,4352.973637961336,4302.676625659051,3656.1195079086115,3682.469244288225,3353.4059753954307,3695.5289982425306,4088.86467486819,3698.6186291739896,4476.077328646748,4973.465729349737,3273.0579964850617,2443.9789103690687,1917.6414762741651,2247.931458699473,2487.3567662565906,3492.9947275922673,3847.06151142355,3508.1968365553603,3620.506151142355,3952.5289982425306,4793.3690685413,5298.70474516696,3691.2583479789105,4316.5131810193325,4191.18453427065,3062.1195079086115,3423.9156414762742,4211.080843585237,3744.309314586995,3566.068541300527,3118.4586994727592,3969.4217926186293,3903.8892794376097,3991.3866432337436,4011.7838312829526,4746.84007029877,3710.9718804920913,3168.2829525483303,3182.263620386643,3992.5079086115993,4095.699472759227,3457.866432337434,2517.6942003514937,1992.9244288224957,1561.3813708260107,1782.2636203866432,1636.597539543058,1520.1318101933216,1484.5289982425309,1681.4340949033392,1422.4376098418277,1485.286467486819,1496.3462214411247,1495.286467486819,1445.9666080843585,1582.3919156414763,1716.2407732864674,1898.2636203866432,1837.446397188049,2751.8400702987697,3746.525483304042,3259.4991212653777,2397.6010544815467,1584.9472759226715,1351.5711775043937,1683.1282952548331,1986.7117750439368,2331.9912126537783,1524.469244288225,1670.4534270650263,1559.3075571177505,1687.8576449912127,1855.2601054481547,1897.9226713532514,1315.0509666080843,1431.9226713532514,1479.9789103690684,1752.6133567662566,1917.5360281195078,2120.3444639718805,2563.8506151142356,3238.2759226713533,2493.0931458699474,2167.9173989455185,2410.5571177504394,1677.530755711775,1410.6045694200352,1490.456942003515,1447.0386643233744,1797.2829525483305,2511.8312829525485,3226.2038664323372,1942.2706502636204,2015.1546572934974,2418.7627416520213,2997.425307557118,3823.2864674868188,2690.017574692443,1769.0632688927944,2439.992970123023,2046.7996485061512,1703.2460456942003,1360.1775043936732,1756.9103690685413,2163.6537785588753,2813.1722319859405,2031.4182776801406,2406.829525483304,2507.293497363796,2245.0158172231986,1375.622144112478,1516.2934973637962,1563.7240773286467,2037.096660808436,2889.5272407732864,4950.372583479789,6100.075571177505,6389.409490333919,3485.834797891037,1845.0281195079085,1398.3708260105448,1432.4059753954307,1267.6731107205624,1502.1810193321617,1531.9226713532514,2171.054481546573,2589.650263620387,3220.384885764499,3767.384885764499,4601.543057996485,2302.056239015817,1931.2056239015817,1846.878734622144,2105.0333919156415,2240.4710017574694,3261.8101933216167,4312.015817223199,3506.720562390158,2490.8576449912125,3408.98769771529,2556.0333919156415,1646.2829525483305,1470.8927943760984,1792.8154657293496,2235.3391915641478,3473.418277680141,2692.0843585237258,1882.0087873462214,1823.305799648506,2133.3391915641478,2287.4288224956063,2565.553602811951,2144.671353251318,1738.834797891037,2135.5764499121265,2214.908611599297,2095.347978910369,3452.321616871705,3256.86467486819,2006.602811950791,1907.5202108963092,2965.1810193321617,3167.5008787346223,2504.031634446397,2899.738137082601,4220.671353251318,5849.398945518454,4075.525483304042,1994.4200351493848,1603.1810193321617,1285.165202108963,1446.7855887521969,1387.1195079086117,1824.390158172232,1567.4393673110721,1479.0527240773285,1298.8260105448155,1382.9525483304042,1133.4499121265378,1256.3145869947275,1284.5096660808435,1330.0755711775043,1354.335676625659,1367.407732864675,1104.3550087873462,1442.8084358523727,1473.3954305799648,1369.7908611599296,1127.8189806678383,1268.291739894552,1128.0386643233744,1237.6537785588753,1176.2390158172232,1338.1880492091389,1110.4639718804922,1274.622144112478,1093.340949033392,1402.6309314586995,1203.9912126537786,1251.9789103690684,1112.7504393673112,1220.980667838313,1133.0070298769772,1229.896309314587,1204.5149384885765,1451.7539543057997,1151.0123022847101,1245.3286467486819,1148.1511423550087,1221.0685413005272,1071.4235500878735,1168.0685413005272,1339.1353251318103,1494.4657293497364,1479.4288224956063,1428.1546572934974,1425.4059753954307,1799.9736379613357,1922.5746924428822,1653.3708260105448,1762.5659050966608,2422.6186291739896,1605.5834797891036,1295.3427065026362,1148.7240773286467,1248.3040421792618,1249.676625659051,1178.0351493848857,1096.597539543058,1328.347978910369,1091.646748681898,1308.6379613356767,1104.7750439367312,1254.291739894552,1170.7469244288225,1166.3128295254833,1082.7996485061512,1186.5219683655537,1196.9982425307558,1551.9771528998242,1823.4797891036908,1679.945518453427,1337.6449912126538,1301.9437609841827,1471.9648506151143,1469.446397188049,1293.0878734622145,1476.743409490334,1525.2249560632688,1725.5694200351493,1313.2337434094904,1191.5096660808435,1165.95079086116,1303.8734622144113,1283.1634446397188,1704.2355008787347,1982.3427065026362,1781.859402460457,1276.4112478031634,1371.780316344464,1482.2794376098418,2005.4253075571178,1479.732864674868,1445.6977152899824,1515.792618629174,1856.7644991212653,1991.1282952548331,2019.4727592267136,1601.7715289982425,1486.2636203866432,1322.3708260105448,1644.4130052724076,1344.9384885764498,1274.3286467486819,1089.6485061511423,1273.2425307557119,1418.646748681898,1480.096660808436,1583.859402460457,1839.6537785588753,1439.1757469244287,1729.2038664323375,2141.2829525483303,2300.2776801405976,1592.07381370826,1702.5413005272408,1845.3391915641475,1675.9297012302284,1547.9666080843585,1783.0210896309316,1954.2038664323375,2315.263620386643,1670.2601054481547,1984.5377855887523,2387.446397188049,3211.158172231986,2010.572934973638,1824.6537785588753,1762.6080843585237,1812.3866432337434,2246.8084358523724,3666.9349736379613,4675.207381370826,3456.2776801405976,2771.873462214411,3382.4604569420035,2095.5219683655537,1693.07381370826,2045.481546572935,2950.5465729349735,2435.5887521968366,2736.81546572935,2457.042179261863,2635.066783831283,2581.5711775043937,3669.0738137082603,2805.1019332161686,1946.207381370826,1561.5694200351493,1795.7855887521969,2341.4551845342708,2104.219683655536,1421.2003514938488,1842.3005272407734,2759.7996485061512,3821.031634446397,2531.2355008787345,3136.1616871704746,3289.133567662566,3251.328646748682,4488.93848857645,3520.2108963093146,2483.525483304042,4244.555360281195,5280.075571177505,2929.6801405975393,2229.4112478031634,3427.8681898066784,5192.507908611599,5884.694200351494,5094.240773286468,3828.495606326889,2953.5272407732864,3271.175746924429,5363.750439367311,7557.202108963093,5041.188049209139,3544.476274165202,5588.451669595782,9195.878734622143,6048.15992970123,3536.980667838313,2120.7293497363794,1905.195079086116,2139.017574692443,3321.4042179261864,3442.7521968365554,3516.2302284710017,4528.79086115993,6909.541300527241,4663.286467486819,2694.0650263620387,2009.7908611599296,1509.2337434094904,1328.1493848857644,1632.7047451669596,1615.9173989455185,2045.1915641476273,3175.434094903339,3418.3444639718805,2051.0650263620387,1746.1441124780317,1784.1810193321617,1767.834797891037,1451.5166959578207,1804.481546572935,2432.5869947275924,3647.133567662566,2769.3198594024607,2371.8576449912125,2379.9964850615115,1781.4868189806677,1497.7363796133568,1719.0615114235502,2408.1985940246045,2426.9648506151143,1577.4850615114235,1629.9138840070298,1535.8383128295254,1909.6063268892794,1458.9103690685413,1553.8488576449913,1557.6432337434094,2205.646748681898,2561.5887521968366,2326.7820738137084,1862.6678383128294,1521.5746924428822,1384.543057996485,1578.5817223198594,1490.6502636203866,1593.1247803163444,1996.639718804921,1892.804920913884,1487.5008787346221,1549.7451669595782,1336.6924428822495,1618.8084358523727,2172.4042179261864,3436.933216168717,2423.6309314586993,1637.6133567662566,1542.3866432337434,1484.9964850615115,1382.2601054481547,1678.397188049209,1380.2583479789105,1487.0035149384885,1646.6362038664324,2276.7609841827766,2401.699472759227,2051.574692442882,1478.170474516696,1719.578207381371,2212.7135325131812,2564.6449912126536,1651.1370826010545,1500.6572934973638,1416.0615114235502,2045.5096660808435,1650.9138840070298,1398.664323374341,1337.7697715289983,1645.267135325132,1909.1880492091389,2287.6555360281195,1605.8927943760984,1685.0843585237258,2071.8857644991213,2264.126537785589,1364.3954305799648,1384.694200351494,1169.446397188049,1302.5817223198594,1239.5799648506152,1444.0562390158173,1397.0210896309316,1908.676625659051,2866.3339191564146,2421.007029876977,1293.2179261862918,1311.622144112478,1334.5219683655537,1670.5131810193323,1240.2794376098418,1441.2970123022847,1152.1282952548331,1438.6151142355009,1303.7100175746925,1256.6959578207382,1231.8066783831282,1333.627416520211,1350.335676625659,1901.2355008787347,2287.592267135325,1781.9173989455185,1609.432337434095,2565.06151142355,2568.9191564147627,1544.683655536028,1405.7029876977153,1623.7486818980667,1541.432337434095,1526.6186291739893,1229.6537785588753,1553.6133567662566,1940.4868189806677,2466.829525483304,2815.532513181019,2065.469244288225,1409.97539543058,1594.7697715289983,1646.708260105448,2265.6449912126536,1722.0175746924428,1778.1370826010545,1713.7311072056239,2269.091388400703,1672.1177504393672,1653.256590509666,1955.1722319859402,2199.056239015817,1412.3444639718805,1467.3760984182777,1696.3884007029876,2880.031634446397,3680.5957820738136,2181.0017574692442,1720.7592267135326,1910.9736379613357,1460.3216168717047,1546.3936731107206,1625.804920913884,1810.2407732864674,1496.2847100175748,1496.493848857645,1308.2970123022847,1814.920913884007,2573.079086115993,2162.9173989455185,1319.7469244288225,1439.1546572934974,1293.6326889279437,1371.9666080843585,1449.5957820738138,1691.5413005272408,1424.792618629174,2016.543057996485,1856.0333919156415,1762.115992970123,1277.383128295255,1272.8822495606328,1121.005272407733,1292.3954305799648,1217.5219683655537,1492.8453427065026,1702.8453427065026,1908.3181019332162,1424.5465729349737,1359.1722319859402,1227.4446397188049,1504.5202108963092,1595.920913884007,1716.903339191564,1712.9138840070298,2256.2847100175745,2018.8611599297012,1491.1792618629174,1428.6625659050967,1701.6414762741651,1894.3286467486819,2092.3374340949035,1982.8945518453427,2335.95079086116,1872.0685413005272,1744.2899824253075,1401.316344463972,1631.3462214411247,1722.6449912126538,1807.7961335676625,1379.07381370826,1629.5166959578207,1734.2003514938488,2619.736379613357,3779.822495606327,4101.569420035149,1690.3989455184535,1546.3936731107206,1595.9771528998242,1446.316344463972,1121.9191564147627,1381.5834797891036,1234.1810193321617,1337.0685413005272,1481.096660808436,1504.0351493848857,1213.7152899824252,1400.553602811951,1261.8383128295254,1391.676625659051,1266.3216168717047,1516.9279437609841,1408.7065026362038,1597.3866432337434,1892.5571177504394,2540.309314586995,1821.7275922671354,1321.5992970123023,1176.688927943761,1388.0597539543057,1324.212653778559,1861.4411247803164,1623.7311072056239,1570.0579964850615,1209.6731107205624,1538.6977152899824,1631.933216168717,1570.5553602811951,1198.8453427065026,1297.2899824253075,1177.4428822495606,1242.7891036906854,1182.3989455184535,1374.4551845342708,1276.9050966608083,1502.543057996485,1461.5606326889279,1545.3022847100176,1377.4885764499122,1408.5623901581723,1359.2495606326888,1671.2759226713533,2367.5008787346223,2097.2706502636206,1196.8892794376097,1335.3128295254833,1233.7592267135326,1252.1599297012303,1192.5518453427064,1413.372583479789,1511.2390158172232,2388.3462214411247,2289.3989455184533,1951.0843585237258,1483.3989455184535,1715.432337434095,1643.3620386643233,1626.7258347978911,1751.7961335676625,2520.156414762742,2988.6379613356767,2293.481546572935,1699.1546572934974,2139.6660808435854,2418.279437609842,2739.8576449912125,1893.7240773286467,2046.4885764499122,3309.945518453427,3922.96309314587,1903.2161687170474,1543.9314586994728,1362.6801405975395,1466.1511423550087,1400.8646748681897,1657.8646748681897,1366.1300527240774,1486.9349736379613,1492.859402460457,2109.5957820738136,3152.158172231986,4792.655536028119,3090.163444639719,2230.892794376098,1966.2794376098418,2484.467486818981,1812.7961335676625,2305.2003514938488,2685.06151142355,1790.8822495606328,1464.8910369068542,1891.9367311072056,2307.516695957821,2727.681898066784,1762.5623901581723,1841.8646748681897,2339.7715289982425,4144.265377855888,6352.543057996485,4356.1423550087875,3228.989455184534,2811.1722319859405,2445.3760984182777,1965.7943760984183,1594.664323374341,2008.219683655536,2668.891036906854,5124.428822495606,4803.757469244289,2286.933216168717,1601.8892794376097,2043.578207381371,2756.873462214411,4093.76625659051,2297.244288224956,2066.511423550088,2460.5887521968366,3690.5711775043937,2298.7416520210895,1681.810193321617,1364.0755711775043,1502.1722319859402,1579.2003514938488,2181.8014059753955,3000.5079086115993,4853.186291739895,4385.683655536028,5294.848857644991,6868.7785588752195,3523.154657293497,2370.274165202109,3515.523725834798,5585.448154657293,5745.7381370826015,3161.4850615114237,2455.6572934973638,3322.6239015817223,6414.697715289983,7538.005272407733,2961.6379613356767,1647.683655536028,1707.3919156414763,1766.652021089631,1801.9666080843585,1392.0386643233744,1467.365553602812,1477.4200351493848,1940.2302284710017,1938.4604569420035,2915.6608084358522,3617.7135325131812,4537.068541300528,3368.330404217926,4466.866432337434,7102.193321616872,5623.652021089631,6119.217926186292,4619.226713532513,2844.068541300527,3085.3831282952547,3395.6080843585237,2076.126537785589,1527.3497363796134,1630.4745166959578,2150.3936731107206,2472.1687170474515,1887.4674868189807,2068.6871704745167,1877.8804920913883,2544.562390158172,4404.19683655536,7238.5131810193325,3503.0527240773285,2023.8084358523727,1875.834797891037,1739.6151142355009,1797.2355008787347,2563.4217926186293,4434.954305799649,7716.5395430579965,6257.384885764499,8141.74165202109,4855.265377855888,3841.7328646748683,5172.713532513181,3669.0579964850617,2030.145869947276,1826.4340949033392,1782.0140597539544,2224.04920913884,3399.787346221441,6000.1230228471,6498.903339191565,5921.892794376098,5227.349736379613,5570.657293497364,2649.7592267135324,2484.3919156414763,2423.2530755711773,1868.4288224956063,1560.859402460457,1555.2776801405976,1546.0175746924428,1800.2688927943761,2312.738137082601,3698.08611599297,3030.91388400703,4607.435852372583,4338.210896309314,5712.021089630932,7249.61862917399,10622.69244288225,18675.14762741652,13770.708260105448,4482.701230228471,2615.639718804921,2581.8330404217927,4471.147627416521,4562.3145869947275,5589.775043936731,9640.674868189806,7307.472759226714,3230.5395430579965,1813.5694200351493,1572.0579964850615,2083.4007029876975,2903.279437609842,4670.787346221441,4743.297012302285,5901.595782073814,3303.5711775043937,1830.402460456942,1558.029876977153,1593.9736379613357,1522.6080843585237,1853.372583479789,2266.0878734622142,3379.9068541300526,6600.543057996485,5195.070298769771,2173.5272407732864,2105.841827768014,2487.9191564147627,4263.216168717047,4241.050966608084,7186.74165202109,5926.471001757469,3980.536028119508,1955.8980667838314,1731.0439367311071,1812.2390158172232,2065.780316344464,2222.5395430579965,3796.4604569420035,7432.105448154657,6079.181019332162,2461.377855887522,1826.97539543058,1414.267135325132,1469.701230228471,1462.237258347979,1573.1072056239016,1586.0087873462214,2148.224956063269,1898.256590509666,1902.02460456942,2584.223198594025,2817.2882249560635,3080.486818980668,6010.070298769771,9146.497363796134,5651.485061511424,7215.015817223199,5909.782073813708,2470.4604569420035,2076.4586994727592,1754.762741652021,2134.3268892794376,1505.2355008787347,1551.9859402460456,1504.0439367311071,1508.7258347978911,1617.7240773286467,2395.007029876977,4080.9279437609844,8362.797891036907,5562.304042179262,2928.5483304042177,1742.9244288224957,1551.8664323374342,1346.7240773286467,1339.7996485061512,1370.121265377856,1455.0140597539544,1343.664323374341,1646.4639718804922,2064.8400702987697,2859.8980667838314,5319.014059753954,5881.309314586994,2417.4780316344463,2081.4042179261864,1938.140597539543,1958.7223198594024,1517.3567662565906,1656.5254833040422,1545.3743409490335,1489.0158172231986,1474.4340949033392,2294.177504393673,2794.9367311072056,5573.659050966608,3308.1739894551847,1752.2724077328646,1412.4885764499122,1476.1546572934974,1359.9121265377855,1476.1441124780317,1389.0509666080843,1502.7275922671354,1428.597539543058,1759.1845342706504,2074.513181019332,3892.2829525483303,3884.281195079086,2108.6133567662564,1944.9876977152899,2086.720562390158,1652.2108963093146,1694.5149384885765,1438.103690685413,1516.5694200351493,1511.8910369068542,1915.3391915641475,2539.017574692443,3818.2372583479787,8469.920913884007,14779.33216168717,10239.673110720563,4053.5026362038666,2103.133567662566,2078.7996485061512,1467.2776801405976,1416.5289982425309,1199.1370826010545,1330.9490333919157,1155.8014059753955,1255.6379613356767,1113.1845342706504,1260.6555360281195,1146.9103690685413,1297.683655536028,1344.1370826010545,1655.8260105448155,1461.578207381371,1603.1493848857644,1684.5694200351493,1442.5096660808435,1312.1757469244287,1403.9718804920915,1208.3022847100176,1457.0175746924428,1770.8646748681897,2618.9736379613355,1597.2390158172232,1426.8312829525482,1346.4586994727592,1864.446397188049,1982.195079086116,2169.054481546573,1701.6151142355009,1561.0105448154657,1333.9982425307558,1740.884007029877,1259.3391915641475,1534.207381370826,2032.7609841827768,3709.1687170474515,3060.572934973638,1885.316344463972,1287.0140597539544,1342.2161687170474,1365.3022847100176,1573.9121265377855,1217.9771528998242,1311.9560632688929,1333.2355008787347,1943.2970123022847,3300.2003514938488,2488.8084358523724,2114.6239015817223,2267.6449912126536,1665.103690685413,1715.7346221441126,1522.2003514938488,1481.3936731107206,1270.688927943761,1421.567662565905,1317.4428822495606,1672.8927943760984,1844.2161687170474,1764.377855887522,1511.5448154657292,1942.3936731107206,2316.585237258348,2786.579964850615,2710.3637961335676,2536.620386643234,1797.5817223198594,1511.7047451669596,1374.323374340949,1523.8031634446397,1527.8383128295254,1566.9894551845343,1391.7521968365554,1554.1107205623903,1796.8769771528998,2496.896309314587,2819.254833040422,1977.920913884007,2167.2003514938488,2637.1405975395433,2392.115992970123,2236.1880492091386,1837.933216168717,2357.493848857645,2827.516695957821,3376.3690685413007,3153.4797891036906,2454.3145869947275,1786.1107205623903,2121.202108963093,3083.602811950791,3080.6801405975393,2499.650263620387,2342.555360281195,1733.8277680140598,1936.6362038664324,1523.9384885764498,1808.5448154657292,1927.493848857645,2506.377855887522,2230.2284710017575,2030.0,2173.223198594025,1875.6151142355009,1626.8857644991213,2093.474516695958,2565.0351493848857,2086.1423550087875,1729.0808435852373,1575.6362038664324,1512.5940246045693,1856.1634446397188,1616.4850615114235,2280.7785588752195,2934.059753954306,2067.804920913884,1619.6731107205624,2210.6432337434094,2641.0333919156415,2255.980667838313,2755.390158172232,4749.045694200351,3979.632688927944,2529.8787346221443,2265.0263620386645,2047.8383128295254,1957.2882249560632,2138.597539543058,1883.04920913884,2288.263620386643,1599.340949033392,1768.3567662565906,1904.0562390158173,1821.281195079086,2051.0017574692442,2885.4551845342708,1905.261862917399,1698.8927943760984,1892.0702987697716,2532.7434094903338,3062.920913884007,4982.5131810193325,7161.346221441125,5410.822495606327,3266.3919156414763,2488.5887521968366,3021.0017574692442,5489.307557117751,7672.205623901582,3849.5377855887523,2369.2829525483303,2821.1001757469244,4400.6326889279435,4913.344463971881,4294.595782073814,2209.8014059753955,1737.103690685413,1775.9349736379613,1431.743409490334,2074.4516695957823,2051.1230228471004,3968.706502636204,2898.1247803163446,1960.0615114235502,1737.5500878734622,1893.639718804921,2499.318101933216,3333.434094903339,3631.9947275922673,5297.026362038664,6510.370826010545,8601.6309314587,8931.885764499122,5427.339191564148,7161.652021089631,10910.37258347979,6165.420035149385,4281.163444639718,5062.312829525484,3397.9279437609844,3575.8383128295254,3045.585237258348,2659.629173989455,4619.021089630932,7489.404217926186,4398.093145869947,3746.353251318102,7219.980667838313,9468.214411247804,4118.954305799649,2546.560632688928,2978.395430579965,3905.6379613356767,9194.488576449912,11335.613356766256,5535.648506151142,5669.021089630932,8098.530755711775,4835.836555360282,3598.0650263620387,3875.2038664323372,4066.4604569420035,3764.4797891036906,2457.1722319859405,2119.115992970123,3476.2776801405976,3626.534270650264,3731.1898066783833,2437.207381370826,2004.8699472759226,2330.091388400703,2168.7469244288227,1627.688927943761,1827.2829525483305,2293.7152899824255,4588.794376098418,3815.9718804920913,2158.8594024604567,1576.3760984182777,1504.2970123022847,1523.5149384885765,2109.133567662566,3266.6362038664324,5253.240773286468,2602.6063268892794,2332.06151142355,2981.7293497363794,5083.3743409490335,10945.497363796134,7990.8242530755715,3819.581722319859,2482.787346221441,1829.096660808436,2228.6871704745167,2492.0052724077327,2056.254833040422,1818.0,2036.878734622144,2371.776801405975,3046.650263620387,2000.634446397188,1742.140597539543,1679.8137082601054,1750.1616871704746,1971.8804920913883,1815.8119507908611,1650.8699472759226,1728.1511423550087,1708.8453427065026,1638.7592267135326,1471.9472759226715,1686.2495606326888,1535.9103690685413,1503.646748681898,1470.02460456942,2439.659050966608,2839.223198594025,4096.590509666081,2304.0949033391917,1664.5272407732864,1426.2829525483305,1669.854130052724,1398.2144112478031,1541.0123022847101,1665.8400702987697,3110.6362038664324,3442.866432337434,2156.4780316344463,1949.8066783831282,3360.1915641476276,8498.947275922672,6316.091388400703,2664.318101933216,1928.762741652021,1581.8418277680141,1575.908611599297,1475.6924428822495,1421.7820738137082,1419.718804920914,1673.3760984182777,2322.7434094903338,2154.9859402460456,1539.0509666080843,1507.701230228471,1499.7768014059754,1650.8822495606328,1467.5623901581723,2217.8611599297014,1971.7504393673112,2728.3268892794376,5015.96309314587,6849.414762741652,3134.7100175746923,2105.9736379613355,1732.8629173989455,1654.6924428822495,1443.0597539543057,1960.804920913884,2177.891036906854,3341.425307557118,3201.1792618629174,2016.2513181019333,1558.390158172232,1429.7258347978911,1220.5659050966608,1312.9173989455185,1173.4358523725834,1305.5377855887523,1376.4499121265378,1838.427065026362,1288.1142355008787,1213.0087873462214,1055.5905096660808,1142.5131810193323,1059.4920913884007,1167.8822495606328,1098.5606326889279,1319.4885764499122,1285.256590509666,2045.6977152899824,2771.1405975395433,7346.286467486819,9711.156414762741,5170.6256590509665,3012.565905096661,1987.5395430579965,1379.1388400702988,1387.8576449912127,1488.1687170474518,1508.432337434095,1189.5553602811951,1299.0878734622145,1134.3848857644991,1277.4850615114235,1641.6256590509665,2609.9156414762742,2126.8119507908614,1577.9490333919157,1370.281195079086,1464.170474516696,1243.9982425307558,1313.4586994727592,1236.1880492091389,1413.2003514938488,1286.6801405975395,1499.6063268892794,1321.6801405975395,1504.2970123022847,1697.8119507908611,2021.7855887521969,2138.543057996485,2422.6660808435854,1609.530755711775,1533.7820738137082,1299.518453427065,1365.4393673110721,1332.792618629174,1782.2003514938488,2175.581722319859,1774.743409490334,1369.8224956063268,1413.8453427065026,1387.2741652021089,1399.407732864675,1153.903339191564,1148.335676625659,1313.5325131810193,1399.1915641476273,1288.5623901581723,1742.1177504393672,1481.0017574692442,1558.029876977153,1718.4200351493848,1621.2355008787347,1473.5079086115993,1585.079086115993,1485.4376098418277,1780.8664323374342,1569.5746924428822,2147.5202108963094,1686.854130052724,1439.2495606326888,1324.878734622144,1856.7258347978911,1222.6977152899824,1399.878734622144,1268.9666080843585,1453.6326889279437,1485.5114235500878,1583.3321616871706,1449.1353251318103,1491.97539543058,1264.5571177504394,1362.5272407732864,1432.9718804920915,1512.8014059753955,1235.694200351494,1364.7521968365554,1624.762741652021,1736.4674868189807,2074.5500878734624,1854.414762741652,1625.6449912126538,1556.4956063268892,1371.97539543058,1524.3304042179261,1377.5905096660808,1496.6713532513181,1285.0369068541302,1374.6309314586995,1356.9420035149385,1415.8752196836556,1255.9156414762742,1401.8857644991213,1306.0632688927944,1799.9666080843585,1281.578207381371,1411.4305799648507,1540.6133567662566,2014.0773286467486,1515.8189806678383,1633.8822495606328,1820.4534270650263,3177.836555360281,2902.7047451669596,4278.759226713532,2829.96309314587,2154.943760984183,1655.079086115993,1511.4393673110721,1377.878734622144,1470.4376098418277,1215.0878734622145,1333.2021089630932,1207.0650263620387,1395.7820738137082,1412.2038664323375,2019.4059753954307,2759.536028119508,2652.708260105448,2998.4235500878735,2365.583479789104,1772.2144112478031,1770.4059753954307,1691.945518453427,2105.175746924429,3256.377855887522,3094.6836555360283,1848.792618629174,1716.7223198594024,1436.5571177504394,1538.4797891036908,1638.2056239015817,1601.616871704745,1426.5500878734622,1545.4903339191565,1369.683655536028,1440.9138840070298,1680.9578207381371,3149.031634446397,5448.957820738137,3944.3690685413007,2737.152899824253,2731.834797891037,2114.3198594024607,1806.2653778558874,1623.7311072056239,1898.0527240773285,1761.713532513181,1846.92618629174,2668.891036906854,4838.743409490334,2874.7961335676628,2220.891036906854,2364.195079086116,3016.207381370826,2850.824253075571,2301.0509666080843,2770.107205623902,5342.674868189807,3122.980667838313,2688.9279437609844,3377.251318101933,6417.905096660808,11059.855887521968,6400.509666080844,3439.6010544815467,2652.4780316344463,2452.3022847100174,2366.0579964850617,2203.7838312829526,2217.175746924429,2663.785588752197,5900.163444639718,4239.488576449912,2767.133567662566,2438.933216168717,2424.291739894552,1932.1388400702988,2131.152899824253,3361.079086115993,5913.739894551845,5384.571177504394,3258.2460456942003,2291.340949033392,1885.6151142355009,1610.5641476274166,2109.3760984182777,3712.2601054481547,3875.1405975395433,3161.8506151142356,5515.597539543058,4526.622144112478,3755.620386643234,4741.669595782074,9467.688927943762,10899.868189806679,7224.094903339192,5420.033391915642,3368.390158172232,2294.128295254833,1965.9121265377855,1729.3866432337434,2101.4586994727592,1750.7768014059754,1710.9789103690684,1987.2724077328646,1842.8523725834798,1554.1862917398946,1648.5746924428822,1550.5166959578207,1956.6555360281195,2147.281195079086,2390.0456942003516,2335.3321616871704,2790.9103690685415,5190.1757469244285,15984.168717047452,22838.182776801405,12404.578207381372,7685.826010544815,6122.186291739895,7224.0562390158175,10269.128295254834,6642.267135325132,7383.528998242531,4448.694200351494,3482.792618629174,3692.0087873462217,3004.3163444639717,2238.738137082601,2129.212653778559,2069.9050966608083,3298.555360281195,2714.0263620386645,3280.2970123022847,4482.474516695957,3429.1810193321617,2546.5219683655537,2076.1247803163446,1635.8471001757468,1721.096660808436,1676.432337434095,1960.8664323374342,1795.493848857645,1890.9244288224957,2181.1862917398944,2196.602811950791,2603.7996485061512,3015.304042179262,2114.7135325131812,2060.365553602812,1909.2513181019333,1883.578207381371,1644.4833040421793,2210.620386643234,1856.5131810193323,3384.980667838313,9016.891036906854,7480.980667838313,4006.6485061511426,2744.579964850615,2269.163444639719,2721.7469244288227,2268.579964850615,2071.7697715289983,1900.476274165202,2763.066783831283,2300.592267135325,2040.6608084358525,2046.9543057996484,2257.982425307557,2962.738137082601,6975.61862917399,12775.383128295254,9703.927943760984,10896.752196836555,5936.021089630932,3743.3725834797892,2815.068541300527,2073.281195079086,1839.4674868189807,1672.347978910369,1804.3550087873462,1813.390158172232,2089.06151142355,2038.1107205623903,2465.0158172231986,1930.1968365553603,2502.727592267135,2949.920913884007,2363.6274165202108,1874.4657293497364,1784.0035149384885,1765.347978910369,2163.9771528998244,2631.03690685413,4488.277680140597,10417.887521968365,8563.374340949033,4409.1757469244285,3327.650263620387,2811.7820738137084,2380.785588752197,1953.8119507908611,2223.0579964850617,2840.824253075571,2502.5711775043937,3083.03690685413,6126.390158172232,9504.574692442882,6195.841827768014,3460.5518453427067,2577.8681898066784,2217.4797891036906,1919.4305799648507,1527.3005272407734,1615.8471001757468,1389.0984182776801,1875.7258347978911,1415.7996485061512,1859.2952548330404,1998.6502636203866,1961.553602811951,2520.992970123023,2282.669595782074,1842.4165202108964,2270.370826010545,2095.397188049209,1983.787346221441,2021.0773286467486,2017.096660808436,1632.3919156414763,1847.365553602812,2137.3514938488574,3934.4973637961334,8411.801405975395,5463.959578207381,3369.9472759226715,2604.597539543058,2479.792618629174,2172.244288224956,1649.8137082601054,1678.9191564147627,1744.3848857644991,1831.1265377855887,1882.8699472759226,3479.775043936731,8904.724077328647,6756.5992970123025,4358.5465729349735,3885.836555360281,3237.7592267135324,4351.623901581723,3538.6133567662564,6197.541300527241,16336.140597539543,13965.1230228471,8076.92618629174,6398.465729349737,4163.005272407733,3638.523725834798,4349.9437609841825,3802.6080843585237,2653.2530755711773,2644.2776801405976,3648.5008787346223,7163.659050966608,6844.0826010544815,4167.887521968366,3047.518453427065,2896.1107205623903,4233.908611599297,8138.488576449912,5843.523725834798,5454.702987697715,3897.175746924429,3100.493848857645,2883.6186291739896,4597.822495606327,9476.398945518453,11569.694200351494,12672.903339191564,8571.764499121266,5165.550087873462,3869.8260105448153,2840.516695957821,2948.2653778558874,3419.574692442882,2556.622144112478,2255.891036906854,2503.7398945518453,2376.06151142355,1986.768014059754,1719.1722319859402,1766.3989455184535,1431.6924428822495,1573.8224956063268,1888.2355008787347,2587.4428822495606,3438.0035149384885,6307.54481546573,9948.45518453427,18044.38664323374,11177.578207381372,7970.822495606327,9086.33216168717,6992.899824253075,7805.0492091388405,12477.15992970123,7147.760984182777,4708.961335676626,3323.3637961335676,2747.8400702987697,2049.7820738137084,2259.8699472759226,1679.2513181019333,1824.6731107205624,2465.5413005272408,6455.29525483304,17382.186291739894,12084.223198594025,7019.666080843585,5299.304042179262,4053.1370826010543,4125.052724077329,6408.330404217926,18189.48330404218,34055.68365553603,20198.370826010545,12413.782073813709,10102.850615114236,6684.247803163445,5386.223198594024,5637.93848857645,4200.706502636204,4462.611599297013,4079.639718804921,3135.0333919156415,2907.177504393673,2374.3760984182777,2694.3339191564146,2984.622144112478,2886.6239015817223,4289.205623901582,13542.033391915642,28741.29525483304,19311.637961335677,11398.353251318102,7661.859402460457,6084.924428822495,8159.050966608084,15226.47978910369,20156.279437609843,17028.377855887524,16465.124780316346,13925.28295254833,9280.847100175746,7751.574692442882,7078.490333919156,4729.319859402461,3114.7609841827766,2509.641476274165,2231.629173989455,1921.1687170474518,2078.474516695958,2456.279437609842,3024.513181019332,4300.880492091388,3324.096660808436,2460.6309314586993,2201.1247803163446,1969.7943760984183,1914.7662565905096,1757.5043936731108,2307.223198594025,2572.105448154657,2219.9121265377858,1776.7100175746925,2206.847100175747,2396.1599297012303,3908.604569420035,5464.253075571178,4326.96309314587,3662.534270650264,6542.212653778559,8807.340949033392,9195.797891036907,10489.425307557118,6705.810193321617,7492.885764499121,17044.683655536028,14410.622144112478,13489.683655536028,10531.618629173989,6588.439367311072,4963.667838312829,4131.985940246046,3220.427065026362,2963.6924428822495,2893.4428822495606,2983.330404217926,2418.7346221441126,2584.4130052724076,3048.7996485061512,4527.92618629174,8309.231985940247,16962.752196836555,17697.117750439367,10425.521968365554,6815.161687170475,6960.144112478031,9796.260105448155,8774.040421792619,5820.810193321617,5421.608084358524,4151.899824253075,3500.7891036906854,3331.0931458699474,2656.980667838313,1973.3181019332162,1864.659050966608,1656.1546572934974,1733.3128295254833,1480.3866432337434,1744.0685413005272,2680.8629173989457,5748.3216168717045,16877.84007029877,17615.114235500878,10819.671353251319,7590.393673110721,5867.156414762741,5988.652021089631,4945.639718804921,3887.597539543058,3478.340949033392,3458.3620386643233,3110.395430579965,4087.7029876977153,4257.279437609842,3069.7398945518453,3080.727592267135,6062.021089630932,4101.305799648506,2906.154657293497,2139.543057996485,2266.5483304042177,2685.14762741652,2738.4604569420035,2329.038664323374,2799.3145869947275,3361.6924428822495,3114.481546572935,4733.899824253075,14458.06151142355,13482.182776801406,8859.866432337434,9882.492091388402,8743.068541300527,6431.9103690685415,7703.068541300528,6155.7381370826015,3938.04920913884,2707.23374340949,2395.98769771529,1888.3620386643233,2089.4007029876975,2513.4323374340947,2552.843585237258,2183.0263620386645,2059.4780316344463,1799.9929701230228,1827.8066783831282,2082.017574692443,2766.555360281195,1818.5940246045693,1710.3919156414763,1455.2179261862918,1453.0404217926186,1562.9244288224957,1787.8154657293496,1700.5799648506152,1956.7293497363796,1609.567662565905,1660.6186291739893,1644.5641476274166,2094.1669595782073,2145.9068541300526,2052.175746924429,2703.2038664323372,4514.202108963093,4059.2091388400704,3019.397188049209,2208.90158172232,1872.9050966608083,1619.2548330404218,1747.3585237258349,1556.7715289982425,1692.688927943761,1636.4253075571178,1667.664323374341,2207.4973637961334,2809.903339191564,5089.98769771529,5469.697715289983,3751.8277680140595,4262.581722319859,7617.481546572935,7410.351493848858,5449.117750439367,4767.096660808435,6319.776801405976,5928.405975395431,4992.465729349737,5368.669595782074,4274.514938488576,3482.2179261862916,4895.690685413006,5214.690685413006,7119.105448154657,11584.441124780316,7576.934973637962,5915.302284710017,6252.328646748682,4948.622144112478,4079.695957820738,3070.9859402460456,2201.1388400702986,2078.757469244288,2238.007029876977,4411.84007029877,5535.578207381371,4968.347978910369,3953.5465729349735,2881.4481546572933,2362.407732864675,2990.328646748682,2659.780316344464,2716.207381370826,2048.5869947275924,1953.8224956063268,2350.0702987697714,5122.432337434095,4899.384885764499,3711.154657293497,2785.1862917398944,3126.1739894551847,3785.745166959578,4537.906854130053,6040.7188049209135,9862.339191564148,6398.9173989455185,6218.96309314587,8406.632688927944,9946.985940246046,9180.59402460457,13781.678383128296,8859.34797891037,5691.1423550087875,4357.079086115993,3406.360281195079,2317.08611599297,1861.267135325132,1435.6537785588753,1400.4411247803164,1277.718804920914,1615.8523725834798,2659.9753954305797,3972.6748681898066,2920.9261862917397,2759.4288224956063,2754.9367311072056,3945.6608084358522,12078.826010544815,19135.86994727592,11842.080843585238,8988.07381370826,8756.80667838313,12461.370826010545,8439.17223198594,5717.365553602812,5552.667838312829,4148.521968365553,3004.8383128295254,2833.90158172232,5325.811950790861,12222.22144112478,12326.59402460457,7608.137082601054,4840.154657293498,3897.6362038664324,3872.945518453427,3680.787346221441,3170.059753954306,5473.397188049209,7677.286467486819,11952.22144112478,11124.622144112478,24228.940246045695,29304.87170474517,19119.17574692443,14550.14762741652,21715.428822495607,18362.796133567663,12949.502636203866,8585.857644991213,6361.2355008787345,4998.047451669596,3927.01230228471,2772.170474516696,2513.9261862917397,3334.2970123022847,8779.444639718806,13581.432337434095,9387.885764499122,8292.20035149385,18576.81898066784,22211.780316344462,14683.861159929702,10377.50439367311,11329.68014059754,17087.137082601053,20393.247803163445,28378.158172231986,18700.488576449912,11300.184534270651,7505.212653778559,5216.152899824253,3854.0439367311074,3481.794376098418,4041.518453427065,2893.854130052724,2373.9543057996484,1950.07381370826,2364.836555360281,2923.8769771528996,4904.873462214411,15236.388400702988,17784.629173989455,11005.882249560633,8450.17223198594,7179.752196836555,5357.402460456942,3722.3251318101934,2991.0949033391917,3101.126537785589,9077.894551845342,15876.903339191564,10457.02108963093,10027.760984182776,10979.597539543058,8505.553602811951,14720.527240773286,14418.79964850615,9034.98769771529,5645.79086115993,4040.340949033392,3428.3145869947275,2860.1195079086115,1983.1528998242532,1745.6256590509665,1518.377855887522,1486.2355008787347,1466.5694200351493,1556.506151142355,1787.578207381371,2153.463971880492,1663.859402460457,2163.384885764499,1939.7750439367312,1941.9912126537786,2110.690685413005,2223.957820738137,2163.1318101933216,1954.5254833040422,1609.1300527240774,1788.0333919156415,1677.3181019332162,1792.383128295255,1454.597539543058,1306.3936731107206,1384.6977152899824,1496.9929701230228,2174.9560632688926,4110.244288224956,4302.615114235501,5519.395430579965,11293.326889279437,8532.37258347979,5888.5922671353255,5498.0826010544815,5883.564147627417,4392.19683655536,3182.1405975395433,2800.7891036906854,2365.8558875219683,2650.251318101933,3370.010544815466,6649.518453427065,12712.783831282952,9120.917398945518,5858.629173989455,4906.416520210896,7395.644991212654,10738.362038664323,14649.579964850614,14833.801405975395,15052.130052724076,9460.613356766256,6360.961335676626,5397.46748681898,4238.590509666081,3054.0650263620387,2382.047451669596,2280.9841827768014,2541.1915641476276,6228.896309314587,6449.502636203866,6676.843585237259,7043.423550087873,6321.165202108963,4714.29525483304,4175.692442882249,3301.2671353251317,2641.437609841828,2311.7697715289983,2354.5571177504394,2316.6625659050965,3880.755711775044,10443.133567662566,9455.931458699473,6749.502636203866,6522.203866432337,11377.068541300527,25097.57293497364,19023.35149384886,12081.02108963093,8216.439367311072,6166.362038664323,4853.226713532513,5644.008787346222,16344.493848857644,27856.21616871705,21940.23374340949,14876.22144112478,9790.177504393672,7259.994727592267,6792.100175746925,13991.833040421792,15158.579964850614,17440.04920913884,26940.33216168717,19555.372583479788,16344.305799648506,25795.1388400703,20556.34446397188,12985.530755711776,8342.235500878734,5806.71704745167,4385.687170474516,3238.780316344464,2310.590509666081,2542.1862917398944,3663.6625659050965,8980.850615114236,19301.305799648508,13774.214411247804,8669.316344463972,6803.833040421792,5753.300527240774,4233.326889279438,2912.727592267135,2639.9648506151143,4359.850615114236,6557.001757469245,15900.465729349737,27224.235500878734,24539.56063268893,15022.37258347979,10149.485061511423,9656.170474516695,7017.38137082601,4665.8576449912125,3557.6362038664324,3303.0210896309313,3821.731107205624,6352.20913884007,5066.112478031634,3713.650263620387,2883.845342706503,3235.9490333919157,9188.891036906854,12545.769771528998,10593.571177504393,7407.362038664323,5136.855887521969,4997.843585237259,3643.602811950791,2910.1124780316345,2501.7697715289983,2471.884007029877,3571.9789103690687,11365.718804920914,11290.810193321617,7280.370826010545,4978.8769771529,4860.590509666081,8893.274165202109,21092.69771528998,20685.18453427065,13166.722319859402,8783.68014059754,6091.968365553603,4291.333919156415,3562.7521968365554,4650.541300527241,5020.905096660808,7048.25834797891,12483.072056239016,8446.224956063268,6531.92618629174,5926.627416520211,4536.500878734622,3146.416520210896,2794.597539543058,2603.2970123022847,2484.970123022847,2183.3989455184533,3439.3567662565906,8439.776801405975,12931.386643233744,9129.256590509665,7740.971880492091,5071.191564147627,3672.0263620386645,2866.806678383128,2532.1142355008787,2316.202108963093,5091.46748681898,16382.04920913884,23330.38137082601,16228.02460456942,10004.59050966608,6501.627416520211,4678.425307557118,3296.590509666081,2595.152899824253,2328.5448154657292,3036.731107205624,2724.156414762742,3093.738137082601,3530.9912126537783,7284.906854130053,17916.706502636203,20826.919156414762,16909.03339191564,14427.101933216169,18680.936731107206,13350.548330404217,8145.010544815465,5615.432337434095,4238.541300527241,3512.096660808436,3050.133567662566,2956.6449912126536,4229.676625659051,4284.040421792619,3425.787346221441,4798.237258347979,10852.894551845342,8278.128295254834,5359.01230228471,5266.952548330404,7168.216168717047,5742.801405975395,7054.783831282953,13180.031634446397,9542.701230228471,6417.609841827768,4435.629173989455,4649.182776801406,12694.894551845342,14906.50439367311,10082.304042179261,6786.852372583479,4862.551845342707,4734.615114235501,6621.887521968366,7120.597539543058,4921.463971880492,4416.358523725835,2960.261862917399,2567.3339191564146,2613.6871704745167,2284.688927943761,2083.745166959578,1883.421792618629,1550.402460456942,1460.7838312829526,1599.3462214411247,2063.007029876977,1685.0509666080843,1649.6959578207382,1385.518453427065,1849.1757469244287,3638.311072056239,4133.014059753954,3772.397188049209,5501.230228471002,4845.079086115993,5854.620386643233,11289.413005272409,8375.576449912127,5561.775043936731,4601.045694200351,9765.052724077328,11689.184534270651,7075.878734622144,4690.404217926186,3579.940246045694,4263.813708260105,4347.08611599297,3576.353251318102,4781.200351493849,13216.407732864674,10556.920913884007,7295.90158172232,6834.131810193322,13941.80667838313,11208.19332161687,7129.166959578208,4709.075571177505,4188.119507908612,3335.0140597539544,2861.3567662565906,2023.0123022847101,1770.0984182776801,2459.5764499121265,2835.2390158172234,2181.4710017574694,2168.7346221441126,1832.7855887521969,1656.414762741652,1316.7117750439368,1363.103690685413,1315.2091388400704,2087.9841827768014,2247.5641476274163,2285.096660808436,2686.9490333919157,2447.091388400703,1937.1124780316345,1865.3321616871706,2113.597539543058,2299.2355008787345,1620.1054481546573,1830.7047451669596,2474.1212653778557,3311.212653778559,4211.448154657293,4912.611599297013,4107.97539543058,4468.428822495606,3728.4411247803164,4403.929701230229,3234.6080843585237,3464.1687170474515,3425.09841827768,2780.2759226713533,2240.6133567662564,2052.279437609842,2073.806678383128,3263.047451669596,7960.298769771529,8157.035149384886,5377.6256590509665,3744.434094903339,2711.133567662566,2150.493848857645,1700.493848857645,1698.7047451669596,1488.8154657293496,1618.4042179261862,1559.1687170474518,2126.8277680140595,2190.731107205624,2191.5588752196836,1918.908611599297,1996.7592267135326,3236.5413005272408,5419.0896309314585,5635.845342706502,5623.449912126538,4828.818980667838,7379.45518453427,18100.07381370826,13863.715289982425,9132.977152899824,6832.713532513181,5452.026362038664,3628.0579964850617,2536.2302284710017,2141.671353251318,1929.5289982425309,1778.1546572934974,1452.4059753954307,1563.8277680140598,1792.5079086115993,2480.0826010544815,3175.091388400703,4042.5782073813707,2758.931458699473,2143.5079086115993,1640.2478031634446,1532.5940246045693,1293.0632688927944,1886.6731107205624,2098.706502636204,1919.6080843585237,1567.9876977152899,2608.845342706503,2613.1985940246045,2180.0949033391917,2021.9015817223199,2284.1318101933216,1946.5553602811951,1632.3339191564148,1317.5834797891036,1306.2478031634446,1142.6115992970124,1431.9982425307558,1473.9648506151143,1514.3181019332162,1333.0263620386643,1316.0527240773285,1155.372583479789,1244.8207381370826,1151.5254833040422,1450.95079086116,1225.115992970123,1454.9437609841827,1703.5342706502636,2026.8189806678383,4120.035149384886,6366.070298769771,5427.451669595782,3680.604569420035,2447.8506151142356,2138.2302284710017,1856.5887521968366,1827.3708260105448,1662.3813708260107,1620.3919156414763,1379.4797891036908,1497.1599297012303,1759.4200351493848,3766.2829525483303,13876.571177504393,12418.41827768014,7918.107205623902,5939.650263620387,4573.706502636204,3172.467486818981,2181.572934973638,2241.444639718805,3390.330404217926,2718.836555360281,2023.738137082601,1773.8084358523727,1467.1282952548331,1392.189806678383,1270.9244288224957,1835.683655536028,3218.8769771528996,3177.794376098418,2172.0052724077327,1904.1300527240774,2095.757469244288,2588.755711775044,2129.957820738137,2043.7592267135326,1580.2653778558874,1571.3093145869948,1280.6713532513181,1366.1757469244287,1629.3866432337434,3599.0017574692442,2855.7627416520213,2137.8558875219683,1644.1230228471002,1747.3567662565906,2199.0632688927944,2024.07381370826,1545.8207381370826,1506.6625659050967,1164.1230228471002,1152.1265377855887,1197.1493848857644,1274.1687170474518,1435.2759226713533,2342.5202108963094,6087.622144112478,7101.5922671353255,4748.274165202109,4094.9666080843585,5379.233743409491,5729.739894551845,3975.8260105448153,4860.451669595782,3532.4534270650265,2791.85237258348,1982.7293497363796,1695.4200351493848,1357.602811950791,1388.2407732864674,1151.5026362038664,1310.543057996485,1214.8804920913883,1525.1687170474518,1894.0984182776801,2462.3321616871704,1923.066783831283,1687.787346221441,1527.9121265377855,2217.007029876977,2976.4235500878735,4802.653778558875,18366.054481546573,35414.77504393673,22558.875219683654,13161.103690685413,8250.588752196836,5451.026362038664,3375.6362038664324,2368.5500878734624,1652.5500878734622,1560.3216168717047,1385.5360281195078,1505.2337434094904,1588.1775043936732,1716.5114235500878,1558.2214411247803,1599.3690685413005,1803.481546572935,2365.367311072056,1984.2214411247803,1878.0474516695958,1525.780316344464,1640.6977152899824,1767.4499121265378,1985.6959578207382,1742.4305799648507,1810.5905096660808,1541.1124780316345,1597.1792618629174,1605.244288224956,2621.249560632689,4511.057996485061,14197.105448154658,29257.52548330404,18630.576449912125,10589.731107205624,7053.690685413006,4531.927943760984,3637.4604569420035,4092.5957820738136,4482.644991212654,3989.8875219683655,2904.536028119508,2115.349736379613,2206.6256590509665,3084.792618629174,8008.992970123023,26287.432337434097,19621.100175746924,10819.927943760984,7194.45518453427,5080.019332161687,4018.884007029877,2832.2390158172234,2409.0720562390156,3159.884007029877,4033.105448154657,2692.7117750439365,2334.4059753954307,2122.804920913884,2029.5623901581723,2162.892794376098,2259.010544815466,1797.7961335676625,1619.3022847100176,1411.616871704745,1399.920913884007,1544.6239015817223,1876.787346221441,2499.0439367311074,3651.725834797891,3475.4920913884007,2594.402460456942,1975.2478031634446,1789.340949033392,1383.3427065026362,1333.8945518453427,1212.804920913884,1331.0087873462214,1160.878734622144,1219.286467486819,1190.5202108963092,1253.9349736379613,1234.4780316344463,1372.182776801406,1071.7891036906854,1133.7855887521969,1039.3673110720563,1256.5694200351493,1441.6256590509665,1879.140597539543,1500.7029876977153,1440.8717047451669,1745.5114235500878,1908.2179261862918,1450.7961335676625,1322.2583479789105,1321.652021089631,1502.810193321617,1601.1810193321617,1503.7240773286467,1167.4358523725834,1191.1195079086117,1142.7715289982425,1490.323374340949,1322.9015817223199,1259.4042179261862,1168.8646748681897,1421.980667838313,1813.340949033392,3264.609841827768,2245.2970123022847,1849.5746924428822,1817.2390158172232,2746.017574692443,1912.8857644991213,1575.854130052724,1279.5043936731108,1290.6572934973638,1353.762741652021,1595.446397188049,1369.9472759226715,1936.316344463972,1688.3005272407734,1450.6432337434094,1186.5289982425309,1192.1933216168718,1145.6326889279437,1620.2899824253075,5147.151142355009,5759.769771528998,3565.6608084358522,2879.1493848857644,2150.04920913884,1710.456942003515,1788.353251318102,1926.9718804920915,1548.054481546573,1516.7117750439368,1356.5641476274166,1285.4674868189807,1197.6994727592266,1752.9103690685413,1906.3884007029876,1684.903339191564,2343.3444639718805,2634.9964850615115,1722.4780316344463,1545.3462214411247,1208.9103690685413,1224.4094903339192,1279.103690685413,2526.7820738137084,11965.351493848857,11962.070298769771,7355.908611599297,4895.01230228471,4140.562390158172,5583.462214411248,3476.207381370826,2266.7961335676628,1931.2530755711775,2726.6871704745167,2154.2970123022847,1636.8154657293496,1240.817223198594,1224.432337434095,1127.9121265377855,1201.207381370826,1098.8277680140598,1194.5413005272408,1358.390158172232,1945.5149384885765,6922.4270650263625,19219.16344463972,14625.822495606328,7772.898066783831,4538.920913884007,2897.1915641476276,1839.4534270650263,1835.2038664323375,2298.409490333919,1923.9437609841827,1627.1634446397188,2046.6326889279437,1784.0017574692442,1613.8418277680141,1306.8066783831282,1451.7363796133568,1550.4130052724076,1563.755711775044,1876.2425307557119,4075.6256590509665,6420.182776801406,5708.868189806678,3686.3057996485063,2888.7820738137084,4215.97539543058,3773.7029876977153,3530.9789103690687,3185.177504393673,2735.2565905096662,2144.133567662566,1624.3268892794376,1455.8558875219683,1255.0579964850615,1249.2899824253075,1039.402460456942,1075.4428822495606,1029.7996485061512,1118.1195079086117,1022.896309314587,1197.9630931458698,1015.6432337434095,1090.9121265377855,930.3374340949033,1066.0333919156415,1094.0,1313.1845342706504,1183.7240773286467,1218.7100175746925,1210.9297012302284,1925.664323374341,2009.6010544815465,2540.1792618629174,2551.776801405975,2319.1247803163446,2034.2759226713533,1756.3286467486819,1714.0228471001758,2559.219683655536,3680.304042179262,3345.699472759227,2683.4130052724076,2347.6239015817223,1857.1318101933216,1648.9349736379613,1384.854130052724,1331.2144112478031,1200.2460456942003,1528.7152899824252,4023.017574692443,7109.945518453427,4696.045694200351,3193.5940246045693,2054.9244288224954,1830.0351493848857,2875.829525483304,2771.156414762742,2025.311072056239,2677.81546572935,7681.782073813708,10696.028119507908,9928.557117750439,5746.567662565905,3387.0456942003516,2420.562390158172,1784.8330404217927,2426.7715289982425,6032.311072056239,4819.370826010545,2711.2882249560635,1892.6502636203866,1389.1546572934974,1293.7750439367312,1516.6256590509665,2970.757469244288,2980.031634446397,2856.585237258348,2077.5694200351495,2395.059753954306,7065.766256590509,11694.28295254833,13439.383128295254,7502.45518453427,4078.6942003514937,3258.615114235501,4994.091388400703,15160.428822495607,10166.801405975395,5177.0492091388405,3895.5289982425306,3308.6274165202108,1948.92618629174,1642.646748681898,1277.4130052724076,1385.5641476274166,1569.9595782073814,1465.1581722319859,1329.530755711775,1596.8611599297012,1490.3954305799648,1985.4165202108964,3965.903339191564,3103.14762741652,1754.4797891036908,1447.5553602811951,1129.597539543058,1245.9718804920915,1538.8681898066784,1379.0369068541302,1096.7574692442881,1328.267135325132,1829.6783831282953,2053.08611599297,1760.8664323374342,2616.128295254833,2027.8488576449913,2024.4534270650263,4584.836555360282,4122.4534270650265,2590.175746924429,1912.4042179261862,1526.6660808435852,3321.311072056239,3336.1195079086115,2249.2847100175745,2196.980667838313,3293.920913884007,2788.0755711775046,3343.6555360281195,3168.5448154657292,2972.8998242530756,5509.173989455185,10181.678383128296,6636.186291739895,3740.896309314587,2216.0210896309313,1802.834797891037,1327.572934973638,1284.4639718804922,1138.0,1242.2970123022847,1416.6379613356767,3172.3637961335676,6758.804920913884,4861.277680140597,2803.646748681898,3708.5957820738136,10800.11072056239,9159.138840070298,4541.61862917399,2954.0158172231986,2666.182776801406,3882.8189806678383,3892.2407732864676,3275.321616871705,2270.409490333919,1711.8752196836556,1204.6432337434094,1078.5588752196836,1056.0281195079085,1214.7293497363796,1056.738137082601,1049.7170474516695,1208.2882249560632,1927.908611599297,1774.0632688927944,1634.7855887521969,2022.768014059754,3982.920913884007,3416.8699472759226,2430.4112478031634,1826.5711775043937,4887.639718804921,12663.871704745166,18725.61335676626,11545.513181019332,5168.4270650263625,2493.8980667838314,1676.6133567662566,1209.5026362038664,1544.5448154657292,1410.6080843585237,1290.231985940246,1083.7240773286467,1139.4340949033392,1026.0984182776801,1119.780316344464,1078.4710017574691,1352.4534270650263,1497.5606326889279,2693.5694200351495,12375.899824253076,21595.518453427067,11981.057996485062,5250.131810193322,2759.1599297012303,1827.5254833040422,1319.7346221441126,1366.469244288225,1285.140597539543,1267.0210896309316,1163.4639718804922,1181.372583479789,1235.3954305799648,1488.4428822495606,1687.1493848857644,1681.397188049209,1410.0369068541302,1499.6959578207382,1590.9964850615115,3873.2460456942003,14358.769771528998,28628.080843585238,22033.30404217926,9544.43057996485,4219.652021089631,2483.530755711775,1778.792618629174,1800.2267135325133,1372.1142355008787,1263.9156414762742,1197.1282952548331,1311.6291739894552,1148.743409490334,1218.9472759226715,998.7838312829525,1024.4991212653779,1153.6239015817223,1172.8400702987697,1089.6731107205624,1448.7768014059754,3922.2970123022847,6134.458699472759,3473.395430579965,1911.170474516696,1265.0720562390159,1222.4956063268892,1402.7855887521969,1438.3585237258349,1153.2882249560632,1234.6572934973638,1092.0474516695958,1234.3268892794376,1152.7275922671354,1294.4833040421793,1320.2003514938488,1465.9578207381371,1277.7223198594024,1351.5746924428822,1205.360281195079,1263.3374340949033,1249.0984182776801,3137.650263620387,7777.743409490334,7040.7451669595785,3171.9982425307558,1806.3022847100176,1213.5149384885765,1094.7961335676625,1150.2601054481547,1615.0175746924428,2200.9420035149383,6317.697715289983,8628.070298769771,5142.601054481546,2531.242530755712,1688.0474516695958,1268.286467486819,1345.091388400703,1152.4393673110721,1158.2794376098418,1050.0087873462214,1199.237258347979,1311.5219683655537,1670.397188049209,1539.212653778559,1859.676625659051,4901.326889279438,17521.87170474517,22466.367311072056,12205.492091388402,5628.6309314587,3261.5782073813707,1858.4393673110721,1438.2231985940246,1023.6449912126537,1118.92618629174,956.1898066783831,1015.9789103690686,979.5360281195079,1282.261862917399,3037.388400702988,4578.613356766256,2986.511423550088,1722.029876977153,1211.0087873462214,1131.743409490334,989.3690685413005,1063.8752196836556,928.5799648506152,1050.8400702987697,903.4235500878734,1086.377855887522,1029.945518453427,1091.1915641476273,1100.1616871704746,1113.281195079086,981.2530755711775,1268.6045694200352,1735.3848857644991,6615.383128295255,17812.541300527242,23049.346221441127,12607.702987697716,5657.511423550088,2835.6432337434094,1860.5694200351493,1195.97539543058,1169.817223198594,1003.5131810193321,1080.9666080843585,885.2038664323375,983.8383128295255,1042.548330404218,1085.6239015817223,989.1634446397188,1047.762741652021,945.841827768014,1058.585237258348,938.9982425307558,1075.5869947275924,1586.713532513181,2636.7644991212655,2982.8312829525485,2045.347978910369,1272.6449912126538,1135.1476274165202,954.2776801405976,1061.908611599297,929.4112478031634,1038.5694200351493,950.4991212653779,1018.2653778558876,1012.2671353251318,1153.8418277680141,1124.6977152899824,1160.7029876977153,1015.6467486818981,1128.383128295255,997.7205623901582,1145.8699472759226,1075.0650263620387,1122.2636203866432,929.6274165202109,1014.5799648506152,1067.2355008787347,1015.2056239015817,979.9173989455185,1108.5641476274166,1164.829525483304,1787.592267135325,2198.1247803163446,2705.3022847100174,1845.7521968365554,1331.4112478031634,997.4042179261863,1020.5500878734622,947.3690685413005,1041.9841827768014,876.1089630931459,1019.1634446397188,1013.9191564147627,1275.0826010544815,1227.397188049209,1152.1195079086117,997.6467486818981,1066.718804920914,1003.8629173989456,1080.3567662565906,936.7029876977153,1079.530755711775,952.8875219683656,1089.3321616871706,1000.3637961335677,1041.3708260105448,911.170474516696,1047.7768014059754,1148.9297012302284,1408.7609841827768,1373.804920913884,1619.1546572934974,1367.627416520211,1620.0702987697716,1768.165202108963,1970.4411247803164,1429.602811950791,1205.6502636203866,1007.8242530755712,1088.1493848857644,1083.713532513181,1239.1230228471002,1144.7521968365554,1261.2794376098418,1505.0035149384885,2056.244288224956,2415.467486818981,2381.620386643234,1532.0650263620387,1217.347978910369,1061.8207381370826,1098.372583479789,989.6818980667838,1152.1564147627416,1074.9666080843585,1325.7258347978911,1420.7416520210895,2474.843585237258,7477.316344463972,16152.094903339192,23050.27065026362,25286.702987697714,14100.01230228471,6003.3145869947275,2652.0456942003516,1838.1300527240774,1388.659050966608,1463.493848857645,1614.1757469244287,1912.5553602811951,1834.7820738137082,1670.9367311072056,1311.1968365553603,1362.07381370826,1309.5553602811951,1376.0562390158173,1202.609841827768,1177.0017574692442,988.9525483304042,1099.5413005272408,897.2513181019332,1115.9420035149385,956.5641476274166,1067.5571177504394,941.6379613356767,980.7328646748682,856.0579964850615,943.866432337434,924.0843585237259,1032.2548330404218,888.7855887521969,1012.4253075571178,1252.0210896309316,1364.5553602811951,1271.732864674868,1418.945518453427,1353.267135325132,2780.4428822495606,7289.205623901582,11663.202108963093,15472.915641476275,16284.240773286467,9327.664323374342,4008.4710017574694,2118.8101933216167,1852.3637961335676,1760.8014059753955
582.007393715342,502.9981515711645,528.8280961182994,466.66543438077633,592.6709796672828,432.5637707948244,541.4842883548984,526.1127541589649,558.5341959334565,527.4491682070241,583.5027726432533,509.5120147874307,615.9778188539741,478.11829944547134,595.192236598891,617.1090573012939,655.1256931608133,614.8706099815157,593.8317929759704,570.2181146025878,609.0166358595194,570.0554528650647,678.6044362292051,601.1959334565619,696.6469500924214,679.3068391866913,651.5711645101663,593.3382624768947,643.3197781885398,584.438077634011,694.6561922365989,611.7523105360443,708.634011090573,637.5009242144178,709.8946395563771,610.8502772643253,730.4362292051756,593.373382624769,711.5674676524953,599.8096118299445,712.561922365989,641.9334565619224,628.1256931608133,718.8170055452865,670.5027726432533,536.5138632162661,650.2643253234751,727.8059149722735,751.3789279112755,630.445471349353,722.8243992606284,693.3160813308688,717.0646950092422,691.7763401109057,745.543438077634,599.5785582255083,725.9741219963031,653.8521256931608,691.8133086876155,634.445471349353,701.728280961183,641.7707948243992,688.71719038817,624.2680221811461,739.7966728280961,656.5526802218114,728.5637707948244,671.6617375231053,622.5027726432533,730.5138632162661,681.192236598891,670.996303142329,727.0683918669131,644.2975970425139,714.4103512014788,680.8576709796673,744.1035120147874,680.2939001848429,695.1201478743069,822.9648798521257,773.3049907578559,675.807763401109,733.2421441774492,718.4362292051756,741.8410351201479,696.0425138632163,782.1571164510167,653.8632162661737,710.2236598890943,713.5859519408502,748.8872458410351,663.7116451016636,780.2014787430684,763.2014787430684,726.8706099815157,749.0924214417745,753.1903881700555,726.6118299445471,792.4768946395563,703.09426987061,792.3123844731978,718.0609981515712,750.4658040665435,706.7855822550832,682.5120147874306,696.5637707948244,809.909426987061,669.1312384473198,767.9704251386322,701.8465804066543,646.5157116451016,838.909426987061,832.5785582255083,745.3345656192237,777.7412199630314,736.1201478743069,844.6321626617375,717.898336414048,800.4158964879853,771.0776340110906,772.6765249537892,777.6210720887245,824.1756007393716,739.0129390018484,797.4621072088725,708.1164510166359,769.4436229205176,723.9001848428835,843.6691312384473,797.6931608133087,820.0147874306839,761.5951940850277,840.9685767097967,738.3530499075786,754.4085027726433,742.0,818.9778188539741,780.81146025878,822.7855822550832,669.0831792975971,775.8280961182994,692.9722735674676,676.9796672828096,825.2033271719039,859.6765249537892,758.467652495379,779.4621072088725,775.8761552680222,787.3900184842884,799.086876155268,788.2088724584104,729.5600739371534,767.8391866913124,747.902033271719,847.8428835489833,802.6617375231053,787.6987060998151,784.6081330868761,767.8909426987061,689.9944547134935,831.9223659889094,798.8243992606284,767.5249537892792,779.0166358595194,833.1367837338263,774.8669131238447,799.7486136783734,796.898336414048,849.2218114602588,718.7486136783734,868.0332717190388,800.1404805914972,845.4399260628466,774.2532347504621,742.0406654343808,868.9667282809612,888.8946395563771,775.1349353049908,854.1238447319778,759.5804066543438,895.456561922366,790.2939001848429,800.543438077634,803.0277264325324,771.1959334565619,756.6524953789279,833.9149722735675,816.5083179297598,794.9815157116451,822.3475046210721,825.0147874306839,809.9445471349353,845.2070240295749,777.4972273567467,860.7818853974122,769.090573012939,861.7393715341959,820.9075785582255,829.3086876155268,887.4916820702402,808.1792975970425,835.1349353049908,874.4750462107208,824.0018484288355,852.8317929759704,774.6561922365989,735.8317929759704,913.7412199630314,817.3327171903882,836.5600739371534,874.6672828096118,805.3512014787431,861.7985212569316,796.0776340110906,855.0203327171904,813.9889094269871,862.9833641404806,784.2255083179298,821.1053604436229,793.5730129390018,843.4990757855822,840.0499075785582,878.5009242144178,812.7116451016636,877.0406654343808,864.0388170055453,834.0609981515712,788.5822550831793,818.2014787430684,869.4399260628466,878.456561922366,845.0850277264325,868.0628465804067,878.0794824399261,867.4805914972274,872.9981515711645,804.4584103512015,780.902033271719,782.6783733826247,916.2199630314233,869.1959334565619,828.5064695009243,791.4085027726433,817.1127541589649,827.2883548983364,808.47134935305,849.9205175600739,753.8946395563771,812.4972273567467,837.2033271719039,785.8502772643253,832.7670979667283,772.0018484288355,773.4473197781886,841.1571164510167,798.0536044362292,798.62292051756,809.5767097966728,843.8521256931608,835.6561922365989,836.1552680221812,859.3826247689464,873.5341959334565,766.8909426987061,890.6506469500924,810.1441774491682,842.1146025878004,884.2698706099815,836.4325323475047,813.7837338262477,881.6765249537892,948.7966728280961,898.3789279112755,813.720887245841,945.2402957486137,859.0258780036969,865.3789279112755,868.1866913123845,853.5101663585951,846.9279112754159,881.4750462107208,781.441774491682,815.3900184842884,851.0221811460259,847.7541589648798,885.4584103512015,860.1460258780037,878.4085027726433,857.902033271719,782.3752310536045,881.6284658040665,809.8706099815157,838.6284658040665,844.6654343807763,874.5822550831793,847.8872458410351,888.5452865064696,799.2292051756008,865.1792975970425,818.2495378927912,864.7818853974122,817.6691312384473,788.6025878003696,976.8354898336414,899.4103512014788,893.4898336414049,835.1275415896488,811.441774491682,864.3493530499076,841.0924214417745,855.5249537892792,887.18853974122,828.626617375231,836.0184842883549,895.8927911275416,833.2051756007394,913.0646950092422,817.9593345656192,849.2347504621072,868.1792975970425,899.4158964879853,857.1589648798521,900.3012939001849,900.4768946395563,892.8946395563771,847.1164510166359,880.1423290203327,893.4805914972274,839.181146025878,917.9630314232902,916.2661737523106,856.4251386321627,901.5341959334565,812.9075785582255,780.6118299445471,1015.6081330868761,1043.1497227356747,927.2162661737523,917.2661737523106,909.2587800369686,949.1589648798521,846.3216266173753,918.1497227356747,838.2476894639557,883.7763401109057,939.6654343807763,824.1478743068392,918.1219963031423,976.0776340110906,920.7948243992606,961.81146025878,908.0221811460259,914.9685767097967,897.2347504621072,938.09426987061,939.438077634011,927.0129390018484,891.0591497227357,901.3123844731978,892.7356746765249,875.4491682070241,882.0110905730129,930.9463955637708,929.2975970425139,932.1903881700555,854.1700554528651,824.3844731977819,961.7763401109057,957.6173752310536,916.8502772643253,939.3308687615527,987.8613678373382,1072.8336414048058,1009.3992606284658,952.8484288354898,907.2994454713494,912.2624768946396,918.9667282809612,968.0499075785582,915.3401109057302,931.902033271719,970.3382624768947,978.0554528650647,962.7523105360443,984.7818853974122,911.0184842883549,999.8521256931608,927.558225508318,975.6284658040665,944.0018484288355,1008.2809611829945,974.6672828096118,944.6876155268022,928.5933456561922,959.28280961183,906.6506469500924,957.8798521256931,922.6635859519408,850.898336414048,1059.2624768946396,948.9075785582255,966.0591497227357,995.369685767098,940.6561922365989,1023.9260628465804,961.9574861367837,973.7800369685767,1036.3992606284658,1016.6987060998151,942.5378927911275,998.6081330868761,932.007393715342,946.2883548983364,999.3955637707949,1063.3900184842882,1028.4325323475045,1069.264325323475,1003.3955637707949,1022.6155268022181,980.6913123844732,983.0998151571165,1037.7060998151571,990.7301293900185,997.8576709796673,1062.460258780037,1031.2809611829944,1039.913123844732,1015.0776340110906,1051.735674676525,917.3548983364141,972.3955637707949,1194.3493530499077,1021.7227356746765,1102.7301293900184,1065.4639556377078,1018.9408502772643,1123.388170055453,1181.9722735674677,1240.184842883549,1057.6487985212568,1055.256931608133,980.4528650646951,971.8502772643253,1025.6839186691313,1049.0942698706099,1002.3012939001849,1055.7911275415897,1002.3271719038817,1054.9704251386322,1033.9685767097967,1009.5508317929759,987.2292051756008,1081.1053604436229,1002.3715341959335,1060.2809611829944,1102.0924214417746,1051.7116451016636,976.1737523105361,941.5138632162661,956.1478743068392,988.3548983364141,914.7430683918669,947.7079482439926,1078.3031423290204,1089.2975970425139,956.7356746765249,1002.539741219963,1048.7929759704252,1204.1349353049907,1160.203327171904,1145.1367837338262,972.2902033271719,1020.1460258780037,1007.71719038817,1045.0942698706099,1155.2550831792976,1170.2070240295748,1117.1589648798522,995.2051756007394,988.1386321626618,1011.3086876155268,1028.460258780037,1132.3863216266175,1101.5452865064694,1078.1423290203327,1024.4232902033273,1042.9556377079482,1033.5175600739371,1162.4121996303143,1158.4916820702404,1268.8280961182995,1108.3567467652495,1085.199630314233,992.3678373382625,982.4251386321627,1116.626617375231,1063.0203327171903,980.101663585952,1088.0517560073938,1092.927911275416,1090.5138632162661,1114.6321626617375,1084.7097966728281,1035.6598890942698,1078.8890942698706,1110.8595194085028,1222.5009242144176,1039.8354898336413,1102.876155268022,1103.2218114602588,1153.8280961182995,1120.6987060998151,1091.249537892791,1041.573012939002,1230.9796672828097,1156.18853974122,1096.6062846580407,1074.086876155268,1126.2255083179298,1124.3992606284658,1178.558225508318,1116.6968576709796,1096.2476894639556,1029.6543438077633,1112.0240295748613,1044.1977818853975,955.8484288354898,1152.6099815157118,1087.3345656192237,1052.3715341959335,1071.3197781885397,1061.728280961183,1128.4750462107208,1044.2975970425139,1111.0942698706099,1092.123844731978,1038.1571164510167,1121.0221811460258,1109.086876155268,988.8576709796673,1148.3345656192237,1075.573012939002,1076.7763401109057,996.728280961183,1119.380776340111,1079.2236598890943,1064.7855822550832,1067.9778188539742,1037.8410351201478,996.3585951940851,1097.7670979667282,1056.7837338262477,1082.6709796672828,1080.3992606284658,1125.9574861367837,1009.8373382624769,1111.4639556377078,1031.9870609981515,1083.2070240295748,1095.9519408502772,1166.2698706099816,1119.1497227356747,1106.24584103512,1183.626617375231,1268.0942698706099,1152.0739371534196,1208.7005545286506,1161.6950092421441,1289.5563770794824,1174.9020332717191,1215.6358595194085,1165.109057301294,1017.724584103512,1099.6950092421441,1207.4861367837339,1161.7171903881701,1186.3438077634012,1043.6672828096118,1070.8964879852126,1051.6432532347505,1259.6524953789278,1303.1367837338262,1245.7338262476894,1110.6136783733825,1038.879852125693,996.1571164510167,1187.4195933456563,1129.430683918669,1298.2772643253236,1149.9426987061,1102.5933456561922,1269.6746765249538,1417.0628465804066,1272.9408502772644,1150.3992606284658,1030.611829944547,1087.4177449168208,1040.24584103512,1123.0092421441775,1142.5046210720886,1155.003696857671,1090.1626617375232,1074.7597042513862,1037.5767097966727,1161.62292051756,1149.7134935304991,1254.4731977818853,1042.2476894639556,1149.8133086876155,1019.6210720887245,1118.203327171904,1114.924214417745,1372.2329020332718,1056.1608133086877,1039.731977818854,999.713493530499,1131.561922365989,1149.5212569316081,1273.7024029574861,1043.1756007393715,1041.3567467652495,933.6802218114602,1080.9334565619224,1261.37707948244,1244.090573012939,1077.2883548983364,1124.3974121996303,1064.807763401109,1213.5157116451016,1140.1349353049907,1144.0092421441775,1109.8890942698706,1100.6857670979666,1146.2292051756008,1226.0961182994454,1072.4658040665433,1020.9796672828096,1083.7227356746764,1298.815157116451,1432.615526802218,1598.7929759704252,1245.637707948244,1206.4251386321628,1107.2809611829944,1100.3512014787432,1062.739371534196,1112.7523105360444,1072.992606284658,1288.5822550831792,1052.3345656192237,1068.173752310536,960.5526802218114,1011.0406654343808,954.8336414048059,1008.8410351201479,1077.0129390018485,1239.8391866913123,1190.3105360443624,1102.2310536044363,1026.2088724584103,1120.5286506469502,1071.829944547135,1150.5286506469502,1169.8484288354898,1130.4436229205176,1026.075785582255,1037.4658040665433,990.1977818853974,1044.9223659889094,1005.3752310536045,1117.1460258780037,1076.064695009242,1169.3086876155269,1198.064695009242,1365.6432532347505,1082.6469500924215,1108.8780036968576,1010.1367837338263,1027.3142329020334,975.3530499075786,1109.9445471349352,1043.9020332717191,1214.8632162661738,1258.5951940850277,1541.9149722735674,1615.1441774491682,1202.3493530499077,1186.0850277264326,1199.7301293900184,1112.6654343807763,1539.195933456562,1806.2698706099816,1700.8650646950093,1893.2181146025878,1552.3234750462107,1086.7097966728281,1160.7042513863216,1061.879852125693,1174.5859519408502,1181.992606284658,1518.1404805914972,1893.8817005545286,1591.6617375231053,1395.4842883548984,1565.0240295748613,1438.5933456561922,1485.0425138632163,1399.2218114602588,1808.9537892791127,2692.8964879852124,3322.0702402957486,2536.369685767098,1932.2402957486138,1538.626617375231,1507.354898336414,1638.253234750462,2417.3123844731977,2780.8853974122,1602.438077634011,1382.127541589649,1333.5748613678372,1342.9981515711645,1355.449168207024,1170.0332717190388,1315.8410351201478,1231.6931608133086,1606.9334565619224,1751.1515711645102,1458.7837338262477,1146.18853974122,1239.3752310536045,1200.872458410351,1524.7985212569315,2002.1016635859519,2536.6099815157118,2749.7301293900186,2269.500924214418,1484.014787430684,1770.3475046210722,1439.6432532347505,1424.9593345656192,1601.7227356746764,2065.290203327172,1782.746765249538,1378.8243992606285,1494.992606284658,1432.9704251386322,1438.9112754158964,1962.2883548983364,1642.6580406654343,1439.6691312384473,1632.9537892791127,1522.0961182994454,1217.3327171903882,1373.5767097966727,1609.068391866913,2268.075785582255,1832.4898336414049,1883.3863216266175,1602.3160813308687,1390.1829944547135,1276.0406654343808,1325.2088724584103,1433.9500924214417,1815.4787430683919,1995.5674676524955,1914.3789279112755,2537.086876155268,3270.898336414048,4013.142329020333,3108.229205175601,2510.743068391867,1966.068391866913,1777.3327171903882,1508.0018484288355,1212.7486136783734,1351.3752310536045,1527.0739371534196,1993.4140480591498,2511.5730129390017,1786.120147874307,1345.3179297597042,1318.2828096118299,1475.358595194085,1520.0369685767098,1153.388170055453,1392.2162661737523,1474.800369685767,2022.822550831793,3016.242144177449,3725.6284658040668,1827.2939001848429,1459.1478743068392,1378.7449168207024,1843.0388170055453,2403.0462107208873,2258.144177449168,1515.7652495378927,1448.9057301293901,1370.123844731978,1660.3123844731979,1543.449168207024,1901.0258780036968,2657.894639556377,3675.532347504621,2281.4362292051756,2295.112754158965,2557.554528650647,1733.7024029574861,1382.8502772643253,1497.6321626617375,1758.637707948244,2662.238447319778,3380.351201478743,2509.924214417745,1739.6432532347505,1861.1552680221812,2349.778188539741,1604.4251386321628,1220.2365988909428,1369.4658040665433,1230.8613678373383,1312.2088724584103,1283.2144177449168,1549.9796672828097,1247.927911275416,1367.826247689464,1226.9408502772644,1237.62292051756,1150.5970425138632,1274.2865064695009,1333.2292051756008,1733.5767097966727,1674.8558225508318,1932.0850277264326,1395.253234750462,1402.7338262476894,1209.569316081331,1318.5914972273567,1425.6968576709796,1662.3992606284658,1672.354898336414,1801.7338262476894,1716.3678373382625,1695.645101663586,1500.3271719038817,1659.2051756007393,1882.3160813308687,1694.3253234750462,1606.242144177449,2036.8946395563771,1767.256931608133,1611.173752310536,1476.014787430684,1474.5785582255082,1417.2365988909428,1801.8336414048058,2335.456561922366,2549.170055452865,1750.388170055453,1367.550831792976,1415.5452865064694,1960.9907578558225,1612.9112754158964,1874.6931608133086,2080.2883548983364,2041.5360443622922,1944.1330868761552,1833.060998151571,1631.9741219963032,1735.264325323475,1342.3438077634012,1427.24584103512,1391.724584103512,1512.7560073937154,1381.0961182994454,1476.2624768946396,1344.2347504621073,1503.0887245841036,1749.8484288354898,1678.0240295748613,1444.8632162661738,1540.4029574861368,1477.8336414048058,1612.2014787430685,1826.1016635859519,1929.5489833641404,1881.380776340111,1855.5212569316081,1692.170055452865,1987.1478743068392,2331.0536044362293,2751.539741219963,2729.7911275415895,2290.2199630314235,1911.3456561922367,2230.9390018484287,2287.4195933456563,2103.7227356746766,2012.1829944547135,2026.068391866913,1827.380776340111,1883.2772643253236,1805.7948243992607,1771.5841035120147,1829.4639556377078,1915.3512014787432,1806.5767097966727,2950.5859519408505,3048.7190388170056,2007.4325323475045,1835.8243992606285,2177.0739371534196,1585.0055452865065,1844.7134935304991,1711.561922365989,1667.1312384473197,1835.8484288354898,2245.763401109057,2818.6543438077633,3099.3142329020334,1813.8780036968576,2075.841035120148,2890.9316081330867,4124.73382624769,5114.353049907579,3855.0,2468.898336414048,1984.829944547135,2296.118299445471,2880.014787430684,3126.2125693160815,4266.8170055452865,4124.2199630314235,4012.597042513863,4852.439926062847,5296.255083179298,5009.591497227357,3302.0573012939003,2672.6820702402956,3468.920517560074,2394.841035120148,1678.354898336414,1683.1330868761552,2046.7264325323474,2123.6820702402956,2096.0924214417746,1896.2920517560074,2168.2624768946393,2295.9371534195934,1826.800369685767,1937.9297597042514,3008.112754158965,3065.214417744917,2479.5988909426987,2231.253234750462,2504.1497227356745,1899.8059149722735,1926.184842883549,2094.2199630314235,2514.9907578558227,2565.109057301294,2329.6894639556376,1824.804066543438,1652.883548983364,1500.6247689463955,1919.7985212569315,2642.748613678373,3007.293900184843,2453.837338262477,2157.4805914972276,1825.1330868761552,2471.8077634011092,2749.362292051756,2242.218114602588,2870.5785582255085,3110.739371534196,2455.870609981516,3036.5268022181144,2943.4288354898335,2849.37707948244,2238.988909426987,1929.8632162661738,2170.1756007393715,2893.1903881700555,3909.1534195933455,5097.532347504621,4318.419593345656,4290.785582255083,3600.3179297597044,3601.909426987061,3287.9482439926064,3636.4343807763403,4038.343807763401,3696.1829944547135,4462.878003696857,4884.950092421442,3216.373382624769,2418.4362292051756,1902.3715341959335,2228.62292051756,2455.841035120148,3438.8354898336415,3782.9186691312384,3453.1497227356745,3564.268022181146,3883.5304990757854,4711.894639556377,5224.449168207024,3616.1072088724586,4216.199630314233,4101.833641404806,3009.898336414048,3365.1534195933455,4131.6155268022185,3669.6672828096116,3491.47134935305,3052.9371534195934,3899.6987060998154,3850.22550831793,3944.761552680222,3940.499075785582,4682.658040665435,3665.4805914972276,3128.221811460259,3122.0018484288353,3894.3345656192237,3997.142329020333,3388.391866913124,2477.988909426987,1970.127541589649,1548.5600739371534,1765.3863216266175,1622.4916820702404,1507.8447319778188,1471.1219963031424,1665.920517560074,1409.1866913123845,1469.8650646950093,1484.5951940850277,1481.1423290203327,1431.0295748613678,1557.7560073937154,1688.4658040665433,1864.7190388170056,1807.8410351201478,2696.652495378928,3650.1959334565618,3174.9445471349354,2341.913123844732,1566.569316081331,1336.18853974122,1661.0942698706099,1947.9482439926062,2292.3345656192237,1505.9593345656192,1656.6210720887245,1548.6321626617375,1674.6876155268021,1829.2661737523106,1868.2347504621073,1300.2957486136784,1414.112754158965,1454.9667282809612,1720.3604436229205,1864.2828096118299,2048.0425138632163,2412.264325323475,2994.517560073937,2374.9574861367837,2123.50831792976,2365.521256931608,1653.8354898336413,1400.0554528650648,1482.2624768946396,1435.6654343807763,1781.9630314232902,2480.9112754158964,3172.9038817005544,1902.8059149722735,1976.1349353049907,2361.5489833641404,2925.4306839186693,3727.236598890943,2629.9500924214417,1746.3863216266175,2416.247689463956,2024.8927911275416,1686.8853974121996,1344.5341959334567,1733.8927911275416,2123.1977818853975,2746.9981515711647,1965.5674676524955,2294.014787430684,2315.0443622920516,2133.96303142329,1349.6210720887245,1492.796672828096,1541.9001848428836,2002.3160813308687,2816.227356746765,4815.783733826248,5919.09426987061,6218.2051756007395,3398.1719038817005,1813.253234750462,1381.7855822550832,1414.2365988909428,1250.7042513863216,1476.8336414048058,1495.6746765249538,2094.6321626617373,2408.916820702403,2989.5859519408505,3652.5674676524955,4487.140480591497,2255.460258780037,1911.5804066543437,1820.3031423290204,2068.1940850277265,2188.24584103512,3186.648798521257,4195.240295748614,3418.8096118299445,2438.351201478743,3320.833641404806,2498.3530499075787,1626.2939001848429,1453.2236598890943,1766.5064695009241,2188.029574861368,3383.482439926063,2612.9186691312384,1829.9223659889094,1789.9149722735674,2097.0554528650646,2241.96303142329,2516.8428835489835,2106.7338262476896,1716.9112754158964,2110.6247689463958,2183.992606284658,2052.4343807763403,3369.7375231053607,3167.2624768946393,1969.4824399260629,1872.5804066543437,2900.62292051756,3081.7079482439926,2445.5674676524955,2833.96303142329,4119.689463955638,5699.796672828096,3978.5452865064694,1970.199630314233,1590.1866913123845,1275.5138632162661,1437.5027726432531,1378.5378927911274,1812.24584103512,1548.7855822550832,1455.815157116451,1275.7874306839187,1349.9186691312384,1096.7781885397412,1238.3234750462107,1273.9445471349352,1318.7763401109057,1343.2735674676526,1360.4085027726433,1096.3715341959335,1427.6950092421441,1447.9519408502772,1345.913123844732,1118.822550831793,1255.8595194085028,1113.007393715342,1232.5767097966727,1171.4990757855824,1328.170055452865,1097.8946395563771,1262.0092421441775,1084.800369685767,1397.4750462107208,1196.271719038817,1243.3234750462107,1098.4362292051756,1210.127541589649,1124.6857670979666,1217.260628465804,1191.746765249538,1444.5804066543437,1146.1182994454714,1236.3197781885397,1139.242144177449,1213.9648798521257,1059.872458410351,1148.3678373382625,1317.2255083179298,1488.6321626617375,1474.8946395563771,1422.7985212569315,1415.5674676524955,1779.3290203327172,1887.9556377079482,1635.1460258780037,1740.1571164510167,2388.029574861368,1594.9593345656192,1291.4214417744918,1144.9981515711645,1244.4011090573013,1241.890942698706,1172.1478743068392,1086.800369685767,1310.9630314232902,1059.7060998151571,1274.9796672828097,1091.3105360443624,1250.4658040665433,1167.003696857671,1162.6728280961183,1079.3530499075785,1181.9001848428836,1190.7375231053604,1544.2920517560074,1807.2957486136784,1654.5046210720886,1321.0961182994454,1289.739371534196,1460.5064695009241,1454.807763401109,1262.083179297597,1426.5896487985212,1470.985212569316,1686.5046210720886,1297.181146025878,1181.5323475046212,1155.6635859519408,1285.9482439926062,1258.3456561922367,1689.6857670979666,1966.2439926062846,1773.456561922366,1271.2809611829944,1356.4140480591498,1461.8706099815156,1970.6598890942698,1455.0499075785583,1435.5323475046212,1511.8669131238448,1850.3160813308687,1988.6617375231053,2015.8170055452865,1587.2439926062846,1477.2273567467653,1315.3105360443624,1637.7024029574861,1334.6672828096118,1261.2476894639556,1064.1109057301294,1233.829944547135,1401.6765249537893,1466.2273567467653,1561.7615526802217,1809.1829944547135,1423.1756007393715,1711.8059149722735,2117.3142329020334,2275.750462107209,1575.550831792976,1686.7615526802217,1821.1571164510167,1655.0351201478743,1531.9630314232902,1763.641404805915,1932.1903881700555,2282.785582255083,1640.0314232902033,1953.3438077634012,2339.866913123845,3142.9001848428834,1979.123844731978,1803.253234750462,1734.9001848428836,1788.0406654343808,2221.5231053604434,3630.255083179298,4625.131238447319,3421.025878003697,2745.626617375231,3342.5951940850277,2074.7116451016636,1677.271719038817,2026.0924214417746,2921.286506469501,2405.3253234750464,2708.4269870609983,2431.120147874307,2608.8133086876155,2536.706099815157,3588.9075785582254,2752.8465804066545,1924.3937153419593,1539.7634011090572,1763.7763401109057,2300.6894639556376,2073.1146025878,1402.275415896488,1811.441774491682,2710.5194085027724,3765.641404805915,2509.765249537893,3101.3068391866914,3245.380776340111,3190.7375231053607,4396.493530499076,3452.1146025878,2427.3974121996303,4127.024029574862,5131.03696857671,2859.663585951941,2192.0628465804066,3373.5415896487984,5110.571164510166,5759.730129390018,4983.530499075786,3769.146025878004,2900.600739371534,3190.6543438077633,5199.909426987061,7327.560073937153,4899.114602587801,3459.778188539741,5448.103512014787,8969.595194085028,5906.136783733827,3481.2033271719038,2085.898336414048,1871.9445471349352,2105.101663585952,3253.8114602587802,3391.0462107208873,3463.018484288355,4416.046210720887,6729.301293900185,4562.75415896488,2664.815157116451,1997.6802218114603,1498.358595194085,1318.8280961182995,1624.8336414048058,1603.630314232902,2024.2735674676526,3135.0203327171903,3385.9556377079484,2036.2236598890943,1728.985212569316,1773.7874306839187,1759.641404805915,1436.7153419593346,1775.9759704251387,2388.007393715342,3579.4195933456563,2720.844731977819,2335.279112754159,2342.2070240295748,1759.887245841035,1484.872458410351,1709.3438077634012,2402.6691312384473,2417.735674676525,1567.807763401109,1603.4288354898335,1494.6783733826248,1833.362292051756,1394.3216266173752,1537.743068391867,1542.6136783733825,2187.992606284658,2536.4658040665436,2283.3974121996303,1793.2624768946396,1470.8521256931608,1370.5748613678372,1574.0665434380776,1480.7781885397412,1572.4158964879853,1955.6173752310535,1853.2957486136784,1459.9020332717191,1524.0221811460258,1325.6081330868763,1605.3197781885397,2145.9482439926064,3381.271719038817,2390.2199630314235,1628.2735674676526,1532.9981515711645,1475.173752310536,1374.2809611829944,1667.56561922366,1369.8336414048058,1466.9519408502772,1610.4214417744918,2178.1885397412198,2355.290203327172,2186.4325323475045,1491.728280961183,1685.8687615526803,2116.9279112754157,2372.759704251386,1564.615526802218,1457.829944547135,1354.7911275415897,1890.5914972273567,1548.8669131238448,1442.445471349353,1436.56561922366,1662.5785582255082,1901.9500924214417,2279.2661737523104,1592.6561922365988,1674.931608133087,2051.77449168207,2239.28280961183,1336.8354898336413,1372.452865064695,1160.2772643253236,1296.7005545286506,1232.7652495378927,1435.9260628465804,1383.2439926062846,1885.0591497227356,2825.6099815157118,2386.881700554529,1266.5212569316081,1269.7892791127542,1216.7024029574861,1507.6487985212568,1201.1626617375232,1428.2347504621073,1141.5878003696857,1434.2070240295748,1299.6025878003697,1251.5157116451016,1228.920517560074,1329.1497227356747,1338.068391866913,1882.539741219963,2262.7116451016636,1735.24584103512,1561.3530499075785,2551.6321626617373,2552.127541589649,1524.7689463955637,1389.6044362292052,1610.083179297597,1528.199630314233,1520.3253234750462,1221.3641404805915,1538.2384473197783,1905.4121996303143,2422.6432532347503,2780.913123844732,2045.1977818853975,1399.4362292051756,1582.7726432532347,1634.1756007393715,2246.536044362292,1711.3826247689465,1767.9574861367837,1705.6044362292052,2261.8003696857672,1658.7042513863216,1629.8428835489833,1926.6173752310535,2164.611829944547,1393.5785582255082,1447.6469500924215,1679.4805914972274,2863.0591497227356,3656.0961182994456,2158.343807763401,1712.4158964879853,1898.1571164510167,1441.6709796672828,1510.268022181146,1522.4584103512016,1686.120147874307,1467.060998151571,1489.1792975970425,1315.890942698706,1842.8558225508318,2691.750462107209,2358.981515711645,1332.8336414048058,1418.4140480591498,1285.1146025878004,1364.7707948243992,1431.109057301294,1666.1072088724584,1406.4011090573013,1997.8521256931608,1829.083179297597,1740.9833641404805,1271.8059149722735,1269.4121996303143,1117.6839186691313,1288.2347504621073,1215.6044362292052,1488.18853974122,1689.3826247689465,1890.1349353049907,1408.4011090573013,1353.3937153419593,1219.8743068391866,1491.743068391867,1585.0924214417746,1710.007393715342,1701.8983364140481,2249.3179297597044,2009.5249537892792,1463.9445471349352,1370.9593345656192,1598.7523105360444,1856.5009242144176,2062.913123844732,1962.0628465804066,2332.227356746765,1861.3678373382625,1733.3992606284658,1395.192236598891,1622.935304990758,1720.0702402957486,1804.4621072088726,1370.1109057301294,1618.62292051756,1744.4621072088726,2661.554528650647,3948.6728280961183,4300.892791127541,1721.924214417745,1536.430683918669,1578.2661737523106,1440.5804066543437,1116.9778188539742,1373.2218114602588,1218.0554528650648,1324.0258780036968,1470.9057301293901,1489.0258780036968,1199.5914972273567,1374.7911275415897,1229.7985212569315,1327.7763401109057,1220.5988909426987,1500.2624768946396,1384.996303142329,1573.4713493530498,1854.9297597042514,2484.9833641404807,1800.199630314233,1314.5951940850277,1166.438077634011,1372.550831792976,1310.3992606284658,1849.3937153419593,1613.3327171903882,1562.2735674676526,1199.173752310536,1533.7744916820702,1628.5212569316081,1556.0369685767098,1175.5341959334567,1285.924214417745,1171.872458410351,1236.1460258780037,1175.8317929759705,1366.0887245841036,1267.014787430684,1490.260628465804,1447.0462107208873,1515.5341959334567,1354.456561922366,1395.5970425138632,1343.3382624768947,1637.4731977818853,2303.373382624769,2070.735674676525,1185.0462107208873,1323.8059149722735,1223.637707948244,1241.9741219963032,1184.0018484288355,1404.3475046210722,1502.260628465804,2371.4048059149723,2268.6691312384473,1939.6524953789278,1478.3493530499077,1712.5138632162661,1634.6894639556376,1611.9722735674677,1726.2199630314233,2468.2994454713494,2908.7042513863216,2254.3752310536042,1673.6099815157118,2107.720887245841,2379.663585951941,2692.3641404805917,1866.7097966728281,2034.1312384473197,3296.482439926063,3897.4584103512016,1854.249537892791,1466.3197781885397,1324.011090573013,1426.6950092421441,1314.5970425138632,1508.014787430684,1288.2587800369686,1428.275415896488,1466.4879852125694,2088.227356746765,3125.1719038817005,4742.129390018485,3046.62292051756,2161.75415896488,1804.5804066543437,2272.619223659889,1751.829944547135,2283.768946395564,2665.0018484288353,1775.626617375231,1446.7338262476894,1862.2365988909428,2261.6617375231053,2664.445471349353,1726.011090573013,1798.9907578558225,2282.120147874307,4055.9722735674677,6209.7948243992605,4188.430683918669,2930.6931608133086,2661.837338262477,2428.8317929759705,1945.7874306839187,1572.6635859519408,1983.1682070240295,2634.120147874307,5066.670979667283,4740.133086876155,2260.2994454713494,1576.184842883549,2007.6654343807763,2730.630314232902,4059.4473197781886,2270.913123844732,2051.4362292051756,2445.1922365988908,3658.0554528650646,2255.144177449168,1614.4473197781886,1335.6783733826248,1487.750462107209,1557.4362292051756,2144.0406654343806,2951.1866913123845,4796.393715341959,4344.543438077634,5254.837338262477,6809.436229205176,3498.512014787431,2363.399260628466,3512.129390018484,5571.109057301294,5683.523105360444,3123.4380776340113,2427.837338262477,3282.9944547134937,6333.539741219963,7429.395563770795,2929.7948243992605,1634.441774491682,1696.170055452865,1753.4288354898335,1789.6617375231053,1378.7171903881701,1448.5489833641404,1458.003696857671,1919.4621072088726,1922.116451016636,2902.258780036969,3601.4288354898335,4513.1682070240295,3339.0961182994456,4428.30314232902,7011.109057301294,5524.695009242144,5978.308687615527,4519.8539741219965,2809.8465804066545,3083.5859519408505,3411.445471349353,2073.3678373382627,1518.1903881700555,1620.8428835489833,2138.663585951941,2463.6062846580407,1885.5878003696857,2062.09426987061,1867.4085027726433,2528.4768946395566,4375.702402957486,7200.068391866913,3484.3826247689462,2011.0425138632163,1863.8927911275416,1722.0776340110906,1777.6099815157118,2541.0314232902033,4401.6081330868765,7651.552680221812,6215.715341959334,8090.828096118299,4834.4066543438075,3896.003696857671,5238.964879852126,3726.597042513863,2066.6802218114603,1825.9796672828097,1779.9038817005546,2224.1977818853975,3404.90573012939,5996.269870609982,6457.162661737523,5868.624768946395,5201.297597042514,5529.96303142329,2628.384473197782,2481.2199630314235,2473.8890942698704,1920.1792975970425,1557.8059149722735,1540.4584103512016,1529.3992606284658,1793.7985212569315,2309.861367837338,3706.515711645102,3031.9316081330867,4615.31977818854,4336.541589648798,5706.98336414048,7221.064695009242,10561.678373382625,18537.80776340111,13655.584103512016,4453.7726432532345,2591.6839186691313,2558.456561922366,4460.014787430684,4543.658040665435,5556.907578558225,9572.24953789279,7273.859519408503,3214.757855822551,1798.8890942698706,1563.4177449168208,2077.6987060998154,2893.486136783734,4656.460258780037,4730.663585951941,5902.417744916821,3299.2698706099814,1821.81146025878,1545.7024029574861,1584.7024029574861,1511.9500924214417,1835.9408502772644,2235.3974121996303,3354.347504621072,6564.2495378927915,5204.099815157117,2186.0720887245843,2105.9759704251387,2492.2661737523104,4279.497227356746,4249.223659889094,7211.110905730129,5945.24584103512,3979.6672828096116,1930.2218114602588,1701.0887245841036,1781.561922365989,2044.3678373382625,2197.1959334565618,3750.909426987061,7356.014787430684,6022.273567467652,2446.4177449168205,1829.8743068391866,1446.3678373382625,1588.9796672828097,1557.6081330868763,1580.7264325323474,1582.5027726432531,2149.9353049907577,1912.1571164510167,1927.9297597042514,2589.460258780037,2806.750462107209,3064.5822550831795,5973.195933456562,9092.561922365989,5629.604436229205,7162.695009242144,5851.271719038817,2453.125693160813,2067.9334565619224,1733.829944547135,2104.0702402957486,1480.7818853974122,1521.5175600739371,1465.7523105360444,1474.2199630314233,1592.430683918669,2372.7375231053607,4055.513863216266,8296.292051756007,5504.826247689464,2908.874306839187,1729.2902033271719,1539.619223659889,1321.826247689464,1316.7208872458411,1356.5896487985212,1444.887245841035,1328.195933456562,1619.0813308687616,2012.9463955637707,2807.3105360443624,5282.829944547135,5830.628465804067,2386.743068391867,2049.4343807763403,1917.724584103512,1947.9833641404805,1503.872458410351,1638.3253234750462,1534.7264325323474,1483.804066543438,1466.9630314232902,2289.4768946395566,2790.9556377079484,5559.423290203327,3286.728280961183,1728.9667282809612,1366.2994454713494,1448.2310536044363,1338.3049907578559,1432.438077634011,1367.5767097966727,1490.0628465804066,1414.2014787430685,1752.3123844731979,2073.829944547135,3899.3530499075787,3875.5859519408505,2101.3160813308687,1940.5138632162661,2068.9944547134937,1610.6783733826248,1664.6543438077633,1426.9020332717191,1509.4731977818853,1510.1146025878004,1909.8780036968576,2537.597042513863,3823.0628465804066,8488.223659889094,14802.369685767098,10247.399260628466,4180.894639556377,2221.728280961183,2100.2994454713494,1467.7763401109057,1412.8484288354898,1191.380776340111,1327.822550831793,1151.796672828096,1245.9833641404805,1105.1441774491682,1247.4584103512016,1126.879852125693,1282.81146025878,1338.8669131238448,1643.2624768946396,1434.81146025878,1548.9186691312384,1590.739371534196,1409.260628465804,1300.6284658040665,1394.6746765249538,1198.43438077634,1443.4898336414049,1761.9371534195934,2622.4399260628466,1591.4158964879853,1421.1478743068392,1341.1645101663587,1861.4121996303143,1980.0406654343808,2163.0739371534196,1684.1035120147874,1521.62292051756,1303.7005545286506,1727.4916820702404,1252.5600739371534,1531.0536044362293,2028.6820702402958,3710.8114602587802,3046.750462107209,1872.6506469500923,1279.24584103512,1330.743068391867,1354.1367837338262,1568.4048059149723,1198.4621072088726,1269.5600739371534,1175.014787430684,1460.0776340110906,1906.3197781885397,1846.1866913123845,2030.9833641404805,2280.177449168207,1645.5212569316081,1691.5064695009241,1498.0998151571164,1463.7153419593346,1256.6284658040665,1401.9981515711645,1294.7116451016636,1659.872458410351,1830.060998151571,1747.5304990757857,1489.4158964879853,1923.6950092421441,2298.815157116451,2770.5767097966727,2704.0351201478743,2526.0018484288353,1782.7116451016636,1497.8022181146025,1359.8521256931608,1506.645101663586,1510.456561922366,1556.184842883549,1384.6746765249538,1545.615526802218,1789.170055452865,2487.9149722735674,2800.743068391867,1957.9593345656192,2132.52865064695,2615.634011090573,2354.9334565619224,2211.467652495379,1813.626617375231,2334.4232902033273,2797.2162661737525,3287.0,2809.8391866913125,2073.8133086876155,1694.1256931608134,2088.611829944547,3074.369685767098,3074.615526802218,2494.2125693160815,2333.8022181146025,1719.2218114602588,1921.3863216266175,1512.1404805914972,1799.426987060998,1923.6950092421441,2506.550831792976,2216.759704251386,2009.1589648798522,2139.493530499076,1824.24584103512,1467.0850277264326,1510.7486136783734,1505.6136783733825,1788.7208872458411,1625.4103512014788,1519.083179297597,1478.184842883549,1839.4214417744918,1600.757855822551,2255.992606284658,2916.238447319778,2041.8927911275416,1595.2587800369686,2185.231053604436,2624.6506469500923,2240.162661737523,2736.6580406654343,4741.632162661737,3986.724584103512,2526.866913123845,2261.554528650647,2029.927911275416,1932.7079482439926,2121.652495378928,1876.9778188539742,2269.996303142329,1572.8927911275416,1742.8059149722735,1867.8096118299445,1793.0850277264326,2038.1645101663587,2878.493530499076,1892.7818853974122,1687.8539741219963,1885.6007393715342,2532.4214417744915,3050.837338262477,4918.048059149723,6936.231053604436,4473.353049907579,2744.5674676524955,2340.765249537893,2946.0166358595193,5459.123844731977,7668.478743068392,3831.5526802218114,2348.9334565619224,2809.3641404805917,4412.950092421442,4921.504621072088,4288.462107208872,2193.247689463956,1727.24584103512,1767.1035120147874,1421.9426987061,2061.133086876155,2028.1663585951942,3939.744916820702,2839.136783733826,1926.6968576709796,1716.6284658040665,1850.9574861367837,2366.3327171903884,3102.761552680222,3559.3641404805917,5246.687615526802,6469.781885397412,8605.452865064695,8897.268022181146,5353.194085027726,7092.826247689464,10899.293900184843,6122.582255083179,4238.136783733827,5051.994454713494,3386.1959334565618,3576.2162661737525,3034.5988909426987,2646.384473197782,4617.334565619223,7515.683918669131,4380.713493530499,3718.4085027726433,7195.992606284658,9450.713493530498,4094.3789279112752,2521.9796672828097,2952.1571164510165,3870.3382624768947,9162.81146025878,11288.367837338263,5483.439926062847,5603.463955637708,7949.79112754159,4728.8096118299445,3561.1977818853975,3844.8354898336415,4038.4288354898335,3743.260628465804,2438.4768946395566,2102.9556377079484,3455.2051756007395,3605.9001848428834,3736.1792975970425,2435.3530499075787,1984.4621072088726,2318.881700554529,2099.731977818854,1565.9704251386322,1791.3752310536045,2281.0961182994456,4609.388170055453,3804.497227356747,2120.9149722735674,1550.879852125693,1490.5785582255082,1507.4011090573013,2088.818853974122,3229.515711645102,5230.297597042514,2553.750462107209,2218.5341959334564,2585.5674676524955,3698.7929759704252,6672.2495378927915,5302.1682070240295,2959.5730129390017,2129.6839186691313,1683.0998151571164,2159.6968576709796,2450.5526802218114,2017.4713493530498,1785.728280961183,1996.6284658040665,2338.750462107209,3019.0628465804066,1966.6136783733825,1700.5785582255082,1614.014787430684,1717.24584103512,1955.9371534195934,1785.6709796672828,1606.4750462107208,1697.2273567467653,1688.2365988909428,1619.5767097966727,1461.3327171903882,1674.735674676525,1512.9038817005546,1484.6894639556376,1449.6543438077633,2408.170055452865,2829.3327171903884,4095.452865064695,2285.5341959334564,1649.8632162661738,1410.079482439926,1656.445471349353,1383.5212569316081,1530.7800369685767,1648.7837338262477,3077.743068391867,3386.6987060998154,2050.4417744916823,1582.9944547134935,2036.8780036968576,4067.033271719039,3295.9316081330867,1715.1497227356747,1525.1035120147874,1416.3234750462107,1505.388170055453,1426.5360443622922,1389.452865064695,1388.5563770794824,1632.9870609981515,2279.1072088724586,2125.759704251386,1512.2218114602588,1482.739371534196,1472.0,1628.1109057301294,1453.9704251386322,2197.857670979667,1942.5637707948244,2698.247689463956,5012.45101663586,6813.645101663586,3103.6691312384473,2075.785582255083,1673.641404805915,1596.630314232902,1389.5878003696857,1885.3123844731979,2135.234750462107,3301.970425138632,3157.7948243992605,1994.8706099815156,1543.0536044362293,1418.18853974122,1203.6691312384473,1295.4898336414049,1156.5489833641404,1292.829944547135,1365.7726432532347,1830.5951940850277,1280.203327171904,1206.3345656192237,1048.4288354898335,1136.2698706099816,1054.1404805914972,1160.6931608133086,1090.4048059149723,1310.123844731978,1273.807763401109,2034.2051756007393,2759.279112754159,7354.081330868761,9685.73382624769,5120.521256931608,2948.8040665434382,1940.5804066543437,1363.007393715342,1376.8853974121996,1480.872458410351,1498.0240295748613,1181.7486136783734,1288.4916820702404,1122.0998151571164,1261.3068391866914,1627.9648798521257,2598.0646950092423,2122.554528650647,1585.9482439926062,1368.8613678373383,1454.2181146025878,1230.6469500924215,1303.8502772643253,1228.1293900184844,1402.6968576709796,1280.4805914972274,1484.818853974122,1310.5064695009241,1505.3179297597042,1698.6395563770795,2009.920517560074,2110.648798521257,2407.6580406654343,1594.920517560074,1510.5378927911274,1284.7837338262477,1345.4898336414049,1313.5304990757857,1769.6820702402958,2156.735674676525,1755.1792975970425,1360.872458410351,1405.6321626617375,1382.7190388170056,1394.5249537892792,1149.7763401109057,1144.2846580406654,1311.3752310536045,1394.739371534196,1281.1312384473197,1737.8595194085028,1476.0591497227356,1552.2107208872458,1700.9556377079482,1612.1219963031424,1469.1645101663587,1579.2070240295748,1479.2199630314233,1777.3918669131237,1572.362292051756,2153.4547134935306,1685.8539741219963,1432.985212569316,1305.5249537892792,1795.4898336414049,1175.3493530499077,1372.7597042513862,1237.916820702403,1418.8354898336413,1470.4750462107208,1574.7874306839187,1450.1534195933457,1500.064695009242,1262.645101663586,1360.4750462107208,1429.62292051756,1510.611829944547,1232.3382624768947,1360.800369685767,1620.9260628465804,1728.2698706099816,2062.406654343808,1849.4750462107208,1621.2957486136784,1540.8539741219963,1314.5304990757857,1419.5785582255082,1338.0258780036968,1477.5175600739371,1274.6691312384473,1374.6081330868763,1361.554528650647,1413.2902033271719,1241.6746765249538,1377.743068391867,1257.6709796672828,1778.3789279112755,1269.2902033271719,1415.4103512014788,1551.173752310536,2020.1441774491682,1512.5933456561922,1632.0554528650648,1843.5341959334567,3256.5767097966727,2941.5378927911274,4302.641404805915,2842.181146025878,2173.4085027726433,1672.4048059149723,1520.2125693160813,1383.735674676525,1481.8853974121996,1212.064695009242,1328.2236598890943,1202.56561922366,1394.0499075785583,1409.6543438077633,2015.4639556377078,2755.863216266174,2639.7042513863216,3011.011090573013,2480.77449168207,1807.1256931608134,1773.8669131238448,1680.992606284658,2099.9223659889094,3253.3216266173754,2989.974121996303,1767.56561922366,1683.739371534196,1423.4103512014788,1527.7929759704252,1632.4916820702404,1595.449168207024,1423.909426987061,1538.5970425138632,1363.558225508318,1462.5600739371534,1714.818853974122,3185.5693160813307,5552.45471349353,4077.452865064695,2784.4731977818856,2759.752310536044,2119.9112754158964,1801.645101663586,1620.5711645101665,1900.3142329020334,1761.2125693160813,1844.0591497227356,2673.8114602587802,4853.573012939002,2876.9316081330867,2227.512014787431,2380.4214417744915,3026.9279112754157,2838.550831792976,2286.521256931608,2762.4510166358596,5339.025878003697,3092.279112754159,2617.6173752310538,3294.543438077634,6406.632162661737,11036.292051756007,6358.456561922366,3418.3419593345657,2640.1792975970425,2446.765249537893,2359.158964879852,2203.8428835489835,2214.6728280961183,2665.5988909426987,5936.820702402957,4288.682070240296,2973.8243992606285,2853.3937153419593,2580.9371534195934,1994.3086876155269,2162.120147874307,3393.388170055453,5940.34011090573,5395.415896487985,3250.4362292051756,2276.336414048059,1875.3974121996303,1598.6802218114603,2100.52865064695,3717.146025878004,3886.1996303142328,3225.977818853974,5565.066543438078,4528.767097966728,3742.7005545286506,4754.075785582255,9500.284658040666,10884.210720887246,7223.055452865065,5411.059149722736,3362.859519408503,2284.0609981515713,1953.5083179297596,1722.7744916820702,2094.0554528650646,1740.2550831792976,1725.9334565619224,2078.1645101663585,1876.988909426987,1528.445471349353,1603.388170055453,1522.5637707948244,1928.441774491682,2113.6284658040668,2368.8465804066545,2312.2624768946393,2756.9316081330867,5181.613678373383,15989.829944547135,22756.802218114604,12258.005545286507,7543.889094269871,6053.404805914973,7193.199630314233,10250.916820702403,6651.8317929759705,7387.519408502772,4520.537892791128,3541.4011090573013,3530.9907578558227,2916.898336414048,2183.28280961183,2064.630314232902,2023.8059149722735,3284.3049907578556,2697.3105360443624,3274.713493530499,4503.090573012939,3470.86876155268,2568.8133086876155,2074.9334565619224,1625.5951940850277,1705.6506469500923,1638.064695009242,1890.3900184842882,1766.8780036968576,1909.9426987061,2344.6506469500923,2321.65988909427,2629.600739371534,2949.870609981516,2066.1792975970425,2189.7116451016636,2060.4158964879853,1931.6894639556376,1659.7634011090572,2211.286506469501,1855.018484288355,3389.1756007393715,9020.927911275416,7438.576709796673,3974.992606284658,2720.4584103512016,2247.1682070240295,2698.34011090573,2242.1903881700555,2055.162661737523,1888.5600739371534,2756.3123844731977,2307.4158964879853,2099.5304990757854,2067.844731977819,2226.134935304991,2910.6876155268023,6961.221811460259,12747.438077634011,9719.478743068392,10927.935304990759,5942.417744916821,3748.728280961183,2812.8114602587802,2060.611829944547,1824.4731977818853,1658.7985212569315,1788.6007393715342,1789.0443622920518,2052.9611829944547,1986.890942698706,2438.8170055452865,1914.007393715342,2497.8428835489835,2941.5600739371534,2349.7005545286506,1862.2994454713494,1771.249537892791,1744.626617375231,2114.9500924214417,2596.6432532347503,4477.987060998152,10415.872458410351,8522.238447319778,4391.251386321626,3360.9075785582254,3023.1866913123845,2505.395563770795,2003.1016635859519,2248.6894639556376,2860.536044362292,2495.4473197781886,3088.369685767098,6163.238447319778,9561.510166358596,6205.201478743068,3459.861367837338,2574.127541589649,2220.388170055453,1936.6081330868763,1531.1866913123845,1608.441774491682,1381.388170055453,1864.8558225508318,1387.7190388170056,1813.4898336414049,1967.8207024029575,1943.8096118299445,2521.3863216266172,2274.238447319778,1822.554528650647,2238.336414048059,2079.3234750462107,1987.645101663586,2083.9297597042514,2070.7116451016636,1649.8391866913123,1848.5600739371534,2140.86876155268,3966.630314232902,8502.944547134935,5568.378927911275,3642.750462107209,2749.815157116451,2549.166358595194,2204.6247689463958,1654.8207024029575,1678.890942698706,1739.7911275415897,1831.2014787430685,1885.181146025878,3497.735674676525,8942.118299445472,6751.972273567468,4361.293900184843,3896.5489833641404,3298.445471349353,4689.1903881700555,3893.1608133086875,6407.053604436229,16632.850277264326,14129.739371534197,8146.064695009242,6435.571164510166,4174.081330868761,3641.286506469501,4363.166358595194,3791.0813308687616,2615.6062846580407,2516.7837338262475,3495.0720887245843,7128.356746765249,6817.656192236599,4137.691312384473,3019.2846580406654,2873.9390018484287,4222.040665434381,8159.707948243992,5814.463955637708,5442.667282809612,3883.5415896487984,3082.15157116451,2873.772643253235,4603.09426987061,9547.412199630315,11606.656192236598,12710.062846580407,8559.493530499076,5147.560073937153,3856.853974121996,2826.4473197781886,2938.517560073937,3419.138632162662,2542.497227356747,2218.0388170055453,2350.6469500924213,2188.275415896488,1891.3493530499077,1668.0887245841036,1738.199630314233,1409.735674676525,1561.1016635859519,1877.37707948244,2580.731977818854,3426.597042513863,6300.900184842883,9956.401109057302,18100.105360443624,11149.432532347504,7945.98336414048,9133.286506469502,6995.643253234751,7820.2421441774495,12459.876155268023,7124.637707948244,4689.744916820702,3314.9537892791127,2733.0,2044.2125693160813,2252.731977818854,1657.6432532347505,1803.8964879852126,2453.5452865064694,6447.646950092421,17347.419593345658,12084.332717190387,7097.804066543438,5324.652495378928,4048.0924214417746,4092.7153419593346,6280.1829944547135,17971.60628465804,33897.54528650647,20043.72088724584,12363.809611829945,10096.550831792976,6662.837338262477,5376.3918669131235,5626.890942698706,4192.142329020333,4469.722735674676,4070.0129390018483,3125.6543438077633,2885.863216266174,2320.1497227356745,2665.731977818854,3012.134935304991,2891.2070240295748,4288.118299445471,13573.367837338263,28675.70979667283,19206.85767097967,11331.070240295749,7630.75415896488,6068.887245841035,8180.574861367837,15324.645101663586,20275.554528650646,17065.040665434382,16514.543438077635,13957.07393715342,9303.964879852125,7797.835489833641,7124.114602587801,4746.393715341959,3109.898336414048,2505.8317929759705,2226.2199630314235,1913.5600739371534,2084.142329020333,2502.4103512014785,3057.279112754159,4328.519408502772,3328.2199630314235,2454.5914972273567,2194.4251386321625,1977.1035120147874,1936.4787430683919,1759.6968576709796,2295.3567467652497,2554.870609981516,2203.2199630314235,1760.4676524953788,2189.510166358595,2383.619223659889,3916.9759704251387,5476.112754158965,4329.033271719039,3666.765249537893,6598.075785582255,8864.510166358596,9230.589648798521,10460.229205175601,6665.443622920518,7459.813308687616,16979.977818853975,14323.37707948244,13499.349353049907,10553.665434380777,6591.900184842883,4972.84842883549,4141.948243992606,3220.626617375231,2937.1146025878,2789.4121996303143,2915.6876155268023,2379.9537892791127,2563.463955637708,3033.6173752310538,4526.868761552681,8319.665434380777,17005.410351201477,17748.817005545287,10556.022181146025,6877.123844731977,6999.933456561922,9839.86876155268,8793.768946395563,5830.2273567467655,5427.6229205175605,4124.7430683918665,3445.770794824399,3307.0462107208873,2633.3752310536042,1953.800369685767,1848.8780036968576,1642.81146025878,1720.9038817005546,1462.064695009242,1718.256931608133,2665.0517560073936,5761.670979667283,16896.462107208874,17559.129390018483,10788.13123844732,7576.913123844732,5853.120147874307,6009.469500924214,4933.2273567467655,3832.1922365988908,3445.0277264325323,3442.9648798521257,3100.351201478743,4090.772643253235,4250.537892791128,3058.0018484288353,3083.388170055453,6076.121996303143,4097.523105360444,2895.0314232902033,2128.482439926063,2262.260628465804,2690.9038817005544,2737.3419593345657,2329.3086876155267,2804.28280961183,3357.105360443623,3110.0277264325323,4734.835489833641,14442.715341959334,13411.280961182994,8849.439926062847,9914.317929759703,8766.493530499076,6441.8096118299445,7720.833641404806,6146.3992606284655,3926.7985212569315,2701.146025878004,2396.487985212569,1883.2125693160813,2085.597042513863,2520.5914972273567,2558.9316081330867,2179.0573012939003,2044.735674676525,1785.5748613678372,1810.2125693160813,2034.116451016636,2727.493530499076,1792.2624768946396,1692.4953789279114,1437.6913123844731,1440.5138632162661,1551.9149722735674,1774.449168207024,1688.8706099815156,1936.6728280961183,1588.2550831792976,1645.1903881700555,1629.5083179297596,2088.9001848428834,2138.4085027726433,2044.5563770794824,2700.763401109057,4522.260628465804,4057.018484288355,3012.075785582255,2199.247689463956,1862.0850277264326,1596.4879852125694,1722.438077634011,1544.5249537892792,1688.4177449168208,1629.7523105360444,1661.1478743068392,2211.550831792976,2818.075785582255,5112.325323475046,5474.50831792976,3757.3456561922367,4272.75415896488,7671.081330868761,7406.103512014787,5432.805914972274,4751.323475046211,6336.275415896488,5963.410351201479,5027.635859519409,5407.961182994455,4281.887245841035,3483.456561922366,4929.2199630314235,5242.149722735675,7163.3770794824395,11631.292051756007,7574.798521256932,5909.116451016635,6270.569316081331,4952.783733826248,4077.242144177449,3057.3105360443624,2188.0998151571166,2053.399260628466,2210.756007393715,4414.09426987061,5547.439926062847,4942.68022181146,3924.4621072088726,2860.5804066543437,2344.743068391867,2995.761552680222,2662.6894639556376,2710.144177449168,2043.9408502772644,1941.6247689463955,2339.3086876155267,5150.953789279113,4925.049907578558,3708.510166358595,2771.637707948244,3128.0092421441773,3800.8003696857672,4555.371534195933,6081.162661737523,9885.060998151572,6400.781885397412,6251.456561922366,8495.469500924215,10044.003696857671,9252.506469500924,13828.539741219964,8873.872458410351,5697.678373382625,4365.863216266173,3409.6210720887248,2315.3789279112752,1857.1330868761552,1430.1829944547135,1395.724584103512,1268.7800369685767,1604.1940850277265,2658.515711645102,3991.083179297597,2916.894639556377,2758.500924214418,2760.970425138632,3962.144177449168,12186.166358595194,19198.03327171904,11872.842883548983,9034.155268022181,8799.391866913124,12512.576709796673,8443.345656192236,5732.02033271719,5580.231053604436,4156.28280961183,3007.018484288355,2831.256931608133,5366.275415896488,12300.310536044362,12331.62292051756,7594.408502772643,4830.304990757856,3899.4547134935306,3886.011090573013,3689.2846580406654,3183.6709796672826,5523.48798521257,7726.868761552681,12011.027726432532,11163.007393715341,24316.449168207026,29343.09796672828,19123.79482439926,14587.621072088725,21802.54528650647,18394.2292051756,12976.809611829945,8593.513863216267,6385.866913123845,5013.7652495378925,3933.3197781885397,2766.09426987061,2510.271719038817,3342.0480591497226,8847.571164510166,13629.826247689463,9414.31608133087,8333.401109057302,18703.17560073937,22272.30314232902,14713.195933456562,10401.469500924215,11390.251386321626,17116.43807763401,20466.260628465803,28391.277264325323,18682.3696857671,11291.378927911275,7496.321626617375,5210.408502772643,3852.478743068392,3501.7929759704252,4070.7911275415895,2905.467652495379,2376.3974121996303,1948.4232902033273,2365.4417744916823,2927.0314232902033,4915.870609981515,15276.822550831794,17740.756007393717,10976.18484288355,8460.099815157117,7198.990757855822,5370.349353049907,3731.8243992606285,2991.4731977818856,3106.1922365988908,9111.390018484288,15855.460258780036,10432.018484288355,10031.611829944548,10953.630314232902,8497.007393715341,14744.883548983364,14393.663585951941,9015.70055452865,5638.236598890942,4032.4158964879853,3422.6136783733828,2847.1571164510165,1975.1792975970425,1730.1441774491682,1504.985212569316,1475.9593345656192,1460.2661737523106,1552.4177449168208,1796.3364140480592,2166.181146025878,1673.6783733826248,2177.619223659889,1946.9981515711645,1943.1035120147874,2114.3789279112752,2231.6913123844733,2162.158964879852,1948.626617375231,1602.9038817005546,1779.072088724584,1666.3456561922367,1778.750462107209,1452.8447319778188,1314.0055452865065,1385.0462107208873,1496.8927911275416,2185.9482439926064,4148.878003696857,4349.4066543438075,5576.025878003697,11391.443622920518,8573.783733826247,5919.192236598891,5552.51201478743,5949.52865064695,4427.678373382625,3206.2994454713494,2815.5194085027724,2373.0646950092423,2661.2624768946393,3393.255083179298,6710.005545286506,12787.15157116451,9137.663585951941,5857.889094269871,4864.279112754159,7147.547134935305,8992.95933456562,12652.099815157117,13792.735674676525,14460.634011090573,9074.645101663586,6097.876155268023,5257.280961182994,4166.698706099815,3018.7929759704252,2359.776340110906,2269.467652495379,2531.3863216266172,6236.029574861368,6425.210720887246,6627.604436229205,6963.330868761553,6302.195933456562,4697.584103512015,4167.142329020333,3283.985212569316,2615.768946395564,2298.4473197781886,2347.752310536044,2312.6136783733828,3909.977818853974,10563.720887245841,9528.646950092421,6798.170055452865,6564.323475046211,11431.656192236598,25100.822550831792,18969.78743068392,12034.896487985212,8197.083179297597,6148.107208872459,4839.922365988909,5652.552680221812,16434.567467652494,27889.552680221812,21964.809611829944,14885.720887245841,9794.829944547135,7214.863216266173,6689.8465804066545,13999.735674676525,15160.166358595194,17499.63955637708,26958.658040665436,19526.20517560074,16342.977818853975,25806.120147874306,20472.748613678374,12917.005545286507,8297.292051756007,5778.761552680222,4365.238447319778,3224.3290203327174,2314.402957486137,2554.34011090573,3673.50831792976,8950.415896487984,19202.809611829944,13668.781885397411,8607.312384473198,6784.317929759704,5731.861367837339,4227.672828096118,2936.5841035120147,2682.4158964879853,4400.576709796673,6574.569316081331,15982.378927911275,27290.817005545287,24528.837338262478,15000.706099815157,10140.060998151572,9676.240295748614,7015.358595194085,4650.931608133087,3562.9297597042514,3308.112754158965,3829.4325323475045,6373.09426987061,5059.550831792976,3699.456561922366,2872.0665434380776,3245.757855822551,9303.820702402958,12659.707948243993,10718.608133086876,7486.870609981515,5189.112754158965,5048.792975970425,3671.6173752310538,2927.768946395564,2515.9593345656194,2481.9519408502774,3604.6950092421444,11451.88909426987,11328.029574861368,7298.110905730129,5016.776340110906,4930.238447319778,9012.935304990759,21296.19223659889,20795.846580406655,13224.765249537893,8815.384473197782,6098.92606284658,4253.563770794824,3315.521256931608,2842.28280961183,2846.6820702402956,5879.473197781886,11891.584103512016,8062.996303142329,6283.393715341959,5803.364140480591,4474.953789279113,3117.8040665434382,2763.9537892791127,2586.09426987061,2469.9685767097967,2177.5878003696857,3449.3900184842882,8542.722735674677,13027.443622920518,9214.153419593345,7800.530499075786,5101.5785582255085,3693.4288354898335,2877.8391866913125,2544.0609981515713,2324.146025878004,5155.397412199631,16574.756007393717,23540.157116451017,16327.425138632163,10058.979667282809,6535.7707948244,4699.24584103512,3307.49168207024,2604.3290203327174,2336.1959334565618,3048.761552680222,2735.3142329020334,3108.118299445471,3558.504621072089,7370.493530499076,18032.52865064695,20982.460258780036,17029.304990757857,14577.014787430684,18849.98706099815,13439.046210720888,8196.32347504621,5646.269870609982,4257.8465804066545,3528.0129390018483,3060.22550831793,2967.9112754158964,4262.3844731977815,4313.271719038817,3442.395563770795,4852.430683918669,11001.510166358596,8359.948243992607,5413.330868761553,5326.068391866913,7267.426987060998,5807.4214417744915,7154.996303142329,13314.486136783733,9621.593345656192,6458.639556377079,4441.092421441775,4639.961182994455,12655.402957486136,14771.238447319778,10010.71719038817,6749.624768946395,4894.426987060998,4900.343807763401,6840.402957486137,7302.338262476895,5030.164510166359,4485.467652495379,3000.1996303142328,2586.6820702402956,2627.759704251386,2291.49168207024,2087.144177449168,1878.9537892791127,1547.6839186691313,1457.430683918669,1601.3937153419593,2068.2846580406654,1686.3123844731979,1649.0462107208873,1383.7560073937154,1856.0924214417746,3678.924214417745,4178.84842883549,3809.874306839187,5553.029574861368,4880.388170055453,5944.463955637708,11462.439926062847,8478.419593345656,5632.998151571164,4649.358595194085,9925.765249537893,11809.268022181146,7133.048059149723,4724.090573012939,3599.487985212569,4300.524953789279,4372.279112754159,3583.663585951941,4838.295748613678,13375.347504621071,10637.447319778188,7345.083179297597,6900.1460258780035,14098.998151571164,11283.044362292052,7179.112754158965,4731.1534195933455,4214.813308687616,3353.3641404805917,2883.475046210721,2036.369685767098,1775.6746765249538,2478.0388170055453,2847.3290203327174,2189.0591497227356,2179.8243992606285,1833.5711645101665,1655.1312384473197,1312.981515711645,1362.4288354898335,1316.2975970425139,2113.184842883549,2262.6469500924213,2289.384473197782,2692.264325323475,2435.5822550831795,1936.8022181146025,1873.9038817005546,2123.2661737523104,2302.4584103512016,1621.7800369685767,1838.7634011090572,2488.881700554529,3343.890942698706,4252.484288354898,4939.822550831793,4131.356746765249,4502.748613678374,3755.9445471349354,4426.687615526802,3236.1792975970425,3484.5748613678375,3440.362292051756,2781.713493530499,2234.4380776340113,2049.8428835489835,2080.9519408502774,3290.467652495379,8042.181146025878,8216.853974121996,5400.336414048059,3760.445471349353,2712.750462107209,2150.878003696858,1699.796672828096,1694.62292051756,1490.550831792976,1624.4510166358596,1564.5360443622922,2140.6654343807763,2201.3142329020334,2195.6284658040668,1918.9408502772644,1999.5859519408502,3271.6284658040668,5488.7707948244,5695.879852125693,5669.131238447319,4863.7948243992605,7459.306839186691,18270.085027726433,13946.990757855823,9182.354898336414,6883.005545286506,5479.783733826248,3642.347504621072,2537.878003696858,2138.861367837338,1917.1829944547135,1771.8317929759705,1445.996303142329,1559.3142329020334,1793.3419593345657,2485.841035120148,3202.898336414048,4079.090573012939,2777.240295748614,2153.739371534196,1643.1312384473197,1531.0351201478743,1289.7097966728281,1895.018484288355,2107.2107208872458,1914.0554528650648,1567.426987060998,2631.554528650647,2624.0850277264326,2182.841035120148,2025.37707948244,2279.3234750462107,1930.430683918669,1615.116451016636,1305.9426987061,1298.6062846580407,1139.1719038817005,1434.064695009242,1481.4935304990759,1514.5563770794824,1330.7726432532347,1309.253234750462,1150.271719038817,1239.43438077634,1147.9020332717191,1448.9870609981515,1220.2735674676526,1450.0628465804066,1707.8447319778188,2032.1719038817005,4158.412199630314,6427.216266173752,5469.292051756008,3716.456561922366,2460.3715341959332,2144.5951940850277,1856.9537892791127,1825.5526802218114,1666.9371534195934,1617.543438077634,1378.3308687615527,1493.9741219963032,1760.7097966728281,3811.8317929759705,14077.23290203327,12524.338262476895,7978.798521256932,5977.001848428836,4596.534195933456,3180.0813308687616,2188.65988909427,2254.506469500924,3421.3123844731977,2734.604436229205,2031.192236598891,1778.9741219963032,1462.5286506469502,1384.0517560073938,1269.2051756007393,1838.37707948244,3244.499075785582,3186.121996303142,2176.7874306839185,1907.3715341959335,2101.1756007393715,2589.52865064695,2090.4436229205176,1980.9611829944547,1541.5526802218114,1548.8207024029575,1264.5415896487984,1351.5101663585951,1622.876155268022,3618.0517560073936,2848.1645101663585,2118.7227356746766,1619.3160813308687,1730.920517560074,2199.626617375231,2016.4103512014788,1531.985212569316,1486.7264325323474,1145.4473197781886,1136.826247689464,1181.56561922366,1254.2273567467653,1407.7763401109057,2251.271719038817,5183.2292051756,5783.49168207024,4014.9279112754157,3627.166358595194,4433.086876155268,4503.756007393716,3133.887245841035,3711.101663585952,2755.776340110906,2286.388170055453,1679.6802218114603,1518.0998151571164,1258.4658040665433,1328.086876155268,1114.7670979667282,1285.7744916820702,1195.7264325323474,1504.3253234750462,1815.0443622920518,2178.4121996303143,1732.807763401109,1575.0129390018485,1457.2809611829944,2181.543438077634,2961.746765249538,4806.201478743068,18506.669131238446,35459.543438077635,22567.15157116451,13139.044362292052,8228.439926062847,5410.45101663586,3283.1534195933455,2308.003696857671,1620.3937153419593,1539.8539741219963,1369.4787430683919,1491.4879852125694,1580.9500924214417,1711.064695009242,1550.920517560074,1592.203327171904,1804.6876155268021,2314.258780036969,1860.268022181146,1797.5064695009241,1479.4935304990759,1603.354898336414,1739.1608133086877,1940.9630314232902,1675.6432532347505,1762.6580406654343,1509.5009242144176,1571.804066543438,1575.4085027726433,2552.5674676524955,4463.171903881701,14270.635859519409,29282.789279112752,18588.009242144177,10554.158964879853,7017.255083179298,4511.96303142329,3634.1571164510165,4110.02033271719,4516.038817005545,4012.6395563770793,2904.9907578558227,2075.510166358595,2076.9371534195934,3017.242144177449,8041.0573012939,26401.391866913124,19626.260628465803,10812.199630314233,7196.199630314233,5075.243992606284,4025.634011090573,2823.351201478743,2389.1996303142328,3172.079482439926,4056.9279112754157,2694.4232902033273,2332.256931608133,2119.9223659889094,1966.369685767098,2091.391866913124,2225.0388170055453,1762.5804066543437,1539.3752310536045,1357.4805914972274,1341.1645101663587,1450.120147874307,1772.6432532347505,2426.138632162662,3612.6802218114603,3466.13123844732,2579.8964879852124,1963.6728280961183,1783.2070240295748,1379.2384473197783,1328.992606284658,1207.796672828096,1327.1977818853975,1157.1035120147874,1215.8133086876155,1189.879852125693,1250.184842883549,1233.6173752310535,1368.7079482439926,1068.3271719038817,1131.8484288354898,1034.9057301293901,1253.2329020332718,1445.086876155268,1885.3345656192237,1495.4232902033273,1438.5767097966727,1751.6894639556376,1915.2865064695009,1446.3142329020334,1320.5674676524955,1323.6136783733825,1509.4473197781886,1604.5951940850277,1495.3401109057302,1155.9944547134935,1183.109057301294,1138.7097966728281,1491.5637707948244,1315.1663585951942,1246.8669131238448,1165.1645101663587,1417.5933456561922,1814.369685767098,3264.3900184842882,2239.166358595194,1847.3179297597042,1823.441774491682,2763.916820702403,1916.9075785582254,1570.637707948244,1275.2476894639556,1286.724584103512,1357.3937153419593,1596.731977818854,1366.4731977818853,1940.829944547135,1692.083179297597,1448.8447319778188,1185.7634011090572,1189.6783733826248,1142.739371534196,1626.876155268022,5178.271719038817,5760.868761552681,3548.735674676525,2846.916820702403,2126.3031423290204,1693.7929759704252,1790.554528650647,1931.8576709796673,1549.6358595194085,1514.6025878003697,1354.3197781885397,1280.9611829944547,1191.8669131238448,1757.3641404805915,1912.822550831793,1687.7634011090572,2361.079482439926,2647.5748613678375,1721.611829944547,1543.1682070240295,1207.5933456561922,1221.1146025878004,1278.5841035120147,2552.1977818853975,12175.872458410351,12106.096118299445,7429.114602587801,4934.837338262477,4181.8317929759705,5639.663585951941,3493.5859519408505,2273.9537892791127,1939.1072088724584,2744.373382624769,2156.5748613678375,1636.757855822551,1237.4824399260629,1220.1571164510167,1124.7892791127542,1203.3789279112755,1091.9611829944547,1191.373382624769,1357.362292051756,1947.43438077634,6945.484288354898,19336.550831792974,14686.275415896487,7799.532347504621,4550.833641404806,2903.9722735674677,1838.6654343807763,1845.0314232902033,2325.829944547135,1934.5268022181147,1622.0591497227356,2051.709796672828,1784.445471349353,1612.6321626617375,1306.275415896488,1453.6247689463955,1553.6561922365988,1565.1146025878004,1886.2088724584103,4133.746765249538,6499.977818853974,5752.602587800369,3686.7264325323476,2892.4473197781886,4249.7707948244,3783.0850277264326,3561.7005545286506,3202.234750462107,2747.075785582255,2149.090573012939,1624.4473197781886,1455.1682070240295,1251.8317929759705,1244.0961182994454,1033.4473197781886,1064.8964879852126,1020.7227356746765,1112.3123844731979,1019.4214417744917,1192.5711645101665,1011.9205175600739,1084.8613678373383,925.0462107208873,1063.6894639556376,1089.8576709796673,1308.796672828096,1180.5600739371534,1216.060998151571,1207.8983364140481,1939.0573012939,2022.011090573013,2547.255083179298,2564.0554528650646,2336.268022181146,2040.8170055452865,1759.6432532347505,1724.4510166358596,2590.083179297597,3714.765249537893,3370.0351201478743,2693.9537892791127,2357.118299445471,1858.1866913123845,1642.9907578558225,1381.645101663586,1329.7338262476894,1198.7985212569315,1525.1497227356747,4080.6210720887248,7182.083179297597,4730.109057301294,3205.9297597042514,2062.6506469500923,1834.9630314232902,2902.855822550832,2781.242144177449,2005.268022181146,2688.2070240295748,7808.554528650647,10870.939001848428,9958.817005545287,5680.90573012939,3357.6247689463958,2395.5526802218114,1772.3604436229205,2450.4695009242146,6129.28280961183,4859.131238447319,2722.1497227356745,1894.3493530499077,1384.6931608133086,1283.3530499075785,1507.9260628465804,2995.8022181146025,2999.3752310536042,2870.663585951941,2079.597042513863,2406.6857670979666,7210.868761552681,11854.735674676525,13539.199630314233,7538.112754158965,4095.5730129390017,3271.4584103512016,5073.127541589649,15395.358595194086,10289.822550831794,5220.97966728281,3931.003696857671,3333.463955637708,1954.735674676525,1648.6432532347505,1275.3123844731979,1392.4953789279114,1581.4195933456563,1471.6358595194085,1332.7153419593346,1606.4473197781886,1491.3974121996303,2006.743068391867,4024.9796672828097,3123.513863216266,1756.7670979667282,1446.7911275415897,1128.0517560073938,1249.0443622920518,1546.7726432532347,1381.4436229205176,1096.5360443622922,1334.8558225508318,1863.4140480591498,2088.84842883549,1781.9020332717191,2641.2162661737525,2034.1792975970425,2031.8022181146025,4621.199630314233,4135.275415896488,2586.7911275415895,1910.4048059149723,1530.5878003696857,3376.7948243992605,3372.0092421441773,2256.0480591497226,2205.6746765249536,3321.133086876155,2800.2624768946393,3374.146025878004,3187.3290203327174,2979.3530499075787,5604.591497227357,10325.371534195934,6662.334565619223,3729.874306839187,2205.916820702403,1798.8022181146025,1325.6062846580407,1280.242144177449,1131.3900184842882,1217.8706099815156,1319.9075785582254,3141.9611829944547,6841.343807763401,4888.02033271719,2789.1035120147876,3684.28280961183,10952.92236598891,9226.419593345656,4557.014787430684,2960.6469500924213,2681.883548983364,3932.759704251386,3921.84842883549,3273.974121996303,2257.293900184843,1691.0813308687616,1190.0295748613678,1071.7929759704252,1051.796672828096,1211.8280961182995,1056.7153419593346,1044.5175600739371,1207.8484288354898,1936.4029574861368,1766.7134935304991,1625.441774491682,2037.6913123844731,4037.3142329020334,3441.495378927911,2434.0573012939003,1827.373382624769,4987.844731977819,12899.879852125694,19022.486136783733,11685.761552680222,5195.304990757856,2496.3327171903884,1674.0591497227356,1212.6635859519408,1587.3364140480592,1459.8595194085028,1307.3234750462107,1089.3234750462107,1140.5600739371534,1025.7227356746764,1111.6931608133086,1071.3401109057302,1352.8558225508318,1496.7763401109057,2714.924214417745,12590.018484288355,21812.95194085028,12013.67652495379,5238.506469500924,2750.62292051756,1819.0850277264326,1315.9519408502772,1366.6802218114603,1281.5341959334567,1265.1792975970425,1153.7818853974122,1161.7892791127542,1232.3419593345657,1492.6062846580407,1692.1146025878004,1682.4362292051756,1400.5268022181147,1483.0998151571164,1584.4639556377078,3936.354898336414,14594.46765249538,28907.408502772643,22136.576709796675,9550.195933456562,4213.693160813309,2476.977818853974,1792.4713493530498,1814.6524953789278,1357.2957486136784,1246.1515711645102,1120.4288354898335,1125.9944547134935,1012.445471349353,1165.4436229205176,977.3086876155268,1008.6635859519408,1146.8336414048058,1169.445471349353,1073.9445471349352,1440.724584103512,3986.0776340110906,6238.310536044362,3509.5619223659887,1916.9020332717191,1262.9371534195934,1219.7449168207024,1403.380776340111,1439.4121996303143,1151.1386321626617,1230.354898336414,1087.6802218114603,1211.804066543438,1076.7208872458411,1235.9426987061,1323.9260628465804,1478.6987060998151,1279.9334565619224,1350.8927911275416,1181.5249537892792,1224.268022181146,1197.083179297597,3127.970425138632,7905.369685767098,7157.007393715342,3205.456561922366,1813.5101663585951,1213.9334565619224,1093.8706099815156,1151.0536044362293,1620.1515711645102,2230.752310536044,6439.889094269871,8766.890942698707,5188.966728280961,2539.920517560074,1690.5378927911274,1271.5138632162661,1349.3918669131237,1152.6136783733825,1156.2439926062846,1049.645101663586,1199.815157116451,1316.4621072088726,1680.0998151571164,1549.939001848429,1869.268022181146,4949.972273567468,17680.50462107209,22617.57855822551,12226.268022181146,5634.728280961183,3267.3105360443624,1854.7800369685767,1432.7005545286506,1020.7670979667283,1113.4399260628466,950.7911275415896,1010.9500924214418,977.9870609981516,1291.0776340110906,3086.887245841035,4656.842883548983,3027.227356746765,1731.9759704251387,1212.7597042513862,1131.1035120147874,982.4916820702402,1058.5785582255082,926.9944547134935,1052.5120147874306,903.1109057301294,1086.7338262476894,1030.9833641404805,1090.0924214417746,1098.007393715342,1108.6284658040665,979.4214417744917,1269.6709796672828,1743.079482439926,6677.700554528651,17937.654343807764,23147.371534195932,12570.068391866913,5621.338262476895,2820.746765249538,1853.2384473197783,1190.931608133087,1160.3142329020334,996.3548983364141,1074.7042513863216,885.1164510166359,984.8909426987061,1041.4510166358596,1082.1256931608134,985.7929759704251,1046.6654343807763,943.4011090573013,1055.550831792976,936.6580406654343,1076.4861367837339,1606.7449168207024,2691.7375231053607,3041.5859519408505,2070.634011090573,1279.8373382624768,1135.6672828096118,953.2033271719039,1062.1515711645102,923.8909426987061,1033.6025878003697,943.0887245841035,1014.4842883548984,1013.0998151571165,1160.9445471349352,1129.3142329020334,1162.7486136783734,1016.8040665434381,1129.8336414048058,996.9741219963031,1147.7855822550832,1076.8706099815156,1123.1386321626617,931.7393715341959,1015.2033271719039,1067.7153419593346,1010.6081330868761,970.9408502772643,1098.3937153419593,1162.3308687615527,1799.1146025878004,2228.7874306839185,2745.0554528650646,1862.2957486136784,1333.7707948243992,1001.1663585951941,1022.1866913123845,945.3530499075786,1038.3493530499077,870.9260628465804,1011.7301293900185,1003.8724584103512,1266.9944547134935,1222.3179297597042,1147.4787430683919,995.8040665434381,1068.6709796672828,1002.4824399260629,1080.8595194085028,930.1534195933457,1070.8280961182995,944.5009242144178,1075.7097966728281,992.2070240295749,1036.8521256931608,907.2273567467653,1045.1552680221812,1146.5231053604437,1411.6007393715342,1383.3438077634012,1629.913123844732,1370.5009242144176,1616.5268022181147,1772.0314232902033,1981.5711645101665,1435.7652495378927,1205.5268022181147,1005.373382624769,1087.1756007393715,1082.3475046210722,1239.6081330868763,1145.0665434380776,1260.6395563770795,1516.3197781885397,2088.1645101663585,2478.1756007393715,2430.641404805915,1544.1256931608134,1212.6913123844731,1049.1146025878004,1086.3493530499077,979.7060998151571,1141.5286506469502,1058.0,1277.014787430684,1347.4103512014788,2385.8114602587802,7473.184842883549,16242.310536044362,23237.40480591497,25409.47134935305,14105.506469500924,5984.210720887246,2638.731977818854,1826.5046210720886,1387.079482439926,1466.9408502772644,1621.7412199630314,1924.6709796672828,1846.177449168207,1675.0203327171903,1311.6062846580407,1361.3160813308687,1313.4639556377078,1373.6395563770795,1200.0258780036968,1175.1552680221812,986.8817005545286,1094.0129390018485,892.1460258780037,1111.8521256931608,955.558225508318,1062.4916820702404,933.9741219963031,969.6395563770794,840.3752310536045,925.4805914972274,906.9778188539741,1011.7412199630314,870.2513863216266,1004.0221811460259,1253.5785582255082,1368.9038817005546,1280.6746765249538,1423.6802218114603,1353.6136783733825,2797.768946395564,7348.312384473198,11762.473197781885,15636.415896487984,16407.253234750464,9349.195933456562,4011.992606284658,2122.4269870609983,1863.9371534195934,1777.8207024029575
579.5335968379446,502.0632411067194,528.5691699604743,464.4624505928854,589.399209486166,430.8853754940711,538.8478260869565,523.5079051383399,555.9545454545455,525.4110671936759,581.294466403162,508.2134387351779,614.3636363636364,476.3596837944664,594.4664031620554,613.7450592885375,653.7490118577075,612.1067193675889,592.3833992094861,567.0434782608696,606.098814229249,568.1561264822135,676.6324110671936,599.1126482213439,694.5395256916996,677.5296442687747,649.6324110671936,590.395256916996,641.9743083003953,581.100790513834,691.7332015810276,609.9347826086956,706.0711462450593,635.2549407114625,708.395256916996,608.1679841897234,728.6166007905139,588.9703557312253,709.096837944664,597.9130434782609,710.6462450592885,639.9229249011858,626.0118577075099,716.0494071146245,669.2411067193676,532.4486166007905,647.4861660079051,726.1067193675889,749.7727272727273,628.3221343873518,721.2272727272727,691.3142292490119,714.8241106719368,689.2687747035573,743.3260869565217,598.3675889328064,724.4249011857708,652.8794466403162,689.7727272727273,632.7806324110672,700.8379446640316,640.498023715415,686.7588932806324,623.2608695652174,736.494071146245,654.2766798418972,727.6739130434783,670.8122529644269,621.4407114624506,726.7430830039526,679.3557312252965,668.1324110671936,726.7450592885375,643.6284584980237,713.6363636363636,678.1758893280632,743.0869565217391,677.7766798418972,692.4328063241106,821.8181818181819,771.4090909090909,673.8379446640316,730.1916996047431,715.899209486166,740.7173913043479,694.1739130434783,778.3833992094861,650.1857707509881,708.5158102766799,711.6857707509881,745.5118577075099,660.9782608695652,776.701581027668,760.9762845849802,723.4565217391304,747.1897233201581,750.4486166007905,724.3675889328064,789.8735177865613,699.8596837944664,789.2727272727273,717.0592885375494,748.8300395256917,704.8557312252965,677.8438735177865,693.7391304347826,810.7569169960474,667.9505928853755,765.6699604743083,699.3181818181819,645.3221343873518,837.6936758893281,831.8715415019763,743.5415019762846,775.7312252964427,734.4604743083004,839.9525691699605,715.203557312253,796.8913043478261,770.2549407114625,768.2529644268775,776.1501976284585,822.5612648221344,737.1699604743083,796.5790513833992,706.096837944664,767.4328063241106,721.0158102766799,843.4584980237154,796.0355731225296,816.4683794466404,760.0553359683795,840.1581027667984,736.8893280632411,752.5296442687747,739.2391304347826,816.1086956521739,778.8814229249011,821.201581027668,667.1205533596838,772.5098814229249,691.3695652173913,674.9782608695652,821.2667984189724,857.8675889328064,756.6363636363636,777.1245059288538,773.3577075098814,784.895256916996,797.4802371541502,786.3537549407115,726.6501976284585,766.5711462450593,746.3438735177865,846.2411067193676,799.800395256917,785.0237154150198,781.6383399209486,765.8913043478261,686.8221343873518,830.9426877470356,795.8260869565217,767.0711462450593,779.0138339920949,830.596837944664,772.5395256916996,798.5454545454545,793.7094861660079,849.1225296442688,716.9841897233201,866.594861660079,799.695652173913,843.201581027668,771.8339920948616,740.1146245059289,868.49604743083,886.8478260869565,774.9723320158103,850.5691699604743,758.1916996047431,893.7114624505929,788.9446640316205,799.2411067193676,800.804347826087,769.3399209486166,756.4901185770751,832.2490118577075,813.1798418972332,793.7885375494071,821.3260869565217,824.6541501976285,808.3913043478261,841.205533596838,774.7351778656126,859.4743083003953,767.5276679841897,860.99604743083,818.6225296442688,828.001976284585,884.9328063241106,803.4723320158103,832.6363636363636,872.0592885375494,823.6166007905139,849.2588932806324,771.0335968379446,732.7628458498024,911.395256916996,816.2509881422925,834.9268774703557,871.302371541502,802.8636363636364,859.604743083004,793.9822134387351,855.895256916996,813.594861660079,862.4110671936759,781.4683794466404,818.4268774703557,793.0810276679842,842.0711462450593,838.2411067193676,877.1185770750989,812.5909090909091,874.197628458498,863.4644268774704,831.4762845849802,785.5237154150198,816.9881422924901,867.994071146245,876.9130434782609,844.0098814229249,867.0335968379446,875.0553359683795,863.8320158102766,870.6837944664031,804.1462450592885,779.2628458498024,780.6897233201581,913.3162055335969,865.5830039525691,826.7529644268775,789.3498023715415,815.8181818181819,828.1245059288538,808.4644268774704,849.7391304347826,753.5632411067194,810.2727272727273,834.5830039525691,784.1245059288538,829.7667984189724,770.1600790513834,772.4881422924901,838.7549407114625,795.7628458498024,797.8418972332016,809.3735177865613,842.0079051383399,834.2094861660079,834.1758893280632,858.0276679841897,871.604743083004,765.9881422924901,889.4644268774704,806.104743083004,839.9762845849802,882.0750988142292,834.3675889328064,812.094861660079,880.5671936758894,946.7885375494071,895.2687747035573,811.8577075098814,943.3122529644269,856.3596837944664,864.4071146245059,866.6462450592885,851.1284584980237,844.5237154150198,879.600790513834,778.399209486166,814.1699604743083,848.0553359683795,846.8102766798419,882.5474308300395,858.0138339920949,876.298418972332,855.0395256916996,781.2667984189724,880.1600790513834,807.6284584980237,835.5434782608696,842.701581027668,872.6640316205534,846.0691699604743,884.8557312252965,799.2608695652174,862.5731225296443,817.5592885375494,861.6146245059289,813.9308300395257,786.9150197628459,974.2272727272727,898.0415019762846,891.7391304347826,833.296442687747,810.1798418972332,862.8873517786561,838.5118577075099,854.3418972332016,886.3913043478261,826.9841897233201,835.5098814229249,891.600790513834,830.1897233201581,912.2134387351779,815.3320158102766,845.9486166007905,866.901185770751,897.7252964426877,855.7430830039526,898.4446640316205,900.1640316205534,890.7628458498024,845.6126482213439,879.3636363636364,891.2114624505929,838.3300395256917,915.4150197628459,914.7648221343874,855.7766798418972,898.6126482213439,811.1245059288538,777.6936758893281,1015.0217391304348,1040.296442687747,925.0632411067194,914.4505928853755,907.5454545454545,947.2213438735178,844.1620553359684,916.8754940711462,837.4387351778656,880.1086956521739,939.0711462450593,823.0237154150198,916.6106719367589,975.9189723320158,918.7450592885375,960.2667984189724,905.0671936758894,912.9604743083004,894.8577075098814,934.6166007905139,937.5849802371541,927.6877470355731,888.8122529644269,899.2509881422925,889.7569169960474,873.298418972332,880.604743083004,927.6877470355731,926.6837944664031,932.1442687747035,851.1146245059289,821.2786561264822,959.6422924901186,954.1304347826087,915.695652173913,938.0177865612649,987.5474308300395,1071.4387351778655,1008.203557312253,949.4683794466404,905.1798418972332,909.4150197628459,918.6245059288538,967.3083003952569,910.9347826086956,930.1600790513834,969.0296442687747,976.7312252964427,961.199604743083,984.104743083004,909.7292490118577,998.3774703557312,924.7075098814229,973.804347826087,944.1818181818181,1006.2213438735178,973.6501976284585,942.3399209486166,928.0335968379446,957.4150197628459,906.1304347826087,956.7549407114625,921.3695652173913,849.998023715415,1058.5,946.8596837944664,965.3498023715415,994.2154150197629,939.0612648221344,1022.7727272727273,962.798418972332,972.8616600790514,1032.9861660079052,1014.8577075098814,940.7173913043479,996.695652173913,930.6185770750989,944.1067193675889,997.2371541501976,1061.0711462450593,1025.2154150197628,1067.2312252964427,1001.8260869565217,1021.8675889328064,977.7687747035573,982.5,1036.397233201581,989.1146245059289,997.6640316205534,1062.2727272727273,1030.5612648221345,1037.8300395256917,1012.9584980237154,1050.9861660079052,918.3517786561265,970.5652173913044,1192.4328063241107,1019.49604743083,1100.4169960474308,1065.9466403162055,1014.8221343873518,1123.50790513834,1183.2391304347825,1242.6185770750988,1059.1620553359685,1054.201581027668,977.1581027667984,969.6185770750989,1021.3320158102766,1047.0217391304348,1000.903162055336,1055.0494071146245,1002.0079051383399,1055.6245059288538,1031.899209486166,1008.804347826087,987.3517786561265,1081.6581027667985,1000.9130434782609,1061.405138339921,1105.405138339921,1054.4782608695652,973.8913043478261,939.0,955.3122529644269,987.2549407114625,911.8478260869565,947.2391304347826,1076.6146245059288,1086.7687747035573,953.6561264822135,1001.5869565217391,1051.3359683794467,1208.7450592885375,1163.211462450593,1145.1363636363637,970.99604743083,1016.9584980237154,1006.3399209486166,1043.0671936758893,1154.5158102766798,1172.7134387351778,1117.1699604743083,993.1581027667984,985.395256916996,1009.2509881422925,1026.7391304347825,1131.9249011857708,1103.796442687747,1076.7411067193675,1021.8458498023715,1040.0830039525692,1033.6620553359685,1163.8260869565217,1161.4841897233202,1273.8754940711462,1105.9407114624505,1083.7252964426877,989.9189723320158,979.4505928853755,1115.8359683794467,1057.9446640316205,978.7826086956521,1087.808300395257,1092.01185770751,1089.3181818181818,1111.796442687747,1083.49209486166,1034.4782608695652,1076.4624505928855,1110.2727272727273,1223.1837944664032,1038.5849802371542,1101.697628458498,1101.3754940711462,1155.494071146245,1119.2747035573123,1089.4466403162055,1040.4743083003953,1231.5770750988142,1157.0553359683795,1096.1146245059288,1072.9762845849802,1124.4249011857708,1125.501976284585,1177.7826086956522,1117.806324110672,1093.009881422925,1026.288537549407,1111.001976284585,1044.2312252964427,953.8359683794466,1151.1679841897233,1085.911067193676,1052.909090909091,1070.5158102766798,1060.8438735177865,1127.9367588932807,1042.0830039525692,1110.0869565217392,1090.403162055336,1036.6699604743083,1120.1857707509882,1108.99209486166,986.8893280632411,1146.3853754940712,1076.8498023715415,1075.6521739130435,995.9624505928854,1118.4407114624505,1078.1541501976285,1062.1600790513835,1066.5375494071145,1035.187747035573,995.0079051383399,1096.3873517786562,1054.693675889328,1081.9723320158103,1079.2648221343873,1124.596837944664,1006.7924901185771,1108.3498023715415,1032.0513833992095,1082.49209486166,1095.4545454545455,1164.802371541502,1118.1126482213438,1105.2351778656127,1182.094861660079,1268.9683794466403,1153.399209486166,1209.0810276679842,1162.588932806324,1289.8695652173913,1176.804347826087,1218.6541501976285,1166.6146245059288,1017.600790513834,1098.6245059288538,1208.391304347826,1161.4347826086957,1186.4762845849802,1040.4209486166008,1068.1363636363637,1053.608695652174,1263.0711462450593,1308.812252964427,1246.8656126482213,1109.0355731225297,1037.8754940711462,995.8260869565217,1185.7608695652175,1128.4604743083005,1294.7845849802372,1148.292490118577,1103.5612648221345,1268.7865612648222,1418.3181818181818,1275.100790513834,1150.1482213438735,1029.0217391304348,1084.3695652173913,1037.9841897233202,1120.4683794466403,1140.5711462450593,1155.393280632411,1086.4328063241107,1072.3853754940712,1034.592885375494,1159.6205533596838,1150.2608695652175,1256.588932806324,1040.909090909091,1146.7173913043478,1016.3833992094861,1118.2826086956522,1118.9782608695652,1378.5434782608695,1054.2351778656127,1040.0296442687747,999.3379446640316,1128.7529644268775,1148.99209486166,1277.6126482213438,1043.1363636363637,1039.9683794466403,931.4466403162055,1080.0533596837945,1262.7391304347825,1240.8458498023715,1071.2667984189723,1118.709486166008,1062.2667984189723,1207.6126482213438,1136.8181818181818,1144.2154150197628,1108.3636363636363,1100.895256916996,1146.7272727272727,1227.903162055336,1073.99604743083,1021.00395256917,1086.193675889328,1304.9723320158103,1444.4367588932807,1612.48814229249,1250.9328063241107,1209.8814229249012,1109.6521739130435,1100.9446640316205,1062.407114624506,1110.8379446640315,1073.8339920948617,1288.5830039525692,1052.203557312253,1067.0256916996047,958.2588932806324,1009.6837944664031,952.9920948616601,1008.9071146245059,1077.2193675889328,1240.6146245059288,1191.7490118577075,1099.2411067193675,1025.6818181818182,1118.9249011857708,1073.0335968379447,1152.6264822134387,1172.3596837944665,1128.7569169960475,1025.812252964427,1034.312252964427,986.897233201581,1043.5335968379447,1001.9446640316205,1115.5592885375495,1077.306324110672,1167.195652173913,1198.2411067193675,1371.3616600790515,1084.1521739130435,1109.8656126482213,1009.6897233201581,1026.310276679842,975.5177865612649,1107.2351778656127,1042.1383399209485,1217.2865612648222,1260.5,1555.7391304347825,1635.3833992094862,1205.3162055335968,1185.9209486166008,1200.8577075098815,1116.7648221343873,1554.2667984189723,1830.8181818181818,1719.8754940711462,1921.4407114624505,1565.1363636363637,1088.5316205533597,1160.106719367589,1060.7549407114625,1176.5296442687747,1186.9802371541502,1529.6442687747035,1920.7272727272727,1599.3715415019763,1393.4367588932807,1564.1205533596838,1437.9169960474308,1484.2490118577075,1405.1482213438735,1829.3695652173913,2745.9407114624505,3387.9723320158105,2580.820158102767,1941.1679841897233,1546.501976284585,1509.4822134387352,1651.0,2448.2312252964425,2843.6600790513835,1613.199604743083,1383.2272727272727,1335.0770750988142,1349.3557312252965,1358.3320158102767,1170.1660079051383,1315.312252964427,1236.2233201581028,1617.1521739130435,1767.9209486166008,1466.0217391304348,1148.897233201581,1240.104743083004,1205.897233201581,1534.6185770750988,2032.312252964427,2587.49209486166,2801.806324110672,2305.8715415019765,1496.005928853755,1784.911067193676,1446.893280632411,1431.7608695652175,1619.1225296442688,2091.50790513834,1802.4130434782608,1384.8517786561265,1506.1324110671937,1439.2648221343873,1450.48814229249,1988.4841897233202,1661.6403162055335,1449.889328063241,1644.7450592885375,1527.1284584980237,1224.50395256917,1380.088932806324,1632.6660079051383,2309.2509881422925,1856.5711462450593,1904.891304347826,1617.2845849802372,1399.2470355731225,1281.187747035573,1326.5138339920948,1440.3260869565217,1838.5671936758893,2028.4150197628458,1939.9664031620553,2584.4387351778655,3332.9624505928855,4105.0395256917,3161.1264822134385,2552.0671936758895,1989.3537549407115,1799.098814229249,1515.1640316205533,1211.4644268774703,1354.4822134387352,1535.2371541501977,2021.1501976284585,2558.2292490118575,1805.5612648221345,1350.4407114624505,1325.4545454545455,1477.00395256917,1524.1778656126482,1155.0592885375495,1395.6403162055335,1485.1501976284585,2046.0474308300395,3077.52371541502,3804.820158102767,1844.1679841897233,1466.0592885375495,1387.9268774703557,1861.3260869565217,2442.276679841897,2293.986166007905,1527.2648221343873,1451.2490118577075,1375.1798418972332,1666.7292490118577,1554.6442687747035,1919.391304347826,2707.895256916996,3752.2450592885375,2316.818181818182,2323.108695652174,2602.0711462450595,1744.707509881423,1386.5256916996047,1505.0869565217392,1777.001976284585,2709.9268774703555,3448.8478260869565,2550.318181818182,1750.5612648221345,1877.6205533596838,2389.4347826086955,1615.4308300395257,1223.899209486166,1371.296442687747,1230.3201581027668,1314.4446640316205,1287.2766798418972,1559.6778656126482,1250.6205533596838,1365.8458498023715,1223.4584980237155,1236.090909090909,1151.588932806324,1276.9486166007905,1339.7608695652175,1744.288537549407,1690.594861660079,1953.4209486166008,1400.207509881423,1407.0474308300395,1208.3418972332015,1320.0849802371542,1432.9664031620553,1675.4308300395257,1685.1126482213438,1816.9525691699605,1730.1778656126482,1697.0197628458498,1506.2687747035573,1673.5750988142292,1897.812252964427,1701.312252964427,1619.310276679842,2054.7509881422925,1773.6442687747035,1610.501976284585,1476.804347826087,1477.5217391304348,1420.0375494071145,1813.6561264822135,2357.2509881422925,2571.717391304348,1753.509881422925,1367.4861660079052,1416.8675889328063,1965.594861660079,1616.189723320158,1886.4565217391305,2108.2608695652175,2065.6383399209485,1964.7351778656127,1848.998023715415,1641.8517786561265,1745.6719367588933,1343.806324110672,1428.6620553359685,1394.094861660079,1514.6501976284585,1381.8557312252965,1474.304347826087,1342.3577075098815,1499.8833992094862,1756.6383399209485,1680.4426877470355,1445.8458498023715,1539.3458498023715,1476.2252964426877,1614.5750988142292,1842.901185770751,1944.5770750988142,1902.7490118577075,1867.7332015810277,1698.5434782608695,2002.8636363636363,2359.6521739130435,2789.2332015810275,2767.8557312252965,2310.379446640316,1924.5335968379447,2257.907114624506,2322.6521739130435,2123.3438735177865,2026.494071146245,2030.8774703557312,1830.1324110671937,1893.4130434782608,1821.4328063241107,1786.3438735177865,1844.4743083003953,1930.5513833992095,1825.3774703557312,2994.478260869565,3103.0711462450595,2025.4802371541502,1849.3379446640315,2191.403162055336,1587.7648221343873,1844.2588932806325,1714.1739130434783,1670.2569169960475,1853.5810276679842,2268.296442687747,2853.8577075098815,3139.581027667984,1826.7529644268775,2095.6482213438735,2938.7648221343875,4208.855731225296,5233.567193675889,3913.4367588932805,2495.3418972332015,1993.5652173913043,2315.717391304348,2904.778656126482,3162.709486166008,4336.557312252964,4185.654150197628,4064.909090909091,4946.118577075099,5408.490118577075,5106.565217391304,3333.1324110671935,2701.8280632411065,3532.905138339921,2423.1383399209485,1678.5375494071145,1685.1719367588933,2045.312252964427,2137.1600790513835,2106.600790513834,1908.598814229249,2187.0276679841895,2327.707509881423,1835.6264822134387,1943.3833992094862,3037.796442687747,3082.5592885375495,2488.6620553359685,2239.7252964426875,2521.5395256916995,1909.1225296442688,1925.1363636363637,2092.719367588933,2521.3537549407115,2572.5395256916995,2339.2292490118575,1835.1205533596838,1654.1798418972332,1506.8794466403162,1935.5731225296443,2676.013833992095,3047.199604743083,2481.0415019762845,2164.1719367588935,1827.3517786561265,2479.490118577075,2767.288537549407,2254.100790513834,2902.1383399209485,3144.084980237154,2471.3280632411065,3068.683794466403,2972.8675889328065,2866.905138339921,2247.009881422925,1931.8241106719368,2185.98023715415,2913.99604743083,3957.4545454545455,5179.747035573123,4368.47628458498,4343.879446640316,3643.3596837944665,3654.7351778656125,3331.8675889328065,3682.106719367589,4096.286561264822,3736.5632411067195,4519.156126482213,4959.788537549407,3251.513833992095,2424.6343873517785,1896.1561264822135,2229.1739130434785,2458.6403162055335,3461.486166007905,3813.3260869565215,3481.02371541502,3595.6403162055335,3919.50790513834,4744.776679841897,5248.177865612648,3643.51581027668,4275.250988142292,4149.596837944664,3021.911067193676,3395.5731225296445,4177.616600790514,3702.3656126482215,3525.0316205533595,3074.1284584980235,3925.403162055336,3861.2549407114625,3956.5454545454545,3968.8577075098815,4702.683794466403,3665.416996047431,3138.294466403162,3141.1324110671935,3947.185770750988,4061.205533596838,3424.98814229249,2491.8675889328065,1969.3359683794467,1545.7351778656127,1762.9565217391305,1617.4189723320158,1507.7470355731225,1470.0494071146245,1663.810276679842,1407.5454545454545,1468.1699604743083,1482.2391304347825,1481.6857707509882,1429.5750988142292,1563.409090909091,1699.7193675889328,1879.3339920948617,1826.4130434782608,2732.6501976284585,3723.875494071146,3232.52371541502,2376.5632411067195,1571.899209486166,1339.4644268774703,1671.0316205533597,1970.292490118577,2315.088932806324,1510.106719367589,1657.695652173913,1548.3774703557312,1675.7786561264822,1837.6482213438735,1876.4604743083005,1302.1482213438735,1413.0296442687747,1459.6581027667985,1731.5217391304348,1882.100790513834,2058.2608695652175,2413.8498023715415,3002.1719367588935,2397.114624505929,2147.213438735178,2391.8379446640315,1659.798418972332,1396.1422924901185,1478.50395256917,1435.0691699604743,1783.5770750988142,2494.620553359684,3204.4308300395255,1922.0513833992095,1994.6205533596838,2398.916996047431,2977.114624505929,3797.183794466403,2660.4486166007905,1749.2213438735178,2417.784584980237,2022.2411067193675,1686.4288537549407,1346.2292490118577,1742.2252964426877,2143.2252964426875,2784.387351778656,1986.4723320158103,2313.802371541502,2331.205533596838,2135.3656126482215,1349.195652173913,1494.806324110672,1547.0612648221345,2023.6343873517787,2862.1304347826085,4914.04743083004,6049.434782608696,6365.347826086957,3451.081027667984,1821.6501976284585,1384.209486166008,1413.608695652174,1248.9822134387352,1476.3300395256917,1497.6422924901185,2100.521739130435,2426.9584980237155,3020.4703557312255,3721.7411067193675,4575.711462450593,2274.8498023715415,1910.6363636363637,1823.1798418972332,2079.395256916996,2207.3557312252965,3233.798418972332,4284.612648221344,3477.282608695652,2467.401185770751,3383.8498023715415,2535.2667984189725,1629.203557312253,1454.2252964426877,1776.2154150197628,2214.7312252964425,3441.314229249012,2641.982213438735,1840.6660079051383,1799.98814229249,2114.9664031620555,2265.990118577075,2552.701581027668,2132.383399209486,1726.5790513833992,2126.9347826086955,2201.9723320158105,2077.612648221344,3432.4723320158105,3232.3557312252965,1986.9703557312253,1891.0375494071145,2951.810276679842,3143.1501976284585,2480.98814229249,2874.2292490118575,4204.711462450593,5843.416996047431,4047.2470355731225,1977.0830039525692,1590.2865612648222,1274.5276679841897,1439.5770750988142,1379.300395256917,1819.8162055335968,1552.9347826086957,1455.4426877470355,1276.2173913043478,1346.6205533596838,1096.7490118577075,1237.604743083004,1270.798418972332,1313.5790513833992,1342.2252964426877,1357.110671936759,1097.0415019762845,1428.788537549407,1451.8774703557312,1347.0,1116.2154150197628,1254.9505928853755,1110.8735177865613,1230.5415019762845,1167.5296442687747,1323.0395256916995,1094.6304347826087,1257.9407114624505,1085.3458498023715,1393.0276679841897,1191.4604743083005,1240.3656126482213,1096.405138339921,1206.9841897233202,1121.312252964427,1214.296442687747,1187.5177865612648,1437.5138339920948,1143.106719367589,1234.5869565217392,1136.4545454545455,1211.3221343873518,1057.110671936759,1144.0770750988142,1311.509881422925,1483.2470355731225,1471.1245059288538,1419.9209486166008,1416.096837944664,1788.4150197628458,1904.50395256917,1640.9822134387352,1748.1166007905138,2405.316205533597,1596.7490118577075,1288.7213438735178,1142.0573122529645,1239.4841897233202,1239.1501976284585,1170.5494071146245,1083.5810276679842,1308.8715415019763,1056.090909090909,1272.0849802371542,1088.1719367588933,1246.6185770750988,1164.4209486166008,1158.294466403162,1076.2450592885375,1179.9169960474308,1189.4466403162055,1545.4328063241107,1816.4130434782608,1657.209486166008,1316.009881422925,1286.7332015810277,1455.1383399209485,1449.0592885375495,1259.6343873517787,1425.8695652173913,1474.0375494071145,1696.1482213438735,1299.5276679841897,1178.4407114624505,1154.2845849802372,1281.7252964426877,1253.5612648221345,1688.7569169960475,1972.9328063241107,1768.308300395257,1266.4169960474308,1358.8636363636363,1468.8715415019763,1985.3418972332015,1459.6304347826087,1433.4308300395257,1502.9486166007905,1839.2727272727273,1973.1699604743083,2002.2272727272727,1582.2371541501977,1472.1185770750988,1311.5474308300395,1636.3557312252965,1329.207509881423,1259.0750988142292,1061.5592885375495,1234.687747035573,1399.5830039525692,1467.4328063241107,1569.0691699604743,1821.304347826087,1425.3675889328063,1711.3774703557312,2121.8517786561265,2287.5375494071145,1576.00790513834,1684.7173913043478,1821.2233201581028,1656.5434782608695,1529.5217391304348,1764.598814229249,1937.0830039525692,2293.592885375494,1648.5415019762845,1968.707509881423,2370.3735177865615,3194.1561264822135,1993.7608695652175,1808.709486166008,1742.689723320158,1796.7312252964427,2235.6422924901185,3668.393280632411,4693.250988142292,3447.4466403162055,2764.994071146245,3387.9446640316205,2088.1482213438735,1681.98814229249,2045.50790513834,2954.51185770751,2425.013833992095,2719.193675889328,2439.594861660079,2615.00790513834,2564.009881422925,3645.2411067193675,2782.994071146245,1928.7529644268775,1541.5316205533597,1776.5454545454545,2319.5612648221345,2085.689723320158,1407.1739130434783,1819.9525691699605,2741.583003952569,3800.183794466403,2516.604743083004,3124.013833992095,3282.215415019763,3238.8675889328065,4482.333992094862,3503.901185770751,2459.306324110672,4213.017786561265,5243.126482213439,2898.701581027668,2210.5513833992095,3418.009881422925,5206.982213438735,5879.063241106719,5075.768774703557,3826.8675889328065,2936.4683794466405,3244.3438735177865,5322.766798418972,7510.96442687747,4998.557312252964,3519.804347826087,5580.075098814229,9199.715415019762,6036.118577075099,3515.7490118577075,2092.513833992095,1882.8517786561265,2120.1383399209485,3292.4268774703555,3418.296442687747,3494.778656126482,4504.292490118577,6879.448616600791,4646.347826086957,2683.998023715415,1997.0316205533597,1496.4268774703557,1314.2588932806325,1624.0335968379447,1609.397233201581,2035.6422924901185,3164.4426877470355,3409.219367588933,2030.094861660079,1725.1343873517787,1765.6146245059288,1753.6660079051383,1439.9446640316205,1783.2193675889328,2404.998023715415,3628.7707509881425,2751.2351778656125,2343.0474308300395,2351.1422924901185,1762.4288537549407,1487.4150197628458,1712.5434782608695,2415.397233201581,2424.292490118577,1562.3201581027668,1598.3339920948617,1491.7648221343873,1828.7588932806325,1391.0810276679842,1535.2766798418972,1542.8478260869565,2196.106719367589,2549.7667984189725,2292.9426877470355,1807.6442687747035,1470.1739130434783,1367.3754940711462,1568.790513833992,1480.1818181818182,1578.602766798419,1976.7707509881423,1866.4545454545455,1461.6561264822135,1528.3814229249012,1327.8418972332015,1609.592885375494,2164.7608695652175,3436.324110671937,2413.1561264822135,1624.0237154150198,1524.9723320158103,1468.2509881422925,1368.50395256917,1661.294466403162,1366.411067193676,1467.909090909091,1609.806324110672,2175.509881422925,2341.602766798419,2159.8656126482215,1483.4545454545455,1682.7727272727273,2113.383399209486,2373.4308300395255,1564.096837944664,1456.49604743083,1350.6758893280632,1885.8616600790515,1540.8577075098815,1433.3833992094862,1420.9347826086957,1658.8636363636363,1906.2806324110672,2286.9486166007905,1595.7173913043478,1675.8320158102767,2066.385375494071,2253.7292490118575,1334.5513833992095,1368.4545454545455,1157.610671936759,1292.99604743083,1229.8853754940712,1434.3399209486165,1388.0474308300395,1898.600790513834,2870.814229249012,2418.9505928853755,1267.4664031620553,1264.4723320158103,1211.9545454545455,1505.2845849802372,1195.187747035573,1419.7134387351778,1139.2806324110672,1429.104743083004,1295.312252964427,1249.1482213438735,1223.8754940711462,1327.0,1340.1818181818182,1890.0731225296443,2279.881422924901,1739.2430830039525,1565.197628458498,2569.713438735178,2563.288537549407,1522.106719367589,1386.2766798418972,1608.2667984189723,1527.9446640316205,1516.393280632411,1220.9367588932807,1540.3596837944665,1922.304347826087,2452.5335968379445,2820.094861660079,2057.4584980237155,1399.2549407114625,1580.2747035573123,1633.399209486166,2250.083003952569,1709.9189723320158,1769.0553359683795,1705.0395256916995,2267.2588932806325,1660.1442687747035,1640.4209486166008,1937.294466403162,2176.509881422925,1397.7727272727273,1452.8596837944665,1685.00790513834,2885.6739130434785,3697.3300395256915,2176.6719367588935,1711.4407114624505,1895.407114624506,1438.8616600790515,1507.7154150197628,1527.6343873517787,1686.594861660079,1465.8418972332015,1488.606719367589,1316.7272727272727,1849.98814229249,2712.6719367588935,2358.881422924901,1327.8438735177865,1416.0533596837945,1282.2332015810277,1364.0494071146245,1436.6640316205533,1673.7470355731225,1410.0395256916995,2002.794466403162,1839.6758893280632,1746.9367588932807,1266.399209486166,1268.701581027668,1114.802371541502,1287.211462450593,1210.4604743083005,1484.8596837944665,1679.901185770751,1882.0395256916995,1405.895256916996,1350.4466403162055,1217.4446640316205,1487.296442687747,1575.8399209486165,1704.2509881422925,1700.4743083003953,2251.600790513834,2007.804347826087,1462.2371541501977,1372.800395256917,1600.8695652173913,1855.8853754940712,2069.8458498023715,1970.592885375494,2337.903162055336,1863.707509881423,1732.693675889328,1392.707509881423,1621.2351778656127,1712.8438735177865,1798.4644268774703,1362.8379446640315,1617.2687747035573,1746.2588932806325,2674.286561264822,3976.3695652173915,4328.699604743083,1725.8142292490118,1539.6343873517787,1584.411067193676,1441.4624505928855,1114.4841897233202,1371.7806324110672,1218.3280632411067,1322.0494071146245,1466.9565217391305,1486.088932806324,1196.4545454545455,1374.0415019762845,1224.990118577075,1324.4486166007905,1214.794466403162,1495.0296442687747,1380.7490118577075,1570.294466403162,1849.1778656126482,2480.2667984189725,1797.1245059288538,1312.6581027667985,1165.3339920948617,1371.4268774703557,1306.3636363636363,1843.7667984189723,1607.691699604743,1553.4249011857708,1196.3833992094862,1523.8339920948617,1618.6699604743083,1550.7411067193675,1173.8675889328063,1281.7173913043478,1169.5849802371542,1234.4802371541502,1171.9822134387352,1363.3280632411067,1262.4505928853755,1484.5830039525692,1442.1600790513835,1510.9486166007905,1348.2490118577075,1393.3537549407115,1340.7865612648222,1641.2154150197628,2325.677865612648,2083.887351778656,1186.2569169960475,1318.6620553359685,1218.2213438735178,1238.7549407114625,1181.7786561264822,1404.1403162055335,1499.1482213438735,2362.584980237154,2260.8557312252965,1931.4347826086957,1472.2292490118577,1701.8142292490118,1626.0849802371542,1604.0237154150198,1720.5158102766798,2452.280632411067,2887.4367588932805,2243.691699604743,1667.304347826087,2104.824110671937,2384.679841897233,2710.100790513834,1867.7727272727273,2034.391304347826,3313.51976284585,3913.6521739130435,1848.0849802371542,1464.50790513834,1320.8833992094862,1422.3201581027668,1313.5652173913043,1507.0256916996047,1286.3715415019763,1428.2865612648222,1468.0375494071145,2099.7549407114625,3157.606719367589,4809.915019762846,3058.397233201581,2155.195652173913,1799.2173913043478,2268.9525691699605,1750.8853754940712,2289.3537549407115,2681.0434782608695,1778.909090909091,1448.2213438735178,1866.6660079051383,2280.001976284585,2682.6403162055335,1726.2588932806325,1805.2272727272727,2306.120553359684,4109.99209486166,6314.592885375494,4222.294466403162,2934.4387351778655,2648.8656126482215,2405.920948616601,1936.3399209486165,1569.5434782608695,1991.6521739130435,2655.8399209486165,5135.53162055336,4805.772727272727,2265.8399209486165,1578.3517786561265,2017.4387351778655,2759.7411067193675,4121.227272727273,2287.8359683794465,2049.098814229249,2438.699604743083,3649.1739130434785,2243.780632411067,1610.9308300395257,1333.998023715415,1483.6758893280632,1558.106719367589,2155.5573122529645,2985.7292490118575,4870.03557312253,4400.867588932806,5325.221343873518,6934.4604743083,3525.0632411067195,2364.1600790513835,3528.8418972332015,5626.148221343874,5794.108695652174,3159.3715415019765,2451.812252964427,3327.689723320158,6490.369565217391,7639.47233201581,2963.50395256917,1636.1521739130435,1692.709486166008,1749.5869565217392,1785.51185770751,1374.4565217391305,1447.0849802371542,1458.1837944664032,1922.193675889328,1923.697628458498,2912.2667984189725,3646.47628458498,4577.258893280632,3367.879446640316,4496.749011857708,7156.167984189723,5611.102766798419,6072.99209486166,4573.97233201581,2824.901185770751,3082.199604743083,3408.98023715415,2069.723320158103,1512.6758893280632,1614.4545454545455,2129.086956521739,2449.01581027668,1875.9486166007905,2052.4347826086955,1875.110671936759,2546.602766798419,4446.01976284585,7334.312252964427,3522.393280632411,2012.8853754940712,1856.2411067193675,1719.6679841897233,1780.2727272727273,2557.986166007905,4456.274703557312,7761.049407114625,6280.581027667984,8214.59486166008,4898.96837944664,3920.0434782608695,5270.978260869565,3732.6363636363635,2063.920948616601,1822.5494071146245,1773.0474308300395,2225.7707509881425,3421.0355731225295,6051.654150197628,6565.557312252964,5963.308300395257,5246.833992094862,5596.304347826087,2635.6640316205535,2476.005928853755,2460.3438735177865,1910.5592885375495,1554.088932806324,1537.4565217391305,1525.092885375494,1783.6679841897233,2303.5632411067195,3696.4308300395255,3034.513833992095,4665.901185770751,4376.798418972332,5753.583003952569,7318.743083003953,10801.260869565218,19047.877470355732,13939.994071146246,4496.97628458498,2607.5573122529645,2581.5434782608695,4526.126482213439,4608.335968379447,5621.405138339921,9717.92885375494,7350.51976284585,3224.0592885375495,1801.6225296442688,1562.189723320158,2072.3458498023715,2888.715415019763,4652.152173913043,4728.197628458498,5893.318181818182,3292.098814229249,1813.8754940711462,1542.0671936758893,1578.9841897233202,1505.397233201581,1831.294466403162,2248.711462450593,3391.2450592885375,6697.505928853755,5281.411067193676,2191.177865612648,2103.604743083004,2485.501976284585,4263.998023715415,4232.096837944664,7188.741106719368,5930.709486166008,3967.6739130434785,1923.5592885375495,1693.6264822134387,1773.0217391304348,2037.2747035573123,2209.8399209486165,3794.899209486166,7491.282608695652,6111.059288537549,2451.5494071146245,1825.994071146245,1444.102766798419,1583.298418972332,1553.5592885375495,1576.790513833992,1577.201581027668,2134.588932806324,1897.403162055336,1919.096837944664,2570.998023715415,2798.1284584980235,3085.383399209486,6060.549407114625,9249.383399209486,5698.355731225296,7298.177865612648,5948.711462450593,2461.284584980237,2057.1304347826085,1729.110671936759,2106.7292490118575,1478.6304347826087,1520.3636363636363,1460.2529644268775,1471.0652173913043,1591.2569169960475,2378.193675889328,4087.6304347826085,8411.954545454546,5558.770750988142,2903.49209486166,1724.812252964427,1531.2351778656127,1319.0731225296443,1313.2667984189723,1353.8754940711462,1443.0671936758893,1321.312252964427,1612.9209486166008,2010.4664031620553,2823.8379446640315,5349.177865612648,5906.725296442688,2399.294466403162,2052.288537549407,1912.3418972332015,1940.2252964426877,1498.3162055335968,1631.6403162055335,1527.090909090909,1477.3260869565217,1463.4584980237155,2290.288537549407,2800.98814229249,5607.970355731225,3302.122529644269,1729.01185770751,1361.596837944664,1446.3458498023715,1335.1482213438735,1427.1245059288538,1361.189723320158,1485.7509881422925,1411.4347826086957,1748.1284584980237,2069.2667984189725,3901.4624505928855,3872.719367588933,2093.5711462450595,1931.3438735177865,2053.3339920948615,1601.8339920948617,1657.50395256917,1421.9130434782608,1503.5533596837945,1503.8241106719368,1904.009881422925,2527.1383399209485,3832.608695652174,8563.48023715415,14945.377470355732,10323.341897233202,4185.571146245059,2216.3656126482215,2093.2707509881425,1463.1482213438735,1410.0494071146245,1193.9387351778655,1325.2648221343873,1150.2312252964427,1244.0,1101.0158102766798,1241.4604743083005,1124.3260869565217,1277.701581027668,1331.104743083004,1635.6679841897233,1428.5612648221345,1538.994071146245,1579.8181818181818,1404.2193675889328,1295.608695652174,1392.3418972332015,1195.49604743083,1439.4822134387352,1746.1264822134387,2597.6521739130435,1578.4505928853755,1417.707509881423,1334.193675889328,1849.0415019762845,1965.498023715415,2145.808300395257,1671.5296442687747,1512.5652173913043,1295.6541501976285,1721.2826086956522,1244.5177865612648,1520.998023715415,2017.2233201581028,3681.316205533597,3018.2292490118575,1863.0138339920948,1272.8478260869565,1324.7766798418972,1347.3399209486165,1555.5217391304348,1193.0612648221345,1263.8557312252965,1172.8142292490118,1455.490118577075,1892.9644268774703,1837.8359683794467,2017.5217391304348,2262.6422924901185,1641.1837944664032,1687.7193675889328,1489.3675889328063,1458.104743083004,1251.0869565217392,1395.810276679842,1289.99209486166,1652.5770750988142,1819.2667984189723,1740.4703557312253,1484.4209486166008,1912.096837944664,2282.776679841897,2753.52371541502,2679.0671936758895,2509.51185770751,1770.4466403162055,1493.610671936759,1355.5790513833992,1500.298418972332,1502.189723320158,1548.800395256917,1380.6521739130435,1538.588932806324,1778.1284584980237,2474.786561264822,2780.2648221343875,1941.505928853755,2119.602766798419,2602.4347826086955,2359.4367588932805,2208.0,1807.0573122529645,2318.916996047431,2771.1482213438735,3256.9525691699605,2778.294466403162,2058.1581027667985,1682.7173913043478,2076.017786561265,3039.6640316205535,3041.579051383399,2473.0573122529645,2313.4664031620555,1712.5434782608695,1914.3478260869565,1502.8458498023715,1789.8221343873518,1908.6363636363637,2484.606719367589,2204.1482213438735,2004.897233201581,2139.0415019762845,1818.0770750988142,1460.7687747035573,1507.0849802371542,1500.389328063241,1782.108695652174,1614.6581027667985,1513.6857707509882,1472.3537549407115,1828.8142292490118,1586.1225296442688,2236.098814229249,2884.584980237154,2025.0434782608695,1587.7509881422925,2175.8280632411065,2601.798418972332,2220.5671936758895,2717.0276679841895,4696.780632411067,3940.602766798419,2503.1304347826085,2241.6284584980235,2017.8181818181818,1918.3300395256917,2111.300395256917,1861.9644268774703,2254.3320158102765,1570.501976284585,1744.0711462450593,1870.4505928853755,1787.6462450592885,2021.5711462450593,2852.306324110672,1879.5177865612648,1679.4703557312253,1873.5810276679842,2516.5474308300395,3024.687747035573,4887.634387351779,6890.832015810277,4459.859683794466,2728.7470355731225,2329.1501976284585,2936.298418972332,5421.796442687747,7614.227272727273,3802.8418972332015,2330.719367588933,2785.891304347826,4366.122529644269,4875.604743083004,4249.197628458498,2176.606719367589,1715.9189723320158,1758.0731225296443,1415.7450592885375,2054.48023715415,2014.9664031620553,3901.7252964426875,2812.8498023715415,1915.2272727272727,1704.592885375494,1839.6857707509882,2349.7727272727275,3080.377470355731,3524.403162055336,5207.084980237154,6413.428853754941,8519.891304347826,8818.045454545454,5328.521739130435,7070.525691699605,10829.581027667984,6069.377470355731,4205.681818181818,5004.52371541502,3354.602766798419,3538.687747035573,3007.288537549407,2630.8418972332015,4579.861660079051,7423.879446640316,4342.102766798419,3691.586956521739,7149.978260869565,9383.9604743083,4069.377470355731,2506.48023715415,2943.098814229249,3856.2648221343875,9127.816205533596,11252.731225296442,5465.843873517787,5593.183794466403,7929.187747035573,4694.341897233202,3530.2667984189725,3808.705533596838,3995.5256916996045,3710.381422924901,2417.1679841897235,2090.4328063241105,3435.7588932806325,3573.7292490118575,3699.99209486166,2412.1561264822135,1971.99209486166,2298.7351778656125,2084.494071146245,1560.1739130434783,1787.7391304347825,2269.5276679841895,4564.249011857708,3766.1501976284585,2113.7371541501975,1545.3794466403162,1485.0770750988142,1501.7786561264822,2077.9328063241105,3207.9288537549405,5183.982213438735,2533.114624505929,2201.399209486166,2572.606719367589,3692.203557312253,6695.335968379447,5298.843873517787,2945.2470355731225,2119.6699604743085,1674.0632411067193,2143.314229249012,2427.4347826086955,2001.8300395256917,1770.401185770751,1985.0632411067193,2325.181818181818,2999.98023715415,1954.691699604743,1695.5276679841897,1608.0731225296443,1710.6363636363637,1942.7450592885375,1777.9426877470355,1613.4426877470355,1696.209486166008,1679.6798418972332,1612.0533596837945,1454.4584980237155,1666.106719367589,1503.3517786561265,1476.5395256916995,1444.7332015810277,2395.8695652173915,2805.9505928853755,4064.6640316205535,2270.296442687747,1644.1501976284585,1401.4308300395257,1646.3339920948617,1376.1541501976285,1523.7450592885375,1640.2391304347825,3061.588932806324,3365.0632411067195,2038.5177865612648,1577.2766798418972,2030.6620553359685,4060.397233201581,3284.3458498023715,1707.4861660079052,1519.0355731225297,1413.0612648221345,1503.5632411067193,1427.001976284585,1385.0474308300395,1384.2766798418972,1629.1837944664032,2268.1462450592885,2114.7332015810275,1505.9249011857708,1478.3616600790515,1467.407114624506,1619.191699604743,1446.8774703557312,2186.588932806324,1927.397233201581,2687.1403162055335,4996.067193675889,6794.057312252964,3095.088932806324,2067.709486166008,1665.2154150197628,1590.9545454545455,1383.2490118577075,1875.5237154150198,2120.48418972332,3275.922924901186,3127.0652173913045,1980.4189723320158,1537.1501976284585,1415.1798418972332,1201.3577075098815,1292.6541501976285,1152.7648221343873,1286.6699604743083,1358.8833992094862,1819.3675889328063,1275.205533596838,1203.1758893280632,1045.8379446640315,1133.8498023715415,1048.2252964426877,1159.0849802371542,1086.0592885375495,1305.6205533596838,1270.7213438735178,2030.5415019762845,2750.8537549407115,7325.934782608696,9643.897233201582,5093.990118577075,2933.2312252964425,1929.6363636363637,1354.8517786561265,1373.4723320158103,1471.5256916996047,1493.395256916996,1178.189723320158,1287.393280632411,1118.088932806324,1257.1739130434783,1619.8853754940712,2581.719367588933,2105.606719367589,1578.2786561264822,1364.2569169960475,1447.4743083003953,1226.498023715415,1300.6837944664032,1224.3675889328063,1395.1146245059288,1277.2727272727273,1480.4169960474308,1305.0197628458498,1496.6521739130435,1687.4466403162055,1998.6640316205533,2095.9644268774705,2393.681818181818,1584.4209486166008,1502.899209486166,1279.899209486166,1343.9841897233202,1310.8241106719368,1763.808300395257,2141.112648221344,1747.0612648221345,1353.3517786561265,1399.092885375494,1375.4802371541502,1390.0316205533597,1145.5217391304348,1141.5849802371542,1306.9486166007905,1389.49209486166,1274.4703557312253,1728.5691699604743,1464.7252964426877,1543.1660079051383,1692.790513833992,1603.49604743083,1461.2391304347825,1569.6818181818182,1469.9328063241107,1767.2628458498023,1561.2529644268775,2136.6284584980235,1674.9545454545455,1429.4861660079052,1300.302371541502,1790.7193675889328,1170.9683794466403,1370.407114624506,1234.5671936758893,1413.5513833992095,1462.897233201581,1567.689723320158,1442.2569169960475,1494.9367588932807,1257.5494071146245,1357.1264822134387,1422.9288537549407,1504.2766798418972,1228.4169960474308,1355.4802371541502,1615.1442687747035,1720.6403162055335,2048.594861660079,1839.5256916996047,1613.6442687747035,1532.5256916996047,1311.7213438735178,1413.5474308300395,1333.1818181818182,1472.2628458498023,1272.4446640316205,1370.8794466403162,1354.691699604743,1410.1343873517787,1236.8675889328063,1374.7272727272727,1252.2747035573123,1773.7154150197628,1266.106719367589,1410.99209486166,1545.7845849802372,2001.903162055336,1503.2272727272727,1626.4486166007905,1831.6758893280632,3230.689723320158,2922.920948616601,4274.685770750988,2817.2549407114625,2161.2272727272725,1663.9407114624505,1514.9486166007905,1377.8774703557312,1476.7529644268775,1208.701581027668,1323.8201581027668,1199.3241106719368,1388.3596837944665,1404.3458498023715,2005.812252964427,2732.114624505929,2618.705533596838,2985.6541501976285,2463.3656126482215,1799.108695652174,1764.7588932806325,1668.6422924901185,2086.624505928854,3222.081027667984,2968.4486166007905,1754.8458498023715,1674.0415019762845,1414.4644268774703,1520.8280632411067,1624.6581027667985,1589.3695652173913,1416.397233201581,1533.302371541502,1357.8754940711462,1455.6462450592885,1703.399209486166,3160.586956521739,5499.766798418972,4043.6640316205535,2761.924901185771,2736.9268774703555,2105.9288537549405,1793.294466403162,1611.2727272727273,1886.8675889328063,1749.7529644268775,1835.102766798419,2660.6363636363635,4827.525691699605,2860.2687747035575,2211.2549407114625,2360.577075098814,2999.897233201581,2813.8339920948615,2270.00395256917,2744.098814229249,5293.094861660079,3065.8715415019765,2598.6600790513835,3279.084980237154,6396.557312252964,11075.729249011858,6372.223320158103,3421.205533596838,2636.7371541501975,2435.4367588932805,2347.183794466403,2186.0671936758895,2202.1739130434785,2658.7292490118575,5914.51581027668,4270.948616600791,2963.48814229249,2838.5494071146245,2564.909090909091,1984.2747035573123,2150.711462450593,3372.387351778656,5894.169960474308,5349.223320158103,3227.9367588932805,2260.911067193676,1862.895256916996,1589.7173913043478,2085.7628458498025,3683.316205533597,3850.205533596838,3198.197628458498,5521.994071146245,4491.124505928854,3709.397233201581,4725.99604743083,9472.50790513834,10889.130434782608,7194.01976284585,5380.978260869565,3341.877470355731,2273.4426877470355,1949.0237154150198,1712.0474308300395,2083.322134387352,1733.689723320158,1718.8774703557312,2066.0691699604745,1869.9367588932807,1524.6185770750988,1596.3142292490118,1517.0454545454545,1920.4841897233202,2100.8498023715415,2354.5513833992095,2297.3695652173915,2756.903162055336,5224.235177865613,16312.628458498024,23266.45256916996,12471.177865612648,7619.632411067194,6098.916996047431,7302.97628458498,10435.029644268774,6697.00790513834,7385.009881422925,4514.025691699605,3528.486166007905,3502.98418972332,2891.9743083003955,2172.4723320158105,2057.2411067193675,2014.1245059288538,3256.9525691699605,2679.883399209486,3247.1383399209485,4460.106719367589,3439.677865612648,2547.383399209486,2061.922924901186,1616.0474308300395,1697.5158102766798,1635.592885375494,1886.009881422925,1758.4861660079052,1900.005928853755,2331.086956521739,2308.697628458498,2610.2687747035575,2934.4387351778655,2052.48814229249,2177.213438735178,2048.6501976284585,1923.0,1654.0632411067193,2206.9466403162055,1856.298418972332,3431.6699604743085,9243.656126482214,7584.754940711462,4019.1383399209485,2741.820158102767,2256.2588932806325,2693.5474308300395,2231.0652173913045,2043.3656126482213,1879.191699604743,2735.8557312252965,2290.7252964426875,2088.219367588933,2058.3735177865615,2221.916996047431,2916.083003952569,7085.03557312253,12983.389328063242,9864.733201581028,11110.09881422925,6006.679841897233,3773.875494071146,2823.5434782608695,2064.088932806324,1822.899209486166,1652.8873517786562,1783.800395256917,1781.092885375494,2042.6343873517787,1978.403162055336,2432.0474308300395,1906.7233201581028,2483.9723320158105,2915.395256916996,2334.521739130435,1851.5256916996047,1765.0217391304348,1737.1363636363637,2112.2430830039525,2591.2351778656125,4505.839920948617,10647.509881422924,8684.179841897234,4451.648221343874,3387.879446640316,3032.978260869565,2505.8260869565215,1997.7865612648222,2236.399209486166,2838.7351778656125,2480.8300395256915,3072.895256916996,6158.662055335968,9674.52766798419,6253.04743083004,3480.395256916996,2583.9288537549405,2220.7312252964425,1928.5790513833992,1526.0335968379447,1605.5276679841897,1377.8814229249012,1861.5849802371542,1381.907114624506,1805.711462450593,1950.3853754940712,1929.5,2500.5533596837945,2255.221343873518,1808.8754940711462,2224.0652173913045,2065.4743083003955,1975.9841897233202,2067.3339920948615,2054.7648221343875,1639.6660079051383,1839.1403162055335,2132.203557312253,3972.7371541501975,8559.04347826087,5584.5,3641.7648221343875,2746.302371541502,2539.9664031620555,2195.804347826087,1649.9802371541502,1669.3438735177865,1731.310276679842,1823.7430830039525,1882.3833992094862,3508.796442687747,9020.06324110672,6776.666007905138,4359.205533596838,3883.598814229249,3278.418972332016,4652.330039525692,3864.6501976284585,6403.482213438735,16620.735177865612,14032.185770750988,8096.029644268775,6390.936758893281,4141.557312252964,3614.48814229249,4318.95256916996,3757.296442687747,2595.223320158103,2499.420948616601,3464.7588932806325,7057.122529644269,6743.774703557312,4101.01185770751,2995.719367588933,2853.077075098814,4187.377470355731,8084.729249011858,5752.286561264822,5378.077075098814,3840.794466403162,3059.284584980237,2847.3498023715415,4559.211462450593,9448.59090909091,11476.07509881423,12571.533596837944,8474.276679841898,5099.758893280632,3826.608695652174,2807.6600790513835,2913.7252964426875,3383.99209486166,2524.51976284585,2200.9466403162055,2329.494071146245,2169.2608695652175,1880.4249011857708,1661.0494071146245,1724.4169960474308,1401.798418972332,1553.6640316205533,1868.1679841897233,2561.088932806324,3399.486166007905,6253.373517786561,9883.088932806324,17983.756916996048,11062.077075098814,7881.729249011858,9041.09486166008,6937.375494071146,7852.798418972332,12616.021739130434,7183.316205533597,4709.859683794466,3319.296442687747,2737.094861660079,2037.6501976284585,2247.094861660079,1653.4169960474308,1801.792490118577,2455.48418972332,6525.725296442688,17650.339920948616,12230.816205533596,7149.434782608696,5343.735177865613,4055.695652173913,4087.51581027668,6279.707509881423,18170.652173913044,34337.97826086957,20199.262845849804,12403.768774703558,10088.353754940712,6656.241106719368,5357.349802371542,5581.800395256917,4155.656126482213,4428.067193675889,4032.98814229249,3097.50395256917,2870.2727272727275,2305.1324110671935,2640.6363636363635,2981.4328063241105,2869.521739130435,4285.994071146245,13702.154150197628,29114.926877470356,19386.721343873516,11397.166007905138,7655.288537549407,6074.355731225296,8165.112648221344,15326.278656126482,20388.252964426876,17114.511857707508,16614.328063241108,14016.193675889328,9297.05533596838,7764.918972332016,7073.729249011858,4710.029644268775,3088.604743083004,2489.0691699604745,2211.820158102767,1903.9268774703557,2073.7332015810275,2479.0375494071145,3023.792490118577,4284.812252964427,3290.7312252964425,2431.090909090909,2176.4604743083005,1961.8280632411067,1922.306324110672,1748.7569169960475,2279.98418972332,2537.604743083004,2192.377470355731,1748.00790513834,2180.614624505929,2365.021739130435,3879.622529644269,5433.381422924901,4291.337944664032,3636.588932806324,6556.841897233202,8800.144268774704,9225.770750988142,10495.794466403162,6677.944664031621,7500.351778656126,17278.40513833992,14504.369565217392,13525.762845849802,10526.717391304348,6573.250988142292,4944.873517786561,4111.594861660079,3197.120553359684,2913.691699604743,2761.4308300395255,2890.52371541502,2359.920948616601,2546.788537549407,3014.798418972332,4498.683794466403,8298.764822134388,17192.38932806324,17982.351778656128,10650.94861660079,6909.430830039526,7009.084980237154,9831.442687747036,8755.721343873518,5796.52766798419,5385.494071146245,4092.284584980237,3417.9644268774705,3277.9565217391305,2611.8695652173915,1938.304347826087,1839.3833992094862,1635.5434782608695,1709.99209486166,1456.794466403162,1715.0810276679842,2659.100790513834,5771.608695652174,17124.600790513832,17768.322134387352,10857.201581027668,7590.144268774704,5842.887351778656,5978.713438735178,4901.264822134387,3797.4486166007905,3415.4347826086955,3410.99209486166,3072.420948616601,4055.879446640316,4213.395256916996,3036.292490118577,3061.913043478261,6046.790513833992,4072.50790513834,2883.5731225296445,2119.723320158103,2245.790513833992,2666.990118577075,2711.201581027668,2307.3498023715415,2776.99604743083,3329.5652173913045,3094.6422924901185,4754.667984189723,14693.306324110672,13607.812252964426,8926.355731225296,9920.788537549408,8742.04347826087,6418.644268774704,7697.879446640316,6124.644268774704,3911.701581027668,2684.990118577075,2383.6679841897235,1872.2312252964427,2070.0513833992095,2496.7470355731225,2538.4525691699605,2163.7529644268775,2030.5494071146245,1772.1403162055335,1798.50395256917,2018.1857707509882,2707.7747035573125,1779.7470355731225,1679.5632411067193,1429.691699604743,1435.395256916996,1544.1581027667985,1764.9664031620553,1675.6798418972332,1922.810276679842,1576.2529644268775,1636.6581027667985,1619.106719367589,2071.3280632411065,2120.189723320158,2027.6422924901185,2680.9565217391305,4486.857707509881,4018.377470355731,2981.9683794466405,2183.2292490118575,1850.4861660079052,1585.399209486166,1711.9861660079052,1535.6185770750988,1678.2193675889328,1618.399209486166,1651.102766798419,2195.2667984189725,2791.6501976284585,5076.778656126482,5436.150197628458,3736.6264822134385,4273.48023715415,7791.905138339921,7497.324110671937,5453.298418972332,4747.416996047431,6293.806324110672,5912.727272727273,4988.296442687747,5361.612648221344,4247.280632411067,3457.286561264822,4881.501976284585,5195.800395256917,7200.677865612648,11759.049407114624,7628.843873517787,5917.820158102767,6239.470355731225,4917.041501976285,4052.494071146245,3035.4525691699605,2174.4703557312255,2040.8517786561265,2193.395256916996,4370.081027667984,5485.110671936759,4890.982213438735,3888.596837944664,2832.0533596837945,2327.820158102767,2971.924901185771,2634.375494071146,2690.5671936758895,2027.6126482213438,1931.1679841897233,2322.0355731225295,5096.203557312253,4864.071146245059,3668.5296442687745,2742.4723320158105,3102.920948616601,3761.9743083003955,4523.745059288538,6139.54347826087,10072.835968379446,6491.48814229249,6267.52766798419,8485.899209486166,10025.4209486166,9300.863636363636,14020.4209486166,8964.173913043478,5741.833992094862,4382.092885375494,3415.517786561265,2319.4387351778655,1856.302371541502,1427.6185770750988,1391.302371541502,1266.2667984189723,1597.197628458498,2635.3517786561265,3947.707509881423,2892.9466403162055,2741.320158102767,2740.1640316205535,3958.5652173913045,12355.90513833992,19518.154150197628,12019.632411067194,9091.150197628458,8869.648221343874,12736.391304347826,8587.41699604743,5796.029644268775,5591.01185770751,4161.391304347826,3005.810276679842,2825.0513833992095,5351.895256916996,12411.749011857708,12472.723320158102,7657.855731225296,4857.839920948617,3911.108695652174,3879.0335968379445,3672.383399209486,3165.717391304348,5500.847826086957,7759.826086956522,12196.397233201582,11290.213438735178,24696.505928853756,29701.328063241108,19301.501976284584,14707.835968379446,22136.496047430832,18650.011857707508,13074.4209486166,8642.745059288538,6399.075098814229,5007.278656126482,3917.1600790513835,2751.7707509881425,2496.7667984189725,3327.00790513834,8917.005928853754,13743.92490118577,9463.164031620554,8390.106719367588,19048.87351778656,22734.636363636364,14945.122529644268,10521.990118577076,11559.05138339921,17422.40513833992,20754.482213438736,28838.5395256917,18935.66600790514,11419.845849802372,7566.442687747036,5247.596837944664,3868.00790513834,3492.122529644269,4040.723320158103,2882.083003952569,2364.1561264822135,1938.0256916996047,2357.922924901186,2916.913043478261,4928.938735177866,15538.942687747036,18023.035573122528,11123.974308300396,8519.0790513834,7210.563241106719,5369.106719367589,3725.3458498023715,2982.598814229249,3112.685770750988,9264.01185770751,16160.802371541502,10589.369565217392,10129.45652173913,11009.225296442688,8551.466403162056,14975.158102766798,14635.415019762846,9127.100790513834,5694.994071146245,4059.2588932806325,3440.6343873517785,2844.118577075099,1969.312252964427,1724.7707509881423,1499.2134387351778,1471.4407114624505,1455.4525691699605,1547.3695652173913,1782.8517786561265,2154.802371541502,1665.5750988142292,2160.7529644268775,1933.0415019762845,1930.8537549407115,2098.416996047431,2211.221343873518,2144.377470355731,1936.2430830039525,1596.494071146245,1767.6660079051383,1654.598814229249,1768.2233201581028,1445.3794466403162,1307.1205533596838,1379.610671936759,1492.788537549407,2170.683794466403,4106.49209486166,4310.306324110672,5573.258893280632,11509.703557312252,8647.40909090909,5955.758893280632,5555.347826086957,5925.681818181818,4410.353754940711,3185.8458498023715,2796.5276679841895,2356.717391304348,2644.395256916996,3366.5652173913045,6735.893280632411,12969.667984189724,9242.5790513834,5911.096837944664,4886.197628458498,7150.699604743083,9007.041501976284,12727.998023715416,13937.521739130434,14631.00790513834,9160.179841897234,6142.567193675889,5265.565217391304,4163.788537549407,3011.114624505929,2356.197628458498,2260.3260869565215,2523.790513833992,6224.841897233202,6403.169960474308,6594.383399209486,6911.274703557312,6248.839920948617,4658.913043478261,4131.199604743083,3254.3537549407115,2595.7628458498025,2283.0256916996045,2330.8616600790515,2301.2509881422925,3919.5533596837945,10643.278656126482,9566.304347826086,6804.45652173913,6563.98814229249,11546.553359683794,25508.926877470356,19210.774703557312,12166.667984189724,8257.0395256917,6184.691699604743,4859.349802371542,5674.699604743083,16688.998023715416,28327.45256916996,22163.675889328064,14982.9604743083,9842.565217391304,7253.687747035573,6725.324110671937,14196.922924901186,15389.745059288538,17784.946640316204,27453.974308300396,19820.942687747036,16583.772727272728,26242.51581027668,20779.17391304348,13075.814229249012,8373.324110671936,5820.158102766798,4386.986166007905,3231.4624505928855,2319.575098814229,2556.99604743083,3674.594861660079,9063.533596837944,19586.067193675888,13903.207509881422,8734.179841897234,6842.391304347826,5757.770750988142,4242.796442687747,2941.116600790514,2681.922924901186,4392.260869565217,6577.675889328063,16240.415019762846,27756.18972332016,24887.56324110672,15216.49209486166,10251.820158102766,9719.667984189724,7020.322134387352,4658.332015810277,3553.116600790514,3289.100790513834,3801.401185770751,6319.733201581028,5013.316205533597,3674.885375494071,2858.1640316205535,3246.9446640316205,9423.812252964426,12793.339920948616,10768.43675889328,7498.50790513834,5189.800395256917,5029.689723320158,3660.6581027667985,2918.4466403162055,2507.575098814229,2480.187747035573,3626.907114624506,11712.40513833992,11569.573122529644,7441.432806324111,5100.041501976285,4976.01976284585,9053.219367588932,21650.81027667984,21118.598814229248,13389.40909090909,8901.565217391304,6141.916996047431,4282.349802371542,3326.7252964426875,2839.5276679841895,2842.2608695652175,5921.958498023715,11998.252964426878,8128.774703557312,6314.397233201581,5789.189723320158,4468.754940711462,3109.7490118577075,2756.0592885375495,2578.077075098814,2464.814229249012,2177.8498023715415,3447.189723320158,8626.750988142292,13166.630434782608,9269.895256916996,7805.383399209486,5095.509881422925,3695.6581027667985,2875.2529644268775,2539.187747035573,2325.784584980237,5201.52371541502,16841.209486166008,23918.081027667984,16552.774703557312,10192.608695652174,6615.470355731225,4746.102766798419,3337.399209486166,2619.893280632411,2348.8636363636365,3048.7529644268775,2725.8537549407115,3091.575098814229,3545.1422924901185,7423.859683794466,18401.448616600792,21309.592885375496,17241.243083003952,14700.122529644268,18964.193675889328,13483.669960474308,8213.391304347826,5644.306324110672,4251.104743083004,3514.897233201581,3043.389328063241,2948.1264822134385,4223.440711462451,4266.525691699605,3410.924901185771,4884.727272727273,11187.037549407114,8475.57509881423,5468.743083003953,5342.138339920949,7224.235177865613,5776.52766798419,7213.189723320158,13562.841897233202,9760.304347826086,6530.583003952569,4480.169960474308,4674.99604743083,12771.675889328064,14885.48418972332,10043.778656126482,6756.276679841897,4894.96837944664,4890.820158102767,6835.302371541502,7286.033596837945,5008.636363636364,4454.52371541502,2979.175889328063,2573.8636363636365,2607.02371541502,2272.48023715415,2069.7549407114625,1863.4604743083005,1536.699604743083,1449.792490118577,1589.401185770751,2053.575098814229,1673.411067193676,1638.8814229249012,1371.6778656126482,1841.1600790513835,3641.5691699604745,4130.549407114625,3765.1324110671935,5487.666007905138,4833.266798418972,5949.302371541502,11595.140316205534,8558.371541501976,5674.458498023715,4685.045454545455,10098.47233201581,12026.695652173914,7255.282608695652,4781.005928853755,3629.622529644269,4303.239130434783,4348.695652173913,3570.199604743083,4873.073122529644,13610.254940711462,10800.632411067194,7434.314229249012,6997.909090909091,14404.59881422925,11511.280632411068,7290.203557312253,4797.373517786561,4238.185770750988,3363.098814229249,2879.2707509881425,2032.401185770751,1766.3715415019763,2457.1284584980235,2825.284584980237,2171.6482213438735,2161.3359683794465,1820.9584980237155,1644.4743083003953,1307.7569169960475,1356.4664031620553,1307.8735177865613,2093.887351778656,2244.104743083004,2267.407114624506,2662.0296442687745,2411.48023715415,1919.9229249011858,1861.306324110672,2107.3399209486165,2284.99604743083,1607.9664031620553,1822.2213438735178,2464.100790513834,3306.707509881423,4202.114624505929,4889.353754940711,4089.8339920948615,4452.843873517787,3712.195652173913,4369.525691699605,3203.0494071146245,3445.7687747035575,3402.1501976284585,2753.98023715415,2215.689723320158,2036.300395256917,2062.1541501976285,3257.5533596837945,7971.907114624506,8140.02371541502,5348.646245059289,3724.0494071146245,2690.189723320158,2134.1739130434785,1685.7806324110672,1682.8280632411067,1479.6679841897233,1614.9683794466403,1552.699604743083,2124.6541501976285,2179.3636363636365,2180.2687747035575,1901.6324110671937,1983.3675889328063,3232.189723320158,5423.693675889328,5621.679841897233,5600.845849802372,4818.549407114625,7484.357707509881,18436.788537549408,14041.418972332016,9224.156126482214,6884.537549407115,5459.01185770751,3631.0375494071145,2525.02371541502,2125.3418972332015,1904.604743083004,1757.0770750988142,1439.298418972332,1548.51185770751,1779.707509881423,2464.2411067193675,3174.1719367588935,4034.695652173913,2749.181818181818,2131.903162055336,1628.7667984189723,1520.193675889328,1284.8320158102767,1881.393280632411,2085.8478260869565,1902.893280632411,1554.1462450592885,2605.986166007905,2597.4426877470355,2166.584980237154,2005.8774703557312,2259.9584980237155,1912.393280632411,1601.6501976284585,1297.4822134387352,1292.6146245059288,1132.290513833992,1423.7727272727273,1468.288537549407,1504.3399209486165,1323.8418972332015,1303.399209486166,1145.9407114624505,1231.7233201581028,1142.1581027667985,1438.6818181818182,1214.096837944664,1441.7806324110672,1692.701581027668,2016.3320158102767,4124.201581027668,6362.691699604743,5406.626482213439,3667.088932806324,2434.907114624506,2125.6264822134385,1840.1363636363637,1813.8458498023715,1651.494071146245,1606.100790513834,1370.6501976284585,1485.2786561264822,1753.7173913043478,3810.9446640316205,14144.407114624506,12564.0395256917,7985.260869565217,5960.116600790514,4577.195652173913,3165.4446640316205,2173.4387351778655,2234.5513833992095,3385.001976284585,2709.8517786561265,2010.9822134387352,1759.8517786561265,1452.5158102766798,1375.5691699604743,1258.2608695652175,1824.5553359683795,3211.7411067193675,3154.624505928854,2159.286561264822,1889.4169960474308,2082.909090909091,2563.3458498023715,2069.0415019762845,1963.195652173913,1525.4308300395257,1540.2391304347825,1255.0849802371542,1343.2549407114625,1611.0494071146245,3588.418972332016,2821.7272727272725,2103.6383399209485,1608.3280632411067,1717.893280632411,2177.6640316205535,1996.001976284585,1520.4328063241107,1476.7628458498023,1139.0335968379447,1132.2292490118577,1177.7430830039525,1250.193675889328,1397.7865612648222,2227.3478260869565,5109.150197628458,5697.626482213439,3959.021739130435,3579.2608695652175,4369.600790513834,4435.681818181818,3088.2411067193675,3650.187747035573,2717.575098814229,2258.4545454545455,1661.1541501976285,1507.8537549407115,1248.191699604743,1320.9703557312253,1109.7845849802372,1279.300395256917,1187.0474308300395,1495.7371541501977,1801.189723320158,2155.1719367588935,1715.8814229249012,1568.197628458498,1447.6324110671937,2165.013833992095,2945.50790513834,4790.324110671937,18738.322134387352,36027.09881422925,22850.1581027668,13278.53162055336,8309.758893280632,5455.260869565217,3299.47628458498,2309.918972332016,1615.5513833992095,1534.7569169960475,1365.808300395257,1486.701581027668,1570.590909090909,1703.790513833992,1542.6166007905138,1584.8675889328063,1792.2628458498023,2294.2727272727275,1841.6383399209485,1785.8478260869565,1473.4802371541502,1594.9169960474308,1726.0869565217392,1925.899209486166,1663.7351778656127,1750.1818181818182,1498.4189723320158,1565.0592885375495,1569.5691699604743,2541.705533596838,4441.922924901186,14430.743083003952,29729.596837944664,18833.450592885376,10676.249011857708,7087.001976284585,4542.001976284585,3638.5533596837945,4078.1719367588935,4470.581027667984,3969.407114624506,2874.885375494071,2052.9624505928855,2065.3458498023715,3004.4525691699605,8109.446640316206,26820.019762845848,19888.237154150196,10945.128458498024,7257.426877470356,5101.359683794466,4020.223320158103,2807.590909090909,2382.0671936758895,3143.804347826087,4014.1403162055335,2667.7430830039525,2311.879446640316,2098.2707509881425,1948.501976284585,2072.6284584980235,2203.2470355731225,1748.6284584980237,1529.290513833992,1347.590909090909,1330.7371541501977,1441.0849802371542,1759.6541501976285,2399.2391304347825,3573.9584980237155,3423.9703557312255,2555.312252964427,1947.0,1770.8656126482213,1369.8162055335968,1326.7470355731225,1200.8537549407115,1320.2608695652175,1149.106719367589,1209.300395256917,1183.4664031620553,1243.2450592885375,1228.1640316205533,1363.0711462450593,1063.8616600790515,1127.6185770750988,1029.5177865612648,1246.5592885375495,1434.8735177865613,1866.7826086956522,1484.2134387351778,1430.2371541501977,1738.0237154150198,1898.6620553359685,1436.7648221343873,1312.6581027667985,1314.788537549407,1497.1383399209485,1594.7549407114625,1486.195652173913,1148.8142292490118,1179.2134387351778,1133.0513833992095,1484.7312252964427,1308.088932806324,1242.8339920948617,1158.312252964427,1409.6363636363637,1802.0,3228.9664031620555,2219.420948616601,1833.2766798418972,1808.2351778656127,2735.418972332016,1900.2806324110672,1561.9426877470355,1269.203557312253,1277.1719367588933,1347.7470355731225,1582.1126482213438,1359.1324110671937,1928.9486166007905,1677.494071146245,1439.2252964426877,1178.0494071146245,1184.2134387351778,1138.9664031620553,1618.4189723320158,5155.557312252964,5721.381422924901,3527.399209486166,2824.0296442687745,2108.6422924901185,1684.4743083003953,1772.8181818181818,1915.405138339921,1535.106719367589,1504.5177865612648,1343.3814229249012,1274.50395256917,1186.0573122529645,1743.5533596837945,1896.5296442687747,1673.9407114624505,2342.3577075098815,2620.800395256917,1707.195652173913,1533.3596837944665,1199.4683794466403,1216.306324110672,1273.2252964426877,2551.881422924901,12207.885375494072,12106.48418972332,7405.790513833992,4914.869565217391,4153.124505928854,5581.04743083004,3462.201581027668,2253.8339920948615,1923.9486166007905,2709.820158102767,2140.2747035573125,1625.2351778656127,1228.0770750988142,1215.3498023715415,1120.2707509881423,1195.104743083004,1088.0731225296443,1183.7252964426877,1350.4782608695652,1942.9328063241107,6924.822134387352,19403.243083003952,14742.389328063242,7808.998023715415,4554.063241106719,2899.782608695652,1836.7351778656127,1836.5573122529645,2301.110671936759,1914.9466403162055,1609.588932806324,2032.804347826087,1769.3260869565217,1602.3853754940712,1295.4189723320158,1446.5573122529645,1543.1541501976285,1555.5810276679842,1869.7707509881423,4085.292490118577,6418.697628458498,5681.199604743083,3643.203557312253,2865.1521739130435,4201.148221343874,3745.381422924901,3511.4683794466405,3165.907114624506,2722.6501976284585,2127.691699604743,1611.1581027667985,1445.6462450592885,1245.0869565217392,1238.9268774703557,1027.3873517786562,1061.594861660079,1016.4723320158103,1105.2154150197628,1013.0731225296443,1188.2608695652175,1006.0355731225296,1081.3636363636363,921.3102766798419,1057.5197628458498,1083.610671936759,1302.3478260869565,1172.3675889328063,1210.3162055335968,1200.0671936758893,1925.790513833992,2000.1146245059288,2521.590909090909,2534.6699604743085,2310.6324110671935,2024.6166007905138,1746.3339920948617,1707.4683794466403,2564.3498023715415,3671.075098814229,3335.179841897233,2666.422924901186,2331.697628458498,1842.788537549407,1633.7569169960475,1374.7806324110672,1324.0691699604743,1195.4407114624505,1520.3695652173913,4055.298418972332,7117.883399209486,4687.861660079051,3178.102766798419,2043.395256916996,1820.903162055336,2875.223320158103,2752.905138339921,1987.7569169960475,2664.4664031620555,7722.306324110672,10748.239130434782,9841.049407114624,5613.051383399209,3316.875494071146,2376.50790513834,1754.604743083004,2426.586956521739,6053.660079051383,4800.845849802372,2688.8300395256915,1876.9486166007905,1376.0316205533597,1274.209486166008,1498.0573122529645,2960.381422924901,2965.0375494071145,2837.7371541501975,2059.3498023715415,2392.0355731225295,7133.169960474308,11748.926877470356,13459.167984189724,7483.288537549407,4062.009881422925,3250.796442687747,5080.905138339921,15480.02766798419,10316.501976284584,5230.03557312253,3913.1284584980235,3306.802371541502,1934.9308300395257,1637.0316205533597,1268.5177865612648,1380.1185770750988,1566.4446640316205,1460.3458498023715,1321.2391304347825,1589.501976284585,1481.6245059288538,1990.800395256917,3972.602766798419,3092.8498023715415,1740.5316205533597,1436.3359683794467,1120.3675889328063,1242.8498023715415,1532.1422924901185,1372.9150197628458,1092.1798418972332,1327.4545454545455,1846.6383399209485,2064.577075098814,1765.9743083003953,2615.2588932806325,2014.7233201581028,2019.3300395256917,4578.195652173913,4097.029644268775,2564.6383399209485,1897.306324110672,1518.2193675889328,3335.616600790514,3337.0296442687745,2235.6719367588935,2186.5573122529645,3282.5671936758895,2766.415019762846,3336.3458498023715,3146.122529644269,2945.2391304347825,5547.820158102767,10201.533596837944,6575.363636363636,3686.911067193676,2184.598814229249,1783.1383399209485,1316.8735177865613,1271.1778656126482,1128.691699604743,1213.6778656126482,1312.1581027667985,3122.916996047431,6754.509881422925,4828.847826086957,2757.4268774703555,3653.9268774703555,10848.723320158102,9131.628458498024,4509.675889328063,2929.298418972332,2654.1442687747035,3891.3458498023715,3869.877470355731,3234.517786561265,2226.314229249012,1678.501976284585,1180.2826086956522,1068.8656126482213,1046.1245059288538,1204.207509881423,1049.9565217391305,1041.1403162055335,1199.9683794466403,1919.2371541501977,1753.207509881423,1613.2628458498023,2019.4743083003953,3995.021739130435,3401.1600790513835,2407.5612648221345,1811.1561264822135,4942.444664031621,12805.701581027668,18991.851778656128,11677.58300395257,5187.982213438735,2488.7470355731225,1665.0,1205.1521739130435,1569.796442687747,1439.49209486166,1296.1581027667985,1082.695652173913,1133.6798418972332,1023.6185770750989,1108.5454545454545,1063.8181818181818,1342.6778656126482,1484.8142292490118,2696.2332015810275,12562.537549407114,21735.620553359684,11956.865612648222,5205.845849802372,2733.50395256917,1808.4150197628458,1312.707509881423,1358.7588932806325,1274.9387351778655,1259.3577075098815,1145.9486166007905,1157.4446640316205,1221.7529644268775,1481.0177865612648,1679.0138339920948,1668.911067193676,1391.3577075098815,1474.5335968379447,1577.7430830039525,3914.99209486166,14568.569169960474,29193.774703557312,22398.760869565216,9636.06324110672,4229.770750988142,2480.7470355731225,1786.2470355731225,1798.7154150197628,1346.9407114624505,1240.4209486166008,1114.0177865612648,1119.6778656126482,1008.1897233201581,1161.6600790513835,972.1462450592885,1007.2193675889328,1142.3162055335968,1164.5217391304348,1069.5296442687747,1437.310276679842,3960.2707509881425,6181.918972332016,3480.9723320158105,1903.2569169960475,1256.51185770751,1212.0237154150198,1392.7391304347825,1427.9229249011858,1142.9861660079052,1225.308300395257,1080.5849802371542,1206.4426877470355,1069.5711462450593,1230.3814229249012,1311.0770750988142,1463.2549407114625,1270.3142292490118,1340.9861660079052,1172.3517786561265,1219.1778656126482,1192.5197628458498,3113.7450592885375,7864.677865612648,7115.005928853755,3178.420948616601,1802.203557312253,1208.1462450592885,1088.9209486166008,1144.0158102766798,1612.090909090909,2210.195652173913,6372.628458498024,8666.033596837944,5123.586956521739,2512.9308300395255,1675.5790513833992,1263.5671936758893,1339.9565217391305,1147.600790513834,1153.3280632411067,1046.1521739130435,1195.290513833992,1306.798418972332,1668.0652173913043,1538.0335968379447,1866.0197628458498,5004.747035573123,17982.96837944664,22990.899209486168,12379.618577075098,5664.282608695652,3261.8260869565215,1852.108695652174,1429.6166007905138,1016.5,1109.4347826086957,948.3379446640316,1008.7667984189724,975.0158102766799,1283.8794466403162,3063.096837944664,4613.440711462451,2994.48814229249,1715.792490118577,1205.711462450593,1125.3675889328063,978.4071146245059,1052.2529644268775,922.7411067193676,1047.5197628458498,899.0217391304348,1082.5355731225297,1027.1798418972332,1082.9584980237155,1092.2213438735178,1107.0691699604743,976.5632411067194,1265.911067193676,1745.5830039525692,6758.946640316206,18220.300395256916,23533.260869565216,12729.622529644268,5663.274703557312,2823.0434782608695,1849.0316205533597,1185.9505928853755,1157.792490118577,991.8122529644269,1068.3320158102767,883.5395256916996,980.9624505928854,1037.48814229249,1079.292490118577,982.4545454545455,1043.5770750988142,940.9268774703557,1051.99604743083,932.4624505928854,1073.1482213438735,1593.8300395256917,2662.094861660079,2999.816205533597,2048.183794466403,1268.0553359683795,1129.1521739130435,948.7075098814229,1055.6620553359685,921.0553359683795,1028.9664031620553,940.9822134387351,1011.2826086956521,1005.8695652173913,1153.6561264822135,1118.7806324110672,1156.0375494071145,1010.8241106719368,1123.3221343873518,991.3418972332016,1142.189723320158,1072.501976284585,1116.8418972332015,925.1857707509881,1010.0237154150198,1063.4189723320158,1004.9901185770751,967.2529644268775,1094.7707509881423,1156.5671936758893,1783.4130434782608,2204.713438735178,2716.223320158103,1841.1501976284585,1324.994071146245,992.0691699604743,1019.0612648221344,944.2727272727273,1036.5316205533597,868.6699604743083,1005.7509881422925,998.4426877470356,1260.2588932806325,1214.7490118577075,1142.701581027668,990.905138339921,1063.6679841897233,999.7193675889328,1075.100790513834,926.296442687747,1066.509881422925,937.4664031620554,1073.298418972332,989.1482213438735,1031.391304347826,903.49604743083,1042.090909090909,1144.1501976284585,1404.6541501976285,1372.3695652173913,1617.0790513833992,1356.3517786561265,1605.3794466403162,1757.2509881422925,1962.094861660079,1423.1798418972332,1197.1205533596838,1000.7450592885375,1084.100790513834,1076.3735177865613,1233.8596837944665,1139.399209486166,1254.0474308300395,1505.594861660079,2067.622529644269,2451.717391304348,2403.490118577075,1530.494071146245,1203.891304347826,1044.588932806324,1081.5810276679842,973.2233201581028,1137.4703557312253,1054.1363636363637,1272.0454545454545,1341.2430830039525,2384.7588932806325,7555.029644268775,16466.02371541502,23607.58695652174,25838.438735177864,14293.620553359684,6021.822134387352,2646.6422924901185,1827.7806324110672,1380.6166007905138,1456.0454545454545,1611.2154150197628,1908.294466403162,1828.5474308300395,1662.2490118577075,1302.0434782608695,1352.8339920948617,1301.8181818181818,1366.6324110671937,1194.610671936759,1168.494071146245,982.0889328063241,1090.610671936759,888.7865612648221,1107.108695652174,952.0335968379446,1060.2233201581028,932.4901185770751,964.9229249011858,838.0573122529644,921.4446640316205,901.3833992094861,1010.0869565217391,867.3280632411067,998.0849802371541,1248.098814229249,1365.49209486166,1269.5158102766798,1415.6225296442688,1349.7470355731225,2815.391304347826,7450.140316205534,11928.525691699604,15871.934782608696,16647.988142292492,9463.209486166008,4033.6521739130435,2118.909090909091,1855.0296442687747,1760.5197628458498
579.7130124777184,501.34581105169343,527.9108734402852,464.2139037433155,589.7540106951872,430.7486631016043,540.4901960784314,524.2762923351158,554.4402852049911,524.8502673796792,580.5793226381462,507.0570409982175,615.4830659536542,475.5098039215686,593.096256684492,614.060606060606,653.3832442067736,614.3743315508021,592.0374331550802,568.6310160427807,607.6613190730837,568.1675579322638,675.9750445632799,599.680926916221,693.8057040998217,676.9875222816399,648.8270944741533,592.6648841354723,641.2121212121212,580.9304812834224,691.7932263814616,609.3101604278074,707.3386809269163,634.9180035650623,708.6880570409983,608.49376114082,728.8181818181819,590.6684491978609,709.7326203208556,597.0588235294117,710.0106951871658,639.9554367201426,626.0445632798574,716.4598930481284,667.5632798573976,533.9857397504456,648.6880570409983,725.2281639928699,751.0267379679144,628.6221033868093,722.7183600713013,691.2317290552585,714.2459893048128,690.0178253119429,742.3315508021391,597.1016042780749,723.2620320855615,651.4919786096257,689.5133689839572,631.3155080213904,699.8039215686274,639.9750445632799,686.4991087344029,623.3582887700535,737.7112299465241,653.4705882352941,727.2032085561498,670.0142602495544,621.174688057041,728.1836007130124,680.2905525846702,668.9126559714795,725.3458110516934,642.4242424242424,712.8163992869876,677.5472370766488,742.367201426025,679.1283422459893,693.0463458110517,821.536541889483,771.0267379679144,673.6238859180036,731.572192513369,715.0231729055258,739.9732620320856,694.2727272727273,780.1051693404635,650.5383244206773,708.3208556149733,711.192513368984,746.4295900178253,660.6969696969697,778.2495543672014,760.1247771836007,724.0909090909091,746.620320855615,750.4331550802139,724.7415329768271,789.7985739750445,700.4884135472371,788.6488413547237,716.1122994652407,748.6488413547237,702.9964349376114,680.536541889483,693.174688057041,808.5650623885919,668.1853832442067,765.2085561497327,699.2014260249555,644.8021390374331,837.0463458110517,831.8395721925134,743.4402852049911,776.0320855614973,734.8912655971479,840.9001782531194,715.2139037433155,797.7397504456328,769.1586452762923,769.6149732620321,775.2263814616756,823.1818181818181,737.5383244206773,795.5098039215686,707.1693404634581,766.807486631016,721.397504456328,843.0748663101605,797.3582887700535,817.2049910873441,759.9001782531194,838.3939393939394,736.6524064171123,753.2281639928699,739.3386809269163,816.1247771836007,778.048128342246,820.6417112299465,667.0730837789662,772.048128342246,690.210338680927,675.0089126559715,823.2495543672014,858.0819964349377,754.3101604278074,777.6791443850267,773.4545454545455,783.9447415329769,796.4206773618538,785.8787878787879,727.6720142602495,765.4242424242424,745.7967914438502,845.7040998217469,800.6541889483066,785.885918003565,780.7825311942959,766.6042780748663,687.663101604278,828.8805704099822,797.0106951871658,764.8645276292335,776.825311942959,829.8342245989305,772.939393939394,797.192513368984,793.7664884135472,845.4830659536542,717.6951871657755,866.9625668449198,797.3921568627451,843.7094474153298,770.9732620320856,739.5757575757576,868.0873440285205,888.5044563279857,774.1051693404635,851.0106951871658,757.397504456328,895.0713012477719,788.1960784313726,799.2014260249555,800.475935828877,769.3458110516934,755.5472370766488,833.1818181818181,812.6577540106952,793.9803921568628,822.7040998217469,824.114081996435,808.0730837789662,842.0819964349377,776.0463458110517,857.3458110516934,766.8680926916221,861.6755793226381,817.9732620320856,827.7754010695187,884.0677361853833,805.0392156862745,834.4741532976827,872.2798573975044,823.2513368983957,851.0784313725491,772.9928698752228,734.8520499108735,911.9661319073084,816.0445632798574,833.0106951871658,872.5204991087344,804.4046345811051,859.2620320855615,794.1515151515151,854.9946524064171,814.0445632798574,862.4010695187166,780.6310160427807,818.6648841354723,792.3511586452763,841.5080213903743,837.8306595365419,876.6292335115864,811.855614973262,873.6648841354723,862.3030303030303,831.3654188948307,786.0766488413548,816.536541889483,867.50623885918,876.6577540106952,842.7878787878788,867.8288770053476,873.4491978609626,864.0142602495544,871.5971479500892,801.1515151515151,779.4438502673797,779.7950089126559,913.8449197860963,866.8966131907308,826.49376114082,790.3297682709448,816.3333333333334,825.9803921568628,808.6844919786096,847.885918003565,752.0142602495544,810.6096256684492,834.8092691622103,782.9661319073084,829.379679144385,770.3404634581105,770.270944741533,839.187165775401,794.8146167557933,797.4670231729056,806.6934046345812,841.2192513368984,834.1336898395722,833.6434937611408,855.2299465240642,870.8199643493762,764.7040998217469,888.7540106951872,806.5650623885919,841.2495543672014,882.6702317290552,834.0998217468806,812.7308377896613,879.7557932263815,945.8663101604278,895.9875222816399,812.5757575757576,943.6934046345812,856.5650623885919,864.2049910873441,865.1996434937612,853.1301247771836,845.0267379679144,880.6274509803922,778.3903743315508,813.6185383244207,849.1033868092692,845.6827094474153,880.5169340463458,858.4848484848485,876.663101604278,855.3636363636364,780.0,878.9019607843137,808.5383244206773,836.7878787878788,842.6310160427807,871.8930481283422,845.3707664884136,887.336898395722,799.5133689839572,862.24064171123,816.4741532976827,861.2941176470588,814.2245989304813,786.0035650623886,974.8663101604278,895.8627450980392,892.0926916221034,833.083778966132,809.4741532976827,861.7789661319073,838.8039215686274,854.7950089126559,887.0748663101605,827.5311942959001,833.6613190730837,892.0374331550802,830.8787878787879,911.7308377896613,815.6185383244207,845.7629233511586,866.7878787878788,897.1426024955437,856.5401069518716,898.6381461675579,899.9679144385027,889.812834224599,845.7843137254902,879.2049910873441,891.3386809269163,837.9269162210338,915.4670231729056,914.3511586452763,856.5704099821747,900.367201426025,812.3422459893048,778.5935828877006,1015.2852049910873,1041.75935828877,924.7575757575758,915.379679144385,906.6702317290552,948.3761140819964,844.4171122994652,918.0677361853833,837.6595365418895,881.1354723707665,938.6131907308378,822.4081996434937,917.187165775401,975.1782531194295,919.5882352941177,961.409982174688,907.1836007130124,914.4652406417113,895.24064171123,935.7005347593583,937.9643493761141,927.0552584670231,887.7361853832442,897.2869875222816,889.620320855615,873.7397504456328,878.6559714795009,929.0213903743315,926.9714795008913,931.174688057041,851.7450980392157,822.6381461675579,959.4206773618538,957.3137254901961,915.572192513369,938.2352941176471,987.9197860962566,1074.427807486631,1011.5115864527629,950.939393939394,905.74688057041,909.463458110517,918.7985739750445,967.4527629233512,912.7361853832442,930.8538324420678,969.4830659536542,977.9019607843137,963.4206773618538,983.6167557932264,911.1729055258467,998.9910873440285,924.2263814616756,974.0998217468806,944.0552584670231,1007.0320855614973,972.843137254902,943.0445632798574,927.7985739750445,957.6417112299465,905.4135472370766,957.4527629233512,922.4081996434937,850.1426024955437,1057.1550802139038,947.0802139037434,963.9732620320856,994.873440285205,939.5401069518716,1022.8787878787879,962.1194295900178,973.4474153297683,1034.8734402852049,1016.50623885918,941.6131907308378,997.5597147950089,931.2299465240642,946.1693404634581,999.0017825311943,1063.850267379679,1028.1479500891267,1068.8609625668448,1002.1497326203208,1022.3939393939394,979.4206773618538,983.8146167557933,1037.1907308377897,991.126559714795,998.9055258467023,1060.8752228163994,1031.445632798574,1038.868092691622,1013.9215686274509,1053.1711229946525,919.8110516934046,973.4688057040999,1196.524064171123,1023.1158645276292,1103.5739750445632,1066.7219251336899,1019.7112299465241,1126.0980392156862,1186.0588235294117,1246.3458110516933,1061.8235294117646,1054.8716577540106,980.0374331550802,970.9536541889483,1024.1105169340462,1048.4385026737968,1002.6149732620321,1054.716577540107,1002.7950089126559,1054.6452762923352,1033.0837789661318,1011.3743315508021,989.5151515151515,1081.7843137254902,1002.7308377896613,1062.2976827094474,1105.5579322638146,1053.4652406417113,974.5971479500892,941.0106951871658,955.3992869875223,988.3618538324421,911.5739750445633,947.9946524064171,1077.7326203208556,1088.3119429590017,956.6381461675579,1002.3172905525847,1049.855614973262,1207.4777183600713,1164.7825311942959,1145.397504456328,971.3458110516934,1018.367201426025,1008.0516934046345,1044.8520499108733,1157.5080213903743,1173.8039215686274,1118.4135472370767,992.7433155080214,986.4010695187166,1010.2745098039215,1027.4117647058824,1131.5953654188947,1104.048128342246,1075.9233511586453,1022.9590017825312,1041.445632798574,1033.9322638146168,1165.2923351158645,1163.909090909091,1272.48128342246,1108.3208556149732,1085.957219251337,989.5668449197861,979.5187165775401,1114.6951871657755,1059.258467023173,978.5115864527629,1087.1016042780748,1092.9144385026739,1089.144385026738,1114.4135472370767,1086.0980392156862,1035.0802139037432,1078.4224598930482,1112.2673796791444,1224.1818181818182,1040.1461675579324,1103.5026737967914,1101.554367201426,1157.878787878788,1123.270944741533,1090.7575757575758,1041.2442067736185,1235.7540106951872,1158.926916221034,1098.222816399287,1075.6345811051694,1126.6131907308377,1128.2923351158645,1183.2816399286987,1121.1907308377897,1096.0855614973261,1029.270944741533,1111.1426024955438,1045.5775401069518,954.4563279857398,1152.5882352941176,1086.49376114082,1052.6488413547238,1070.4955436720143,1063.0356506238859,1129.0819964349375,1044.8181818181818,1111.450980392157,1092.0053475935829,1037.8467023172905,1121.0766488413547,1108.3172905525846,987.3868092691622,1149.374331550802,1077.5579322638146,1076.5258467023173,996.9679144385027,1118.3404634581104,1078.8573975044562,1063.2513368983957,1068.6417112299466,1037.2335115864528,994.3921568627451,1096.1265597147951,1056.2299465240642,1085.4242424242425,1080.197860962567,1123.9786096256685,1007.0944741532977,1111.030303030303,1032.7254901960785,1084.463458110517,1098.832442067736,1168.349376114082,1122.283422459893,1108.445632798574,1186.554367201426,1276.5739750445632,1161.4527629233512,1212.6417112299466,1168.2014260249555,1297.1051693404634,1182.7736185383244,1220.4099821746881,1170.030303030303,1019.4688057040999,1101.4795008912656,1213.24064171123,1168.458110516934,1189.8003565062388,1042.98752228164,1070.8413547237076,1053.5579322638146,1264.4688057040999,1314.121212121212,1253.030303030303,1114.4919786096257,1038.4991087344029,998.1889483065954,1190.6488413547238,1131.0267379679144,1302.891265597148,1154.9411764705883,1106.078431372549,1274.3725490196077,1426.356506238859,1283.0089126559715,1154.2192513368984,1032.3119429590017,1086.680926916221,1039.0231729055258,1123.5918003565062,1142.1836007130125,1157.1194295900177,1088.4224598930482,1074.698752228164,1037.0534759358288,1163.3529411764705,1150.8092691622103,1257.5811051693404,1043.9162210338682,1150.9750445632799,1019.2816399286987,1121.210338680927,1119.8270944741532,1385.0570409982174,1056.1461675579324,1039.9982174688057,999.1960784313726,1131.4527629233512,1152.295900178253,1281.6488413547238,1046.549019607843,1041.3957219251338,931.1336898395722,1080.3654188948306,1264.7326203208556,1247.643493761141,1077.1693404634582,1124.204991087344,1066.2121212121212,1214.8039215686274,1142.6470588235295,1147.2620320855615,1110.8003565062388,1102.5294117647059,1150.6399286987523,1230.4795008912656,1074.1283422459894,1021.716577540107,1087.802139037433,1306.1639928698753,1445.0552584670231,1614.0338680926916,1253.850267379679,1210.8877005347595,1107.9251336898396,1101.8360071301247,1064.9714795008913,1113.0998217468805,1076.3422459893047,1293.0071301247772,1054.8734402852049,1070.98752228164,960.6969696969697,1011.7789661319073,954.9821746880571,1009.698752228164,1078.7023172905526,1242.144385026738,1193.8538324420676,1102.6185383244206,1029.9055258467024,1124.1301247771837,1075.7860962566845,1156.6363636363637,1173.9483065953655,1132.2620320855615,1027.1550802139038,1036.5614973262032,990.5597147950089,1046.3778966131908,1005.4741532976827,1119.7130124777184,1082.2317290552585,1170.6399286987523,1201.1568627450981,1372.5222816399287,1086.3672014260248,1113.2174688057041,1012.1229946524064,1028.0338680926916,975.5329768270944,1110.3351158645276,1045.8413547237076,1221.5044563279857,1266.680926916221,1562.1836007130125,1640.9679144385027,1209.9607843137255,1189.6078431372548,1203.5169340463458,1120.0356506238859,1559.3065953654188,1846.2691622103387,1727.868092691622,1936.26559714795,1573.3101604278074,1091.7629233511586,1164.0748663101604,1065.2941176470588,1180.3048128342245,1190.9893048128342,1536.602495543672,1931.222816399287,1612.8805704099823,1409.8484848484848,1579.9162210338682,1454.283422459893,1499.8128342245989,1419.7789661319073,1842.0409982174688,2763.229946524064,3414.187165775401,2606.251336898396,1962.9910873440285,1561.3814616755794,1521.1853832442068,1660.7754010695187,2466.5579322638146,2860.8948306595366,1628.7094474153298,1392.6844919786097,1345.5953654188947,1360.5739750445632,1369.22816399287,1177.2442067736185,1324.3101604278074,1245.1729055258468,1631.3297682709447,1788.4919786096257,1479.6417112299466,1153.6185383244206,1246.065953654189,1210.5775401069518,1538.9910873440285,2043.6452762923352,2600.878787878788,2824.0089126559715,2313.1675579322637,1504.6631016042782,1801.9162210338682,1454.463458110517,1441.3582887700534,1632.8449197860962,2106.299465240642,1817.374331550802,1394.0855614973261,1519.2905525846702,1447.3422459893047,1456.295900178253,1996.2798573975044,1673.1532976827095,1463.9786096256685,1663.6203208556149,1537.0944741532976,1228.0106951871658,1384.2941176470588,1636.2620320855615,2311.650623885918,1866.524064171123,1917.73440285205,1629.7682709447415,1411.0142602495544,1291.6007130124776,1334.2156862745098,1449.8039215686274,1852.825311942959,2041.8431372549019,1949.0855614973261,2601.324420677362,3356.597147950089,4135.919786096257,3197.1408199643492,2575.4135472370767,2005.1711229946525,1818.6755793226382,1524.3600713012477,1220.1907308377897,1361.6417112299466,1547.2370766488414,2038.9465240641712,2584.884135472371,1817.167557932264,1357.8948306595366,1330.8841354723709,1490.7629233511586,1535.789661319073,1159.6791443850268,1402.6203208556149,1491.51871657754,2056.866310160428,3097.812834224599,3830.812834224599,1868.4901960784314,1478.8591800356505,1395.1782531194297,1872.614973262032,2463.0695187165775,2308.188948306595,1544.0338680926916,1462.4046345811053,1386.24064171123,1683.698752228164,1568.7272727272727,1928.9946524064171,2731.7165775401068,3785.2780748663104,2344.377896613191,2346.620320855615,2622.8324420677363,1760.764705882353,1396.3404634581104,1515.7379679144385,1786.5383244206773,2729.8092691622105,3482.1497326203207,2573.212121212121,1764.7522281639929,1890.8431372549019,2405.6131907308377,1625.4866310160428,1232.2014260249555,1380.6916221033869,1239.7076648841355,1324.4830659536542,1297.5401069518716,1575.6541889483067,1261.819964349376,1374.235294117647,1231.5276292335116,1241.4046345811053,1154.030303030303,1283.650623885918,1351.6541889483067,1758.6042780748662,1709.1408199643495,1975.4349376114083,1413.3832442067737,1414.9286987522282,1217.0980392156862,1327.6327985739752,1441.7575757575758,1696.7611408199643,1708.8823529411766,1834.0713012477718,1749.741532976827,1716.8146167557932,1522.7397504456328,1693.4420677361854,1921.48128342246,1720.8360071301247,1642.1354723707666,2093.03743315508,1802.0035650623886,1630.3957219251338,1495.0641711229946,1493.1283422459894,1429.0570409982174,1825.3119429590017,2384.6488413547236,2600.128342245989,1777.2442067736185,1379.4527629233512,1431.3226381461675,1990.402852049911,1635.0017825311943,1900.4224598930482,2128.3939393939395,2091.5276292335116,1991.764705882353,1873.638146167558,1662.6577540106953,1764.2762923351158,1355.3761140819965,1440.3672014260248,1409.1122994652405,1535.6310160427809,1395.9786096256685,1489.668449197861,1357.3083778966131,1517.7967914438502,1777.1408199643495,1703.144385026738,1466.030303030303,1556.0499108734402,1492.789661319073,1628.458110516934,1855.3832442067737,1960.7522281639929,1928.4527629233512,1889.5080213903743,1722.1782531194297,2028.6755793226382,2388.1194295900177,2816.4955436720143,2786.723707664884,2342.470588235294,1960.0463458110517,2280.6417112299464,2347.02495543672,2154.126559714795,2066.409982174688,2065.427807486631,1853.9982174688057,1915.4777183600713,1842.566844919786,1812.8609625668448,1878.270944741533,1958.3226381461675,1843.0891265597147,3015.946524064171,3117.614973262032,2050.3083778966134,1869.060606060606,2218.9376114081997,1610.9411764705883,1869.9376114081997,1740.9661319073084,1698.5026737967914,1877.2495543672014,2295.427807486631,2878.2459893048126,3167.0588235294117,1852.764705882353,2118.6791443850266,2967.7379679144383,4222.417112299465,5219.2513368983955,3937.392156862745,2520.0285204991087,2012.3672014260248,2335.0213903743315,2928.365418894831,3177.3939393939395,4342.707664884136,4200.534759358289,4104.700534759359,4969.586452762924,5409.484848484848,5127.484848484848,3374.4367201426026,2732.361853832442,3558.274509803922,2453.392156862745,1701.3547237076648,1705.2816399286987,2074.3814616755794,2162.6060606060605,2131.2442067736183,1936.926916221034,2211.9126559714796,2349.976827094474,1853.909090909091,1963.6951871657755,3063.6434937611407,3124.7718360071303,2534.9286987522282,2288.5811051693404,2572.2780748663104,1944.5311942959001,1950.149732620321,2126.1800356506237,2563.3689839572194,2612.7468805704098,2361.9964349376114,1847.0748663101604,1670.9803921568628,1521.921568627451,1946.8877005347595,2688.2834224598932,3069.073083778966,2513.163992869875,2189.639928698752,1848.4135472370767,2510.45632798574,2805.9197860962568,2283.5329768270944,2928.433155080214,3173.5561497326203,2501.6310160427806,3094.02495543672,2997.222816399287,2907.053475935829,2280.2923351158647,1956.7005347593583,2221.073083778966,2953.5579322638146,3986.645276292335,5191.023172905526,4415.196078431372,4383.875222816399,3692.812834224599,3705.4491978609626,3384.602495543672,3722.9839572192514,4130.165775401069,3773.126559714795,4560.791443850268,5013.631016042781,3299.9251336898396,2458.158645276292,1929.7326203208556,2267.5151515151515,2510.8270944741535,3522.939393939394,3877.795008912656,3536.0819964349375,3643.5757575757575,3978.579322638146,4835.39037433155,5342.397504456328,3716.994652406417,4350.279857397504,4224.39037433155,3081.392156862745,3445.8520499108736,4234.055258467023,3767.078431372549,3582.9679144385027,3135.270944741533,4001.1497326203207,3929.0463458110517,4033.5401069518716,4042.360071301248,4786.675579322638,3747.5401069518716,3193.5828877005347,3210.7843137254904,4032.212121212121,4128.695187165776,3479.7272727272725,2534.9857397504456,2004.2745098039215,1564.6060606060605,1788.0534759358288,1642.6613190730839,1524.609625668449,1491.7557932263815,1691.1105169340462,1427.4598930481284,1486.8573975044562,1499.1247771836006,1497.4705882352941,1444.6577540106953,1584.0356506238859,1726.1639928698753,1903.1176470588234,1839.0142602495544,2760.903743315508,3763.529411764706,3269.0588235294117,2401.4741532976827,1584.1283422459894,1351.891265597148,1684.4438502673797,1992.5775401069518,2341.162210338681,1526.9447415329769,1679.1711229946525,1565.9358288770054,1694.7361853832442,1864.1889483065954,1904.204991087344,1315.891265597148,1424.3832442067737,1474.7682709447415,1747.2370766488414,1907.2976827094474,2083.638146167558,2453.133689839572,3054.6595365418893,2424.5953654188947,2165.0695187165775,2414.5222816399287,1674.1229946524063,1413.1942959001783,1497.9055258467024,1451.3030303030303,1800.9304812834225,2525.2442067736183,3246.2852049910875,1939.9946524064171,2003.9108734402853,2407.3582887700536,3001.3333333333335,3840.800356506239,2694.3743315508023,1772.2869875222816,2459.868092691622,2063.194295900178,1705.9197860962568,1355.2317290552585,1757.2923351158645,2165.9073083778967,2809.360071301248,2012.7058823529412,2351.5222816399287,2364.9286987522282,2167.7736185383246,1368.0944741532976,1509.524064171123,1559.4188948306596,2038.5383244206773,2890.5276292335116,4973.474153297682,6116.308377896613,6413.29055258467,3495.957219251337,1843.2388591800357,1397.3475935828876,1425.7147950089127,1259.270944741533,1490.5151515151515,1513.7967914438502,2130.8805704099823,2468.0499108734402,3065.224598930481,3757.055258467023,4614.269162210338,2307.3137254901962,1937.8003565062388,1854.9554367201426,2103.916221033868,2237.0695187165775,3276.566844919786,4332.655971479501,3520.6595365418893,2498.1675579322637,3416.1301247771835,2565.329768270945,1648.807486631016,1469.8235294117646,1787.2816399286987,2229.4313725490197,3466.7736185383246,2664.1657754010694,1860.9803921568628,1824.7201426024956,2138.288770053476,2294.3226381461677,2574.4919786096257,2144.4973262032086,1737.3636363636363,2140.331550802139,2216.597147950089,2094.7860962566847,3468.222816399287,3264.6167557932263,2009.3778966131908,1905.7486631016043,2973.379679144385,3173.9411764705883,2506.3458110516935,2908.664884135472,4236.951871657754,5885.442067736185,4087.475935828877,2000.3868092691623,1604.9447415329769,1286.2941176470588,1446.638146167558,1388.2388591800357,1827.0570409982174,1558.3636363636363,1466.458110516934,1291.5561497326203,1359.1176470588234,1104.6007130124776,1249.162210338681,1279.4723707664884,1325.3707664884134,1353.7843137254902,1366.4723707664884,1101.131907308378,1435.764705882353,1459.0196078431372,1353.3868092691623,1125.3832442067737,1259.7504456327986,1118.488413547237,1237.9893048128342,1177.536541889483,1335.319073083779,1103.331550802139,1268.8894830659538,1091.7878787878788,1403.1051693404634,1200.1515151515152,1247.5614973262032,1102.957219251337,1215.283422459893,1129.74688057041,1222.197860962567,1199.0409982174688,1451.7860962566845,1152.2370766488414,1241.650623885918,1145.8716577540106,1219.1729055258468,1063.75935828877,1152.162210338681,1321.5383244206773,1495.7700534759358,1485.5704099821746,1432.1693404634582,1428.3101604278074,1811.222816399287,1934.1390374331552,1656.926916221034,1769.3386809269161,2435.650623885918,1611.9001782531195,1298.3065953654188,1149.3957219251338,1250.8467023172905,1248.6078431372548,1175.8948306595366,1090.3796791443851,1314.5472370766488,1066.2335115864528,1277.283422459893,1095.6934046345812,1252.7308377896613,1170.0463458110517,1167.2139037433155,1082.2299465240642,1187.0356506238859,1195.9928698752228,1554.420677361854,1820.7023172905526,1666.7326203208556,1329.668449197861,1300.7254901960785,1467.716577540107,1461.0089126559715,1271.326203208556,1441.5650623885917,1492.602495543672,1721.2459893048128,1312.7361853832442,1189.4385026737968,1161.4848484848485,1291.6613190730839,1263.5935828877004,1704.1283422459894,1988.9714795008913,1789.4402852049911,1282.210338680927,1371.3725490196077,1485.8823529411766,2014.3101604278074,1481.1515151515152,1448.9126559714796,1524.0445632798574,1869.01247771836,2007.6631016042782,2030.7540106951872,1604.6773618538325,1491.0766488413547,1324.5329768270944,1648.6274509803923,1341.764705882353,1266.3351158645276,1068.8217468805703,1242.0855614973261,1410.0641711229946,1479.49376114082,1587.6577540106953,1843.5133689839572,1436.9180035650625,1726.9732620320856,2142.1836007130123,2307.50623885918,1595.609625668449,1702.3689839572191,1848.4242424242425,1679.1426024955438,1545.301247771836,1782.6898395721926,1961.1532976827095,2327.871657754011,1669.6631016042782,1979.2139037433155,2392.390374331551,3225.700534759358,2014.0926916221033,1830.7147950089127,1771.1426024955438,1805.74688057041,2244.9714795008913,3678.146167557932,4701.397504456328,3469.8805704099823,2782.9893048128342,3394.818181818182,2101.7967914438505,1693.0926916221033,2051.065953654189,2960.0445632798574,2441.9607843137255,2760.0106951871658,2470.219251336898,2647.1105169340462,2593.8021390374333,3688.219251336898,2816.663101604278,1953.1764705882354,1560.2139037433155,1796.957219251337,2356.909090909091,2112.5044563279857,1419.6131907308377,1836.1069518716577,2756.825311942959,3827.6238859180035,2546.9233511586453,3150.331550802139,3298.7379679144383,3257.103386809269,4504.067736185383,3523.675579322638,2486.2139037433153,4263.581105169341,5300.483065953654,2939.276292335116,2234.8449197860964,3435.4848484848485,5211.301247771836,5905.754010695187,5108.951871657754,3838.855614973262,2953.549019607843,3274.645276292335,5375.360071301247,7583.641711229947,5056.907308377897,3548.9251336898396,5604.860962566845,9228.616755793226,6063.550802139038,3547.650623885918,2128.3511586452764,1905.8841354723709,2151.5650623885917,3346.688057040998,3468.242424242424,3531.270944741533,4549.140819964349,6941.103386809269,4683.089126559715,2705.9590017825312,2021.1265597147951,1508.7860962566845,1328.2067736185384,1638.8288770053475,1621.8609625668448,2050.97504456328,3194.1532976827093,3432.2442067736183,2058.693404634581,1745.868092691622,1790.121212121212,1773.162210338681,1451.7005347593583,1798.5525846702317,2435.2531194295902,3667.3582887700536,2783.811051693405,2389.048128342246,2400.1907308377895,1785.939393939394,1500.3083778966131,1721.7326203208556,2419.1800356506237,2435.299465240642,1577.2335115864528,1616.8734402852049,1512.2424242424242,1847.8003565062388,1402.2388591800357,1549.3761140819965,1557.192513368984,2211.5561497326203,2574.837789661319,2330.670231729055,1838.2263814616756,1484.5508021390374,1378.8484848484848,1582.1229946524063,1492.1122994652405,1595.0445632798574,2008.9946524064171,1894.162210338681,1477.2549019607843,1542.9946524064171,1338.5864527629233,1617.6951871657755,2174.5686274509803,3436.5828877005347,2423.098039215686,1641.2816399286987,1544.5757575757575,1483.698752228164,1385.5080213903743,1682.602495543672,1377.6203208556149,1474.819964349376,1625.862745098039,2191.1479500891264,2351.6488413547236,2169.6417112299464,1496.1122994652405,1694.162210338681,2127.664884135472,2385.7165775401068,1574.9536541889483,1471.0,1360.6470588235295,1895.3226381461675,1550.6238859180035,1438.3048128342245,1427.415329768271,1669.4991087344029,1915.969696969697,2298.787878787879,1606.042780748663,1681.2477718360071,2069.3529411764707,2253.6773618538323,1345.2299465240642,1376.9233511586453,1165.3868092691623,1301.9376114081997,1237.9893048128342,1441.9233511586453,1394.98752228164,1901.9483065953655,2864.7860962566847,2415.49376114082,1274.6221033868092,1270.8270944741532,1220.0285204991087,1510.8859180035652,1205.2032085561498,1434.0071301247772,1145.0356506238859,1437.6488413547238,1308.6488413547238,1257.1942959001783,1231.6791443850268,1332.4420677361854,1345.0285204991087,1896.5882352941176,2283.422459893048,1744.3529411764705,1570.5151515151515,2574.7023172905524,2571.319073083779,1533.2335115864528,1400.8823529411766,1626.4866310160428,1546.8360071301247,1530.9839572192514,1227.0998217468805,1553.9910873440285,1948.149732620321,2476.1408199643492,2814.0766488413547,2063.812834224599,1410.344028520499,1598.192513368984,1654.0142602495544,2283.078431372549,1736.192513368984,1781.2673796791444,1720.3226381461675,2284.695187165775,1677.3725490196077,1659.8449197860962,1976.8181818181818,2215.675579322638,1409.7147950089127,1459.7361853832442,1694.488413547237,2896.3743315508023,3697.3885918003566,2179.9411764705883,1732.2477718360071,1918.433155080214,1452.8288770053475,1521.4901960784314,1551.8270944741532,1713.2976827094474,1482.7094474153298,1500.222816399287,1321.8520499108733,1850.7914438502673,2699.1426024955435,2348.415329768271,1333.7433155080214,1429.4135472370767,1292.2994652406417,1374.4117647058824,1456.584670231729,1695.8003565062388,1431.6274509803923,2026.8039215686274,1871.9465240641712,1772.4171122994653,1278.3957219251338,1273.48128342246,1121.4705882352941,1291.9001782531195,1218.4830659536542,1494.9661319073084,1698.0837789661318,1898.2121212121212,1415.1729055258468,1355.7807486631016,1223.50623885918,1498.8645276292334,1593.855614973262,1719.5597147950089,1721.4188948306596,2271.319073083779,2024.096256684492,1474.572192513369,1384.7932263814616,1614.7450980392157,1884.1158645276291,2094.638146167558,1998.2852049910873,2347.4901960784314,1880.270944741533,1753.969696969697,1405.4135472370767,1636.8734402852049,1735.0552584670231,1810.5222816399287,1376.7932263814616,1633.5704099821746,1767.2994652406417,2713.664884135472,4030.8752228163994,4381.780748663102,1746.4242424242425,1556.0320855614973,1607.4616755793227,1451.361853832442,1123.361853832442,1378.6078431372548,1227.6167557932263,1332.8770053475937,1481.7094474153298,1498.6880570409983,1205.2780748663101,1381.4616755793227,1237.1550802139038,1332.5329768270944,1226.75935828877,1507.1426024955438,1395.6755793226382,1583.650623885918,1873.8449197860962,2518.9661319073084,1822.7076648841355,1320.3083778966131,1172.7254901960785,1379.939393939394,1318.017825311943,1857.0142602495544,1626.7326203208556,1570.909090909091,1206.5918003565062,1539.5026737967914,1639.1069518716577,1567.982174688057,1181.878787878788,1289.4866310160428,1177.0998217468805,1241.3600713012477,1179.4598930481284,1373.789661319073,1274.5597147950089,1500.9429590017826,1452.7005347593583,1521.6951871657755,1361.625668449198,1401.096256684492,1345.9643493761141,1642.7058823529412,2312.516934046346,2075.898395721925,1190.0570409982174,1328.5579322638146,1227.0089126559715,1246.2121212121212,1189.0017825311943,1415.349376114082,1517.9251336898396,2405.390374331551,2300.516934046346,1950.5989304812833,1488.5169340463458,1722.1782531194297,1647.579322638146,1622.5650623885917,1748.060606060606,2499.9893048128342,2956.7094474153296,2287.163992869875,1693.9893048128342,2139.8092691622105,2425.51871657754,2754.7379679144383,1892.3939393939395,2050.4955436720143,3329.622103386809,3936.848484848485,1867.0695187165775,1475.896613190731,1333.572192513369,1434.180035650624,1327.3939393939395,1523.4171122994653,1296.536541889483,1434.4188948306596,1474.0802139037432,2102.3636363636365,3159.723707664884,4796.03743315508,3075.108734402852,2184.085561497326,1830.8146167557932,2302.7985739750447,1765.6648841354724,2295.360071301248,2681.367201426025,1782.8930481283423,1457.3672014260248,1887.6969696969697,2318.5329768270944,2737.0213903743315,1751.288770053476,1817.4795008912656,2319.780748663102,4141.693404634581,6348.625668449198,4267.629233511587,2994.7967914438505,2699.229946524064,2448.914438502674,1967.2245989304813,1590.9607843137255,2006.5918003565062,2674.607843137255,5152.169340463458,4807.98752228164,2283.360071301248,1586.8306595365418,2018.2780748663101,2749.288770053476,4089.7611408199646,2290.101604278075,2068.5686274509803,2479.6185383244206,3704.837789661319,2279.085561497326,1630.1105169340462,1345.9429590017826,1495.9857397504456,1571.0944741532976,2170.9126559714796,3008.067736185383,4868.354723707665,4396.409982174688,5323.279857397504,6893.331550802139,3530.5329768270944,2378.488413547237,3544.4688057041,5628.367201426025,5764.581105169341,3170.9358288770054,2451.1711229946523,3309.3226381461677,6408.582887700535,7513.8092691622105,2951.3155080213905,1645.149732620321,1706.7611408199643,1773.7237076648842,1803.9964349376114,1385.9447415329769,1459.2745098039215,1468.01247771836,1945.326203208556,1942.4402852049911,2928.311942959002,3635.0998217468805,4561.896613190731,3382.2655971479503,4486.914438502674,7127.686274509804,5663.096256684492,6185.691622103387,4668.830659536542,2864.700534759358,3117.128342245989,3440.6862745098038,2088.750445632799,1529.0926916221033,1632.554367201426,2162.499108734403,2489.458110516934,1901.131907308378,2081.263814616756,1882.0855614973261,2547.229946524064,4428.590017825312,7272.9786096256685,3513.5686274509803,2026.9197860962568,1880.9500891265598,1732.7825311942959,1791.4171122994653,2561.463458110517,4453.545454545455,7739.598930481284,6289.998217468806,8193.064171122995,4901.639928698753,3979.7736185383246,5358.800356506239,3776.2549019607845,2090.342245989305,1843.065953654189,1796.4295900178254,2237.836007130125,3424.065953654189,6037.579322638147,6517.32798573975,5923.262032085561,5255.848484848485,5597.9607843137255,2653.0035650623886,2509.5650623885917,2506.45632798574,1936.7397504456328,1570.7932263814616,1548.5044563279857,1537.8948306595366,1801.9590017825312,2333.5864527629233,3737.8520499108736,3050.158645276292,4644.513368983958,4366.014260249554,5761.532976827095,7290.982174688057,10682.992869875223,18763.51871657754,13818.313725490196,4490.470588235294,2612.067736185383,2573.422459893048,4487.176470588235,4568.224598930481,5611.95008912656,9683.45276292335,7344.258467023173,3241.946524064171,1811.597147950089,1570.6114081996434,2091.0320855614973,2925.8502673796793,4710.525846702318,4784.893048128342,5965.559714795009,3323.8217468805706,1832.9625668449198,1556.48128342246,1591.7147950089127,1520.8039215686274,1848.7308377896613,2257.725490196078,3379.6488413547236,6636.714795008913,5251.926916221034,2203.1426024955435,2118.547237076649,2507.9251336898396,4311.9786096256685,4287.556149732621,7262.495543672014,5995.795008912656,4007.711229946524,1940.6007130124776,1707.488413547237,1793.48128342246,2055.1907308377895,2215.3404634581107,3785.3582887700536,7447.3725490196075,6078.411764705882,2465.4010695187167,1843.0748663101604,1456.1194295900177,1599.524064171123,1567.3582887700534,1589.2976827094474,1596.3083778966131,2167.0926916221033,1926.2032085561498,1942.3386809269161,2613.8877005347595,2833.7664884135474,3093.5757575757575,6054.588235294118,9223.087344028521,5688.490196078431,7242.559714795009,5905.586452762924,2472.770053475936,2082.96256684492,1751.9411764705883,2129.711229946524,1498.921568627451,1530.8413547237076,1476.0089126559715,1482.9732620320856,1607.6185383244206,2396.823529411765,4104.500891265598,8405.971479500891,5573.527629233512,2935.5508021390374,1741.3885918003566,1543.686274509804,1331.0285204991087,1324.98752228164,1364.4135472370767,1455.7504456327986,1333.795008912656,1629.1960784313726,2032.4171122994653,2834.03743315508,5343.825311942959,5904.411764705882,2421.0017825311943,2083.6292335115863,1941.3511586452762,1970.9483065953655,1519.1247771836006,1651.7932263814616,1544.2317290552585,1491.174688057041,1475.108734402852,2299.4616755793227,2810.2531194295902,5608.4812834224595,3309.083778966132,1737.6577540106953,1372.7076648841355,1454.427807486631,1344.541889483066,1440.549019607843,1376.5222816399287,1498.807486631016,1424.331550802139,1762.3707664884134,2085.7397504456326,3927.2139037433153,3900.848484848485,2113.224598930481,1957.9322638146168,2086.3226381461677,1621.2780748663101,1677.9768270944742,1439.6916221033869,1519.584670231729,1517.7860962566845,1923.3636363636363,2556.825311942959,3851.730837789661,8553.080213903744,14919.238859180035,10340.79679144385,4219.910873440285,2241.700534759358,2115.3582887700536,1480.433155080214,1423.7005347593583,1200.103386809269,1340.5989304812833,1160.5151515151515,1254.50623885918,1111.458110516934,1253.8609625668448,1133.1069518716577,1289.9251336898396,1348.1693404634582,1658.2263814616756,1449.1693404634582,1562.7932263814616,1603.042780748663,1419.0873440285204,1310.2923351158645,1407.0855614973261,1209.356506238859,1453.0926916221033,1772.349376114082,2643.397504456328,1599.9750445632799,1427.4420677361854,1346.415329768271,1877.1408199643495,1998.0748663101604,2186.2798573975047,1699.427807486631,1529.597147950089,1313.137254901961,1735.6417112299466,1258.0677361853832,1538.0267379679144,2047.638146167558,3748.1550802139036,3076.0623885918003,1888.8039215686274,1287.2335115864528,1340.2121212121212,1362.210338680927,1575.3119429590017,1203.7682709447415,1271.6969696969697,1182.5347593582887,1470.680926916221,1921.0552584670231,1860.4795008912656,2046.9910873440285,2293.6559714795007,1665.3511586452762,1711.7450980392157,1510.488413547237,1471.9197860962568,1261.4527629233512,1408.5632798573974,1305.295900178253,1674.951871657754,1850.0338680926916,1763.7985739750445,1503.6114081996434,1940.597147950089,2324.645276292335,2799.9233511586453,2738.812834224599,2559.6131907308377,1802.433155080214,1509.385026737968,1369.463458110517,1514.3065953654188,1523.524064171123,1567.3761140819965,1395.7397504456328,1560.2780748663101,1808.6702317290553,2522.969696969697,2842.0695187165775,1977.8449197860962,2157.217468805704,2653.03743315508,2410.0926916221033,2249.3565062388593,1840.415329768271,2363.3707664884137,2828.114081996435,3325.1657754010694,2840.4135472370767,2092.5561497326203,1707.0,2107.5044563279857,3110.6470588235293,3109.843137254902,2520.247771836007,2360.7664884135474,1741.1247771836006,1935.5579322638146,1522.3155080213903,1812.344028520499,1939.01247771836,2528.438502673797,2247.793226381462,2040.7843137254902,2182.427807486631,1848.3368983957218,1478.2495543672014,1520.819964349376,1520.9554367201426,1803.7860962566845,1641.8110516934046,1528.4474153297683,1486.1960784313726,1851.5098039215686,1613.51871657754,2279.4367201426026,2948.02495543672,2062.9661319073084,1613.4081996434938,2223.1301247771835,2658.730837789661,2268.5401069518716,2780.486631016043,4813.094474153298,4033.836007130125,2554.3689839572194,2282.500891265597,2052.4064171122996,1960.2549019607843,2136.4188948306596,1890.934046345811,2284.126559714795,1587.9483065953655,1772.0998217468805,1913.4064171122996,1817.7611408199643,2058.409982174688,2913.0463458110517,1912.7807486631016,1702.344028520499,1903.6844919786097,2553.427807486631,3077.841354723708,4989.600713012478,7018.9483065953655,4554.065953654189,2785.2834224598932,2370.6007130124776,2999.7040998217467,5555.20320855615,7776.561497326204,3881.5454545454545,2376.8573975044565,2840.9001782531195,4462.319073083779,4986.878787878788,4338.586452762924,2217.8645276292336,1741.7237076648842,1782.6363636363637,1436.344028520499,2071.597147950089,2053.7557932263817,3987.169340463458,2866.8217468805706,1945.5828877005347,1731.1336898395723,1868.5044563279857,2399.409982174688,3147.8039215686276,3616.8877005347595,5353.475935828877,6593.780748663102,8747.604278074867,9061.299465240641,5475.905525846702,7255.613190730838,11068.11586452763,6215.951871657754,4305.700534759359,5128.632798573975,3432.8502673796793,3618.6488413547236,3073.458110516934,2689.206773618538,4688.185383244207,7603.8573975044565,4445.133689839572,3780.8930481283423,7314.294117647059,9574.78431372549,4149.349376114082,2554.7736185383246,2988.463458110517,3935.750445632799,9328.169340463459,11442.45632798574,5576.565062388592,5721.4331550802135,8121.901960784314,4810.465240641711,3610.873440285205,3898.6613190730836,4089.331550802139,3793.131907308378,2465.622103386809,2130.9714795008913,3509.866310160428,3648.7326203208554,3776.0713012477718,2455.0338680926916,1996.313725490196,2325.445632798574,2112.793226381462,1578.8413547237076,1811.6488413547238,2308.235294117647,4664.998217468806,3845.367201426025,2143.7076648841353,1563.8752228163994,1500.6631016042782,1518.9180035650625,2113.2602495543674,3279.8163992869877,5286.9180035650625,2578.620320855615,2233.5864527629233,2606.3832442067737,3739.6844919786095,6747.418894830659,5355.761140819965,2986.9197860962568,2148.1853832442066,1698.3992869875224,2180.9126559714796,2473.4598930481284,2037.3778966131908,1802.969696969697,2015.9590017825312,2367.5561497326203,3061.5525846702317,1989.6131907308377,1718.0641711229946,1630.22816399287,1730.4171122994653,1975.326203208556,1804.4474153297683,1636.0463458110517,1717.4081996434938,1705.3992869875224,1632.2994652406417,1473.48128342246,1687.090909090909,1522.50623885918,1493.73440285205,1459.9982174688057,2426.9500891265598,2851.7326203208554,4138.862745098039,2305.0285204991087,1660.4438502673797,1416.1907308377897,1663.3761140819965,1392.4224598930482,1537.3297682709447,1661.4367201426026,3108.274509803922,3422.294117647059,2068.096256684492,1595.2032085561498,2051.8199643493763,4099.78431372549,3320.896613190731,1726.0356506238859,1533.2691622103387,1430.8217468805703,1522.1907308377897,1445.4081996434938,1401.536541889483,1398.6773618538325,1651.2477718360071,2313.0320855614973,2147.547237076649,1529.2727272727273,1496.235294117647,1486.2192513368984,1641.8181818181818,1462.8110516934046,2217.561497326203,1963.6720142602496,2735.7094474153296,5070.392156862745,6911.873440285205,3144.898395721925,2094.9358288770054,1688.096256684492,1611.319073083779,1399.1889483065954,1902.7379679144385,2158.1229946524063,3350.3386809269164,3196.50623885918,2012.4973262032086,1555.7575757575758,1425.7664884135472,1212.8859180035652,1306.5704099821746,1163.2798573975044,1299.8449197860962,1377.4010695187167,1845.554367201426,1289.819964349376,1212.3796791443851,1052.764705882353,1138.2174688057041,1055.903743315508,1165.9500891265598,1094.0142602495544,1315.9839572192514,1284.5900178253119,2047.5561497326203,2788.2852049910875,7444.146167557932,9818.661319073084,5193.103386809269,2984.500891265597,1958.5704099821746,1370.7147950089127,1385.1782531194297,1490.7272727272727,1506.9607843137255,1187.5311942959001,1294.2477718360071,1127.9376114081997,1266.0356506238859,1640.566844919786,2630.770053475936,2146.5989304812833,1596.8520499108733,1377.1639928698753,1462.288770053476,1236.2638146167558,1310.0285204991087,1233.390374331551,1406.891265597148,1288.1586452762924,1490.7985739750445,1316.0998217468805,1513.5151515151515,1711.1604278074867,2030.8395721925133,2130.4046345811053,2422.2335115864526,1603.602495543672,1518.2174688057041,1289.4741532976827,1350.6167557932263,1321.9607843137255,1784.9447415329769,2182.6256684491977,1771.6524064171124,1367.4474153297683,1411.6203208556149,1388.7682709447415,1401.1729055258468,1153.4171122994653,1146.1871657754011,1316.131907308378,1400.361853832442,1287.167557932264,1749.9180035650625,1484.5169340463458,1558.7664884135472,1713.8752228163994,1619.3101604278074,1479.5632798573974,1588.5811051693404,1487.0855614973261,1788.4848484848485,1581.192513368984,2172.8449197860964,1696.819964349376,1440.0,1310.7967914438502,1800.0160427807486,1177.75935828877,1377.0534759358288,1241.7486631016043,1425.5918003565062,1477.331550802139,1584.9643493761141,1463.0035650623886,1513.2174688057041,1269.2691622103387,1365.7326203208556,1435.73440285205,1515.4367201426026,1236.4919786096257,1365.5632798573974,1627.078431372549,1739.1229946524063,2085.258467023173,1862.9910873440285,1632.26559714795,1548.3244206773618,1321.2263814616756,1427.1408199643495,1343.6221033868092,1483.73440285205,1279.9768270944742,1382.4795008912656,1372.2513368983957,1419.5918003565062,1245.7379679144385,1379.3707664884134,1261.397504456328,1780.349376114082,1271.75935828877,1420.7967914438502,1562.5650623885917,2032.9679144385027,1521.0409982174688,1639.1711229946525,1855.8039215686274,3282.9839572192514,2972.45632798574,4348.393939393939,2867.156862745098,2188.3386809269164,1684.6577540106953,1527.7825311942959,1389.1016042780748,1486.638146167558,1216.2762923351158,1329.655971479501,1207.8342245989304,1396.344028520499,1416.0142602495544,2030.9661319073084,2789.4491978609626,2662.5989304812833,3043.3939393939395,2500.03743315508,1822.3636363636363,1782.3119429590017,1688.463458110517,2116.9536541889483,3279.4010695187167,3008.163992869875,1776.6131907308377,1690.825311942959,1427.3172905525846,1537.1265597147951,1644.3689839572191,1606.096256684492,1427.8645276292334,1545.6541889483067,1370.9982174688057,1467.3707664884134,1726.3101604278074,3210.4848484848485,5599.499108734402,4116.133689839572,2808.5935828877004,2781.402852049911,2135.8591800356508,1815.7540106951872,1633.197860962567,1911.825311942959,1772.1996434937612,1855.6844919786097,2697.9893048128342,4902.4634581105165,2901.7860962566847,2237.670231729055,2393.848484848485,3053.3832442067737,2868.5508021390374,2305.030303030303,2792.725490196078,5384.588235294118,3119.188948306595,2640.992869875223,3333.3565062388593,6487.001782531194,11163.379679144386,6434.237076648841,3455.02495543672,2667.51871657754,2473.579322638146,2384.335115864528,2222.682709447415,2231.843137254902,2694.9893048128342,5996.832442067736,4325.675579322638,2999.885918003565,2881.5686274509803,2602.51871657754,2012.1479500891267,2179.6256684491977,3425.836007130125,6003.6577540106955,5452.37789661319,3283.6773618538323,2297.9073083778967,1889.5864527629233,1611.162210338681,2116.885918003565,3762.452762923351,3925.217468805704,3259.372549019608,5627.158645276292,4586.30303030303,3784.639928698752,4810.331550802139,9606.172905525847,10998.611408199644,7301.026737967914,5474.745098039216,3400.6310160427806,2308.2673796791446,1973.0392156862745,1741.397504456328,2119.946524064171,1763.149732620321,1742.7023172905526,2099.007130124777,1893.3814616755794,1544.4527629233512,1615.8217468805703,1537.8983957219252,1948.5953654188947,2135.957219251337,2398.169340463458,2339.03743315508,2786.2317290552583,5225.4812834224595,16114.602495543671,22875.923351158646,12336.283422459894,7608.998217468806,6107.761140819965,7235.35294117647,10284.613190730837,6692.208556149732,7458.7789661319075,4559.4812834224595,3581.199643493761,3569.3226381461677,2949.652406417112,2210.5329768270944,2090.163992869875,2048.336898395722,3321.3565062388593,2724.222816399287,3307.409982174688,4545.399286987522,3499.8520499108736,2589.3743315508023,2090.921568627451,1639.9322638146168,1723.673796791444,1662.6613190730839,1918.3636363636363,1789.2673796791444,1933.5098039215686,2373.757575757576,2352.5864527629233,2664.8948306595366,2992.0196078431372,2095.194295900178,2218.8894830659538,2084.1479500891264,1949.2816399286987,1676.3761140819965,2233.627450980392,1871.5864527629233,3406.0695187165775,9046.714795008913,7466.668449197861,3988.390374331551,2735.559714795009,2266.392156862745,2731.1176470588234,2267.360071301248,2076.51871657754,1907.934046345811,2786.5757575757575,2334.3582887700536,2121.645276292335,2087.4723707664884,2252.067736185383,2942.8092691622105,7008.934046345811,12797.63101604278,9755.033868092693,10955.160427807486,5964.347593582887,3767.6114081996434,2833.2602495543674,2072.932263814617,1839.9073083778967,1672.0766488413547,1807.7450980392157,1813.397504456328,2079.5347593582887,2012.9964349376114,2461.133689839572,1937.7914438502673,2527.2852049910875,2980.3511586452764,2375.206773618538,1880.1818181818182,1790.7914438502673,1763.9500891265598,2146.914438502674,2635.54367201426,4526.165775401069,10469.315508021391,8565.053475935829,4422.1907308377895,3389.4598930481284,3054.204991087344,2534.5080213903743,2023.7914438502673,2270.258467023173,2890.6862745098038,2518.8395721925135,3119.577540106952,6199.256684491978,9593.181818181818,6228.782531194296,3475.9714795008913,2587.6737967914437,2233.9893048128342,1950.2459893048128,1540.602495543672,1616.98752228164,1390.7219251336899,1872.8057040998217,1395.921568627451,1827.0766488413547,1981.5204991087344,1957.5008912655971,2539.7985739750447,2290.347593582888,1839.4705882352941,2261.409982174688,2099.0641711229946,2004.222816399287,2102.807486631016,2082.304812834225,1662.1301247771837,1863.420677361854,2159.0160427807486,3990.992869875223,8526.299465240641,5576.882352941177,3657.736185383244,2767.901960784314,2567.5686274509803,2220.2655971479503,1667.8128342245989,1686.349376114082,1754.4848484848485,1844.137254901961,1901.048128342246,3521.5953654188947,8986.306595365419,6784.957219251337,4392.714795008913,3920.700534759358,3328.408199643494,4729.053475935829,3927.6060606060605,6457.388591800356,16708.096256684494,14224.74688057041,8230.702317290552,6498.909090909091,4218.787878787879,3684.9483065953655,4415.508021390375,3837.946524064171,2649.898395721925,2553.713012477718,3554.5525846702317,7235.449197860962,6905.409982174688,4192.242424242424,3062.0891265597147,2915.4901960784314,4296.989304812834,8274.812834224598,5897.442067736185,5515.499108734402,3933.969696969697,3121.901960784314,2913.604278074866,4668.040998217469,9671.486631016043,11759.042780748663,12876.267379679144,8679.270944741533,5229.188948306595,3915.5953654188947,2866.1711229946523,2979.946524064171,3456.276292335116,2569.541889483066,2244.158645276292,2374.54367201426,2212.7094474153296,1909.6541889483067,1684.2673796791444,1748.668449197861,1421.868092691622,1573.0855614973261,1899.1907308377897,2610.5401069518716,3483.1372549019607,6410.928698752228,10116.752228163992,18326.926916221033,11318.577540106951,8076.121212121212,9246.764705882353,7081.468805704099,7886.5668449197865,12550.591800356506,7178.165775401069,4725.336898395722,3345.9001782531195,2758.0516934046345,2059.0267379679144,2266.360071301248,1670.926916221034,1818.2673796791444,2479.438502673797,6521.058823529412,17493.682709447414,12201.130124777184,7174.713012477719,5379.368983957219,4093.7789661319075,4156.828877005348,6385.326203208556,18215.716577540108,34164.242424242424,20245.798573975044,12502.611408199644,10212.370766488413,6746.3422459893045,5444.860962566845,5708.162210338681,4250.497326203208,4530.971479500891,4121.852049910874,3167.725490196078,2922.6791443850266,2347.5650623885917,2686.500891265597,3030.0802139037432,2917.2834224598932,4339.032085561497,13720.960784313726,28908.686274509804,19411.579322638147,11469.110516934046,7722.363636363636,6142.196078431372,8283.536541889483,15478.212121212122,20413.017825311945,17220.474153297684,16640.276292335115,14067.347593582888,9385.860962566845,7871.859180035651,7184.336898395722,4787.005347593583,3140.073083778966,2529.3832442067737,2242.402852049911,1928.8181818181818,2102.2335115864526,2517.516934046346,3087.713012477718,4368.434937611408,3358.1247771836006,2474.055258467023,2210.680926916221,1995.4171122994653,1953.180035650624,1777.511586452763,2317.2263814616754,2586.269162210339,2227.0499108734402,1776.3885918003566,2209.224598930481,2412.5935828877004,3957.005347593583,5534.3119429590015,4376.001782531194,3709.4188948306596,6674.115864527629,8951.242424242424,9333.725490196079,10570.014260249554,6737.185383244207,7554.791443850268,17142.213903743315,14472.832442067736,13659.527629233511,10662.591800356506,6662.680926916221,5027.413547237076,4188.791443850268,3259.8752228163994,2969.2905525846704,2822.9714795008913,2951.8199643493763,2409.0748663101604,2594.5686274509803,3076.426024955437,4590.992869875223,8446.201426024956,17186.4688057041,17912.023172905527,10660.536541889483,6946.128342245989,7085.524064171123,9951.919786096256,8891.538324420677,5902.083778966132,5492.994652406417,4170.0695187165775,3481.3582887700536,3344.1907308377895,2660.664884135472,1972.7219251336899,1863.9500891265598,1657.807486631016,1733.9679144385027,1473.475935828877,1735.3529411764705,2697.067736185383,5835.545454545455,17056.322638146168,17728.180035650625,10905.673796791443,7661.7486631016045,5929.725490196079,6072.162210338681,4985.320855614973,3878.8698752228165,3496.1408199643492,3485.807486631016,3143.4242424242425,4139.9180035650625,4298.199643493761,3096.9180035650625,3119.7789661319075,6129.864527629234,4135.254901960784,2924.6737967914437,2151.855614973262,2283.8930481283423,2718.128342245989,2763.7397504456326,2355.9376114081997,2832.6613190730836,3399.5383244206773,3147.0713012477718,4789.383244206773,14571.096256684492,13514.486631016043,8923.474153297682,10001.887700534759,8841.204991087345,6499.650623885918,7797.803921568628,6210.386809269162,3961.402852049911,2723.0285204991087,2411.146167557932,1897.26559714795,2103.4064171122996,2539.8395721925135,2578.9001782531195,2198.6791443850266,2060.524064171123,1799.1122994652405,1821.7005347593583,2049.572192513369,2744.194295900178,1806.2139037433155,1699.420677361854,1446.073083778966,1446.9625668449198,1562.1016042780748,1790.2388591800357,1703.8538324420676,1948.1853832442068,1598.802139037433,1653.511586452763,1644.6203208556149,2102.939393939394,2159.736185383244,2065.795008912656,2731.1372549019607,4577.878787878788,4103.064171122995,3040.5828877005347,2218.470588235294,1877.825311942959,1610.9893048128342,1734.6916221033869,1554.921568627451,1701.3155080213903,1643.3422459893047,1671.8983957219252,2233.5882352941176,2845.1729055258465,5175.926916221034,5534.459893048128,3796.939393939394,4306.483065953654,7685.934046345811,7419.850267379679,5458.212121212121,4794.798573975045,6399.5187165775405,6005.916221033868,5059.691622103387,5452.121212121212,4317.1604278074865,3522.3208556149734,4988.429590017825,5294.3725490196075,7223.500891265598,11684.409982174688,7622.837789661319,5960.62210338681,6334.374331550802,4998.606060606061,4126.504456327986,3092.1105169340462,2208.0320855614973,2075.235294117647,2242.017825311943,4474.420677361853,5606.244206773618,5001.554367201426,3961.146167557932,2890.6185383244206,2373.4652406417113,3026.8573975044565,2688.590017825312,2735.426024955437,2064.741532976827,1962.137254901961,2372.0089126559715,5214.891265597148,4973.158645276292,3748.1069518716577,2798.101604278075,3162.800356506239,3839.8163992869877,4601.106951871658,6104.764705882353,9891.78431372549,6416.155080213904,6287.139037433155,8556.36898395722,10082.675579322638,9304.73440285205,13897.213903743315,8907.067736185383,5723.2210338680925,4393.909090909091,3429.5561497326203,2328.3707664884137,1864.7076648841355,1437.2263814616756,1401.5953654188947,1275.8146167557932,1614.4171122994653,2684.2923351158647,4023.529411764706,2946.4171122994653,2780.3689839572194,2785.2602495543674,3998.3333333333335,12253.973262032085,19264.84670231729,11931.55614973262,9086.857397504456,8857.529411764706,12541.313725490196,8468.978609625668,5750.484848484848,5615.071301247772,4180.532976827095,3021.450980392157,2854.354723707665,5417.97504456328,12383.283422459894,12388.802139037432,7638.126559714795,4858.841354723708,3928.204991087344,3921.3279857397506,3722.780748663102,3214.7023172905524,5571.907308377897,7770.31550802139,12037.830659536541,11237.609625668449,24508.158645276293,29520.55971479501,19273.18181818182,14712.77183600713,21922.333333333332,18488.475935828876,13073.702317290552,8669.014260249554,6436.21568627451,5056.773618538325,3968.073083778966,2796.181818181818,2532.577540106952,3374.5935828877004,8919.757575757576,13716.661319073084,9479.114081996435,8395.119429590019,18779.885918003565,22304.723707664885,14753.971479500891,10438.770053475935,11443.499108734402,17188.27807486631,20622.893048128342,28555.951871657755,18813.664884135473,11371.976827094473,7548.361853832442,5249.174688057041,3881.8770053475937,3526.4491978609626,4093.752228163993,2926.4670231729056,2393.438502673797,1960.5579322638146,2382.5222816399287,2960.3137254901962,4975.923351158645,15421.837789661318,17848.47771836007,11060.135472370766,8535.648841354723,7253.04991087344,5412.581105169341,3755.270944741533,3016.263814616756,3132.2727272727275,9198.754010695187,15948.557932263815,10497.096256684492,10122.256684491978,11052.843137254902,8582.538324420677,14855.02495543672,14464.613190730837,9067.436720142603,5668.483065953654,4057.9108734402853,3450.324420677362,2864.01247771836,1987.1604278074867,1739.0071301247772,1510.3814616755794,1484.4545454545455,1469.3654188948306,1562.511586452763,1806.2085561497327,2175.237076648841,1687.5329768270944,2192.2727272727275,1962.8983957219252,1957.1105169340462,2134.5276292335116,2248.5650623885917,2180.777183600713,1963.4474153297683,1618.9590017825312,1792.0837789661318,1680.3796791443851,1792.8752228163994,1463.7557932263815,1320.7361853832442,1393.9607843137255,1505.0623885918003,2209.511586452763,4183.117647058823,4380.1604278074865,5609.932263814617,11426.233511586453,8598.44385026738,5949.707664884136,5577.438502673796,5965.445632798574,4442.007130124777,3218.663101604278,2830.652406417112,2390.5953654188947,2682.415329768271,3421.475935828877,6751.971479500891,12849.258467023174,9171.711229946524,5879.042780748663,4899.196078431372,7219.607843137255,9063.194295900179,12687.757575757576,13841.803921568628,14484.212121212122,9095.356506238859,6114.525846702318,5289.01247771836,4193.894830659537,3038.2655971479503,2380.843137254902,2286.561497326203,2559.005347593583,6319.700534759359,6504.090909090909,6717.033868092692,7052.893048128342,6364.557932263815,4747.74688057041,4213.459893048128,3316.3529411764707,2639.0017825311943,2320.3226381461677,2367.9251336898396,2335.4545454545455,3935.4064171122996,10603.529411764706,9563.711229946524,6830.335115864527,6610.520499108735,11561.12834224599,25317.046345811053,19131.426024955435,12155.659536541889,8280.85918003565,6209.868092691622,4888.383244206773,5717.520499108735,16592.47771836007,28085.014260249554,22140.707664884136,15023.559714795008,9878.698752228163,7283.092691622103,6749.923351158645,14079.684491978609,15211.962566844919,17621.33155080214,27103.991087344028,19645.891265597147,16486.089126559717,26004.611408199642,20623.586452762924,13012.994652406416,8357.057040998217,5823.5668449197865,4404.474153297682,3247.2388591800354,2333.4670231729056,2569.4474153297683,3702.5828877005347,9024.707664884136,19306.069518716577,13742.488413547237,8655.415329768271,6832.115864527629,5789.934046345811,4264.6274509803925,2958.3155080213905,2697.730837789661,4452.158645276292,6657.146167557932,16098.666666666666,27451.75579322638,24661.005347593582,15093.691622103386,10210.921568627451,9755.01604278075,7073.973262032086,4690.729055258467,3594.2620320855617,3340.065953654189,3882.7860962566847,6455.085561497326,5127.878787878788,3743.372549019608,2903.415329768271,3274.597147950089,9342.969696969696,12682.814616755793,10730.8752228164,7490.34046345811,5198.616755793227,5067.802139037433,3689.903743315508,2946.212121212121,2536.705882352941,2501.2263814616754,3622.0089126559715,11461.014260249554,11318.775401069519,7301.057040998217,5026.652406417113,4955.092691622103,9074.907308377897,21352.447415329767,20828.926916221033,13257.137254901962,8857.09090909091,6124.884135472371,4276.058823529412,3331.736185383244,2854.311942959002,2860.830659536542,5901.921568627451,11893.463458110517,8072.042780748663,6312.245989304813,5836.923351158645,4500.97504456328,3137.9483065953655,2785.5757575757575,2611.2549019607845,2491.3707664884137,2197.6470588235293,3480.7468805704098,8585.695187165775,13049.62210338681,9234.310160427807,7827.939393939394,5120.484848484848,3710.3226381461677,2893.0445632798574,2554.5935828877004,2338.420677361854,5180.623885918004,16616.447415329767,23543.399286987522,16340.426024955437,10073.602495543671,6543.932263814617,4707.443850267379,3322.5882352941176,2618.7789661319075,2360.688057040998,3083.6666666666665,2769.5989304812833,3137.426024955437,3592.426024955437,7411.766488413547,18064.53475935829,21018.86274509804,17023.242424242424,14608.819964349375,18909.02139037433,13488.320855614973,8223.376114081997,5669.8092691622105,4284.793226381462,3554.516934046346,3086.7094474153296,2997.206773618538,4305.582887700535,4348.9376114082,3468.3386809269164,4873.935828877005,10972.11586452763,8333.001782531195,5400.878787878788,5346.982174688057,7297.192513368984,5823.905525846702,7169.755793226382,13293.308377896614,9603.70944741533,6448.550802139038,4443.276292335116,4655.532976827095,12720.201426024956,14829.516934046345,10052.35294117647,6775.944741532977,4932.502673796792,4946.967914438503,6868.201426024955,7306.5187165775405,5040.819964349376,4501.096256684492,3014.8948306595366,2603.249554367201,2648.705882352941,2310.1408199643492,2101.6256684491977,1890.8609625668448,1555.6345811051694,1465.3333333333333,1612.1408199643495,2081.4919786096257,1697.9554367201426,1656.1426024955438,1390.3048128342245,1869.9286987522282,3705.1853832442066,4195.680926916221,3837.1229946524063,5603.208556149732,4926.326203208556,5968.324420677362,11441.208556149733,8463.12834224599,5623.74688057041,4652.645276292335,9902.42780748663,11761.286987522282,7116.680926916221,4716.65953654189,3606.9180035650625,4325.6274509803925,4398.147950089126,3605.270944741533,4858.078431372549,13364.263814616756,10629.324420677362,7350.07486631016,6911.572192513369,14060.450980392157,11266.39393939394,7168.698752228164,4733.577540106952,4225.577540106952,3369.0926916221033,2895.6488413547236,2045.8128342245989,1785.5026737967914,2496.770053475936,2867.3458110516935,2203.5383244206773,2194.276292335116,1851.5151515151515,1665.0837789661318,1320.6880570409983,1368.2477718360071,1322.795008912656,2120.3458110516935,2271.6916221033866,2306.0017825311943,2716.408199643494,2455.584670231729,1948.5811051693404,1886.7754010695187,2143.762923351159,2319.0106951871658,1635.3868092691623,1852.4545454545455,2511.4313725490197,3375.3707664884137,4294.545454545455,5002.92513368984,4182.336898395722,4544.135472370766,3790.067736185383,4469.101604278075,3275.247771836007,3521.6613190730836,3475.3208556149734,2811.438502673797,2257.409982174688,2070.042780748663,2105.0873440285204,3326.0873440285204,8134.588235294118,8299.445632798574,5464.561497326204,3803.8752228163994,2744.5811051693404,2173.349376114082,1714.2299465240642,1709.51871657754,1502.3386809269161,1636.729055258467,1577.6595365418896,2160.8894830659538,2217.4010695187167,2215.8324420677363,1939.4848484848485,2021.7308377896613,3308.9483065953655,5540.310160427807,5753.411764705882,5733.108734402852,4916.032085561497,7534.893048128342,18343.58467023173,14002.196078431372,9237.85918003565,6933.192513368984,5519.547237076649,3669.4313725490197,2554.6488413547236,2156.614973262032,1938.078431372549,1782.9144385026739,1458.488413547237,1567.1693404634582,1808.8983957219252,2509.4723707664884,3235.103386809269,4107.108734402852,2797.131907308378,2166.4741532976827,1650.8983957219252,1535.8449197860962,1300.3119429590017,1909.7504456327986,2121.101604278075,1926.2156862745098,1575.6880570409983,2653.0142602495544,2645.45632798574,2202.992869875223,2042.0142602495544,2301.030303030303,1947.9643493761141,1625.3155080213903,1314.103386809269,1306.789661319073,1148.1889483065954,1444.6898395721926,1492.8805704099823,1530.0231729055258,1338.4349376114083,1317.4367201426026,1157.6916221033869,1248.204991087344,1157.3689839572191,1457.149732620321,1228.427807486631,1459.22816399287,1720.1889483065954,2047.686274509804,4209.124777183601,6483.8877005347595,5514.762923351159,3738.638146167558,2478.645276292335,2160.065953654189,1870.6042780748662,1836.9019607843138,1677.3279857397504,1625.4402852049911,1385.6042780748662,1503.3404634581104,1776.7843137254902,3843.5811051693404,14132.426024955437,12553.996434937611,8009.755793226382,6013.848484848485,4630.003565062389,3199.426024955437,2202.281639928699,2272.247771836007,3444.1051693404634,2753.5935828877004,2045.6488413547238,1785.7183600713013,1474.5169340463458,1395.6042780748662,1279.6399286987523,1854.5472370766488,3282.475935828877,3212.299465240642,2195.6131907308377,1919.8181818181818,2120.7682709447417,2614.156862745098,2106.6559714795007,1996.2014260249555,1553.374331550802,1557.48128342246,1271.3351158645276,1359.8467023172905,1638.7058823529412,3654.256684491979,2874.2210338680925,2134.3832442067737,1633.5775401069518,1745.2869875222816,2218.229946524064,2032.6238859180035,1545.0998217468805,1496.9839572192514,1152.8413547237076,1143.9554367201426,1189.2566844919786,1260.6060606060605,1419.397504456328,2267.921568627451,5203.360071301247,5804.0089126559715,4034.7557932263817,3647.247771836007,4452.361853832442,4508.780748663102,3146.1532976827093,3714.9590017825312,2760.101604278075,2291.6434937611407,1686.0891265597147,1525.9233511586453,1260.9286987522282,1332.5953654188947,1120.98752228164,1292.1853832442068,1204.3868092691623,1518.458110516934,1835.9108734402853,2194.811051693405,1744.7807486631016,1589.4010695187167,1468.8948306595366,2200.1532976827093,2998.632798573975,4867.547237076649,18706.565062388592,35687.969696969696,22699.017825311945,13239.582887700535,8289.903743315508,5449.73440285205,3313.9126559714796,2324.0196078431372,1630.2139037433155,1548.4081996434938,1379.4438502673797,1500.3885918003566,1592.741532976827,1724.2638146167558,1564.1229946524063,1602.4973262032086,1823.1693404634582,2334.7896613190733,1872.4349376114083,1808.5508021390374,1489.6078431372548,1614.5686274509803,1753.9964349376114,1956.0445632798574,1687.9500891265598,1778.934046345811,1522.0071301247772,1586.668449197861,1588.9732620320856,2584.5204991087344,4514.96256684492,14425.092691622103,29421.51871657754,18686.1871657754,10623.479500891266,7070.4937611408195,4546.057040998217,3667.8395721925135,4152.468805704099,4556.679144385027,4050.5311942959,2933.800356506239,2098.103386809269,2099.9429590017826,3053.311942959002,8142.570409982175,26543.62210338681,19733.723707664885,10874.720142602495,7242.852049910874,5122.115864527629,4061.0713012477718,2851.3582887700536,2419.433155080214,3216.0409982174688,4100.092691622103,2726.3137254901962,2358.680926916221,2140.1960784313724,1983.0142602495544,2116.896613190731,2241.286987522282,1775.5347593582887,1550.2673796791444,1366.1639928698753,1348.9607843137255,1461.9839572192514,1784.789661319073,2450.4616755793227,3658.281639928699,3499.752228163993,2607.0926916221033,1983.295900178253,1797.850267379679,1388.0837789661318,1338.0926916221033,1214.6327985739752,1333.6310160427809,1160.597147950089,1217.957219251337,1194.5935828877004,1256.5098039215686,1240.4420677361854,1375.0534759358288,1071.951871657754,1137.7397504456328,1038.2121212121212,1258.5080213903743,1454.9768270944742,1897.7433155080214,1507.2602495543672,1449.2014260249555,1767.1604278074867,1926.2263814616756,1454.9197860962568,1328.3814616755794,1329.0819964349375,1513.3083778966131,1612.167557932264,1501.6595365418896,1161.7397504456328,1187.8538324420676,1144.7397504456328,1500.0819964349375,1324.1729055258468,1253.210338680927,1170.3244206773618,1426.6470588235295,1829.7557932263815,3290.3511586452764,2256.853832442068,1859.7860962566845,1837.951871657754,2782.4474153297683,1932.698752228164,1579.3529411764705,1281.5383244206773,1291.7504456327986,1365.3957219251338,1605.549019607843,1377.4705882352941,1955.4670231729056,1701.0392156862745,1455.149732620321,1189.6488413547238,1195.463458110517,1148.4171122994653,1639.9233511586453,5259.966131907308,5832.714795008913,3591.6844919786095,2876.812834224599,2141.891265597148,1707.921568627451,1804.065953654189,1948.1336898395723,1559.566844919786,1524.4795008912656,1359.4741532976827,1286.01247771836,1200.8894830659538,1770.361853832442,1927.361853832442,1700.5828877005347,2386.853832442068,2671.5989304812833,1735.8698752228163,1549.4420677361854,1212.8342245989304,1225.8520499108733,1284.511586452763,2573.9286987522282,12218.083778966133,12124.737967914438,7462.611408199644,4956.163992869875,4216.092691622103,5681.338680926916,3515.9251336898396,2293.1497326203207,1958.0409982174688,2767.395721925134,2179.8948306595366,1647.9982174688057,1246.2923351158645,1229.385026737968,1132.3368983957218,1204.9162210338682,1098.8859180035652,1196.982174688057,1366.060606060606,1963.8520499108733,7022.590017825312,19415.295900178255,14713.698752228163,7823.212121212121,4565.9180035650625,2912.866310160428,1847.951871657754,1855.3778966131908,2334.3262032085563,1938.5597147950089,1631.0713012477718,2066.0,1797.427807486631,1624.326203208556,1317.957219251337,1464.3083778966131,1564.222816399287,1577.9055258467024,1909.0748663101604,4178.151515151515,6569.773618538325,5805.0819964349375,3727.324420677362,2926.0213903743315,4299.213903743315,3821.1978609625667,3590.50623885918,3235.1229946524063,2778.5953654188947,2169.03743315508,1641.4046345811053,1469.8003565062388,1261.9554367201426,1253.6363636363637,1039.0089126559715,1071.6060606060605,1027.3172905525846,1118.1265597147951,1021.5882352941177,1199.1871657754011,1016.7540106951872,1088.258467023173,930.1301247771836,1068.9429590017826,1096.7005347593583,1317.9928698752228,1189.1354723707666,1222.1532976827095,1219.6488413547238,1955.6078431372548,2039.3101604278074,2572.5329768270944,2591.777183600713,2354.668449197861,2059.49376114082,1771.584670231729,1735.8698752228163,2609.855614973262,3748.9554367201426,3401.5686274509803,2719.8199643493763,2373.426024955437,1871.5204991087344,1656.3226381461675,1392.8163992869875,1340.222816399287,1208.8467023172905,1542.1604278074867,4136.946524064171,7244.698752228164,4771.083778966132,3230.9839572192514,2077.2549019607845,1848.6221033868092,2934.181818181818,2801.9126559714796,2022.5133689839572,2713.787878787879,7863.8877005347595,10940.816399286987,10021.743315508022,5718.509803921569,3381.2103386809267,2413.317290552585,1782.7807486631016,2471.4598930481284,6177.053475935829,4893.117647058823,2743.2032085561495,1908.162210338681,1396.2156862745098,1293.896613190731,1527.7878787878788,3025.083778966132,3031.6844919786095,2898.3101604278077,2104.49376114082,2439.9001782531195,7282.295900178253,11983.283422459894,13652.682709447416,7599.445632798574,4128.174688057041,3298.976827094474,5120.623885918004,15427.739750445633,10277.901960784313,5231.884135472371,3960.440285204991,3353.5508021390374,1967.0463458110517,1658.7326203208556,1283.3386809269161,1396.716577540107,1589.0855614973261,1477.614973262032,1341.8930481283423,1615.711229946524,1497.5401069518716,2018.9483065953655,4055.1782531194294,3146.488413547237,1764.6916221033869,1450.655971479501,1131.73440285205,1255.8823529411766,1554.0855614973261,1386.4866310160428,1101.6470588235295,1341.511586452763,1865.3654188948306,2085.204991087344,1789.7985739750445,2660.682709447415,2052.242424242424,2054.2459893048126,4681.513368983958,4177.155080213904,2617.8520499108736,1925.5686274509803,1542.825311942959,3397.2923351158647,3392.3743315508023,2273.0891265597147,2232.2263814616754,3355.294117647059,2827.711229946524,3406.1978609625667,3219.5276292335116,3016.458110516934,5666.9001782531195,10419.424242424242,6742.146167557932,3776.1372549019607,2236.0213903743315,1814.6345811051694,1336.3155080213903,1288.7557932263815,1137.7736185383244,1223.4313725490197,1329.9180035650625,3186.2281639928697,6886.901960784314,4918.040998217469,2808.693404634581,3721.688057040998,11030.436720142603,9283.188948306595,4589.932263814617,2986.964349376114,2708.901960784314,3974.7450980392155,3965.3529411764707,3315.1604278074865,2283.204991087344,1707.3208556149732,1199.9180035650625,1078.9144385026739,1058.030303030303,1218.8609625668448,1062.7522281639929,1051.1960784313726,1216.921568627451,1950.3778966131908,1783.8395721925133,1638.8306595365418,2058.9910873440285,4073.9857397504456,3480.9108734402853,2457.7985739750447,1844.4705882352941,5030.31550802139,12971.276292335117,19067.513368983957,11690.076648841356,5207.832442067736,2506.561497326203,1679.4848484848485,1212.2994652406417,1584.9162210338682,1452.6648841354724,1307.415329768271,1092.0213903743315,1142.4901960784314,1030.939393939394,1116.878787878788,1074.5204991087344,1357.6934046345812,1505.488413547237,2741.909090909091,12713.561497326204,21944.20320855615,12089.944741532976,5285.22816399287,2772.0142602495544,1833.3368983957218,1325.349376114082,1372.643493761141,1285.951871657754,1269.8698752228163,1156.1158645276291,1164.149732620321,1236.2335115864528,1501.3992869875224,1706.397504456328,1690.8110516934046,1409.0053475935829,1492.2816399286987,1596.2067736185384,3968.1532976827093,14702.340463458111,29051.347593582886,22175.156862745098,9565.415329768271,4232.208556149732,2490.060606060606,1797.1105169340462,1813.3048128342245,1357.3957219251338,1247.108734402852,1123.6470588235295,1128.048128342246,1016.0873440285205,1168.25311942959,976.6577540106952,1013.7807486631016,1149.2620320855615,1170.1550802139038,1076.5739750445632,1445.5900178253119,4012.1782531194294,6249.994652406417,3511.301247771836,1921.8306595365418,1264.121212121212,1222.8983957219252,1409.3226381461675,1445.0160427807486,1155.0053475935829,1236.0356506238859,1089.868092691622,1214.1140819964348,1077.9732620320856,1237.4991087344029,1322.7023172905526,1477.3172905525846,1284.729055258467,1352.9358288770054,1181.385026737968,1224.650623885918,1199.511586452763,3137.3636363636365,7913.561497326204,7146.934046345811,3195.4242424242425,1813.8573975044562,1215.0944741532976,1094.1301247771837,1153.4795008912656,1629.6773618538325,2247.5811051693404,6490.351158645276,8813.973262032085,5211.4634581105165,2553.408199643494,1702.5311942959001,1278.807486631016,1353.741532976827,1158.686274509804,1163.344028520499,1053.7237076648842,1204.9073083778967,1319.1764705882354,1688.0338680926916,1556.2495543672014,1877.0213903743315,4997.901960784314,17783.48128342246,22665.944741532978,12245.75579322638,5657.4634581105165,3283.01247771836,1861.103386809269,1437.3939393939395,1023.9839572192514,1113.5133689839572,950.9661319073084,1012.7450980392157,978.0802139037434,1296.3636363636363,3104.2602495543674,4667.1122994652405,3026.604278074866,1735.7379679144385,1218.1016042780748,1130.4652406417113,981.8110516934046,1057.458110516934,927.4919786096257,1053.2727272727273,903.7344028520499,1088.825311942959,1032.1479500891267,1092.1568627450981,1098.144385026738,1113.0053475935829,982.409982174688,1272.6078431372548,1755.2745098039215,6737.882352941177,18037.666666666668,23198.098039215685,12609.484848484848,5653.942959001783,2837.4295900178254,1862.934046345811,1195.5258467023173,1162.5044563279857,997.301247771836,1075.4616755793227,888.4901960784314,984.7682709447415,1042.6203208556149,1084.625668449198,986.6452762923351,1045.957219251337,944.9643493761141,1055.283422459893,936.5294117647059,1077.2638146167558,1610.9019607843138,2694.8217468805706,3041.206773618538,2066.8467023172907,1282.1960784313726,1137.2941176470588,954.0677361853833,1060.8484848484848,924.7718360071301,1032.420677361854,944.6934046345812,1014.7789661319073,1014.6791443850267,1163.1408199643495,1129.6951871657755,1164.7361853832442,1017.2905525846702,1131.6702317290553,998.9286987522281,1151.2852049910873,1079.9928698752228,1124.4046345811053,931.916221033868,1018.5115864527629,1070.1586452762924,1011.6969696969697,972.2923351158645,1102.4598930481284,1169.144385026738,1813.7914438502673,2239.782531194296,2753.1426024955435,1865.0338680926916,1338.3832442067737,998.1532976827094,1022.7557932263815,946.1978609625669,1038.9928698752228,871.7308377896613,1012.379679144385,1005.4135472370766,1267.9465240641712,1225.0802139037432,1151.6167557932263,996.1479500891265,1068.541889483066,1003.1247771836007,1081.222816399287,931.3511586452763,1072.1247771836006,941.524064171123,1078.121212121212,993.7023172905526,1037.6042780748662,906.8306595365419,1047.283422459893,1151.2370766488414,1418.3725490196077,1389.0213903743315,1636.9768270944742,1372.8805704099823,1627.7878787878788,1783.7308377896613,1993.1122994652405,1437.1265597147951,1208.073083778966,1008.9304812834224,1089.0142602495544,1085.3208556149732,1243.0017825311943,1147.7201426024956,1263.4474153297683,1517.0017825311943,2081.0570409982174,2465.529411764706,2418.1497326203207,1537.4705882352941,1213.6399286987523,1052.0766488413547,1085.7682709447415,978.0891265597148,1144.704099821747,1060.6452762923352,1280.108734402852,1351.319073083779,2403.4955436720143,7537.654188948307,16334.155080213905,23342.554367201425,25494.36007130125,14154.36898395722,6008.347593582887,2655.6559714795007,1838.9483065953655,1391.235294117647,1474.7540106951872,1629.8841354723709,1934.7326203208556,1858.9001782531195,1680.326203208556,1318.3992869875224,1365.344028520499,1317.7522281639929,1382.0089126559715,1202.3297682709447,1174.8841354723709,986.8199643493762,1095.7825311942959,895.7540106951872,1112.2139037433155,957.8520499108735,1063.862745098039,936.2584670231729,968.8680926916221,841.4046345811051,925.4331550802139,905.9483065953655,1014.222816399287,872.7130124777184,1005.698752228164,1257.1426024955438,1374.3404634581104,1283.6577540106953,1429.878787878788,1358.8288770053475,2823.0338680926916,7398.131907308378,11804.83422459893,15679.72192513369,16437.625668449196,9358.076648841356,4017.513368983957,2125.4973262032086,1869.319073083779,1782.9768270944742
580.1270125223614,502.2432915921288,530.386404293381,465.37388193202145,589.95885509839,431.8067978533095,540.0232558139535,525.8622540250448,556.9194991055456,526.0483005366726,581.4150268336315,507.2862254025045,616.6511627906976,476.0608228980322,595.556350626118,614.9624329159213,654.2898032200358,614.427549194991,593.0483005366726,568.8962432915921,607.3828264758497,568.8139534883721,677.3345259391771,598.8139534883721,694.5635062611807,678.2039355992845,648.819320214669,592.3703041144902,642.9695885509839,581.9552772808587,692.2737030411449,610.8747763864043,707.7799642218247,636.7334525939177,710.3792486583184,608.9910554561717,730.1001788908766,592.3989266547406,710.0983899821109,598.4186046511628,710.9391771019677,641.6565295169946,626.4883720930233,718.2754919499106,668.1001788908766,533.7012522361359,650.8389982110913,726.0125223613595,751.087656529517,629.6762075134168,721.5044722719141,691.0554561717353,715.6976744186046,691.3309481216457,745.2504472271914,597.9499105545617,725.7101967799642,651.6994633273703,689.8336314847943,633.7280858676207,701.4847942754919,640.6386404293381,688.427549194991,624.1037567084079,738.6010733452594,654.9230769230769,728.051878354204,670.6064400715563,621.3345259391771,729.0661896243291,680.4114490161002,669.8980322003578,725.5939177101968,642.9928443649374,713.2504472271914,677.7101967799642,742.7584973166369,679.4454382826476,692.2486583184258,822.4508050089446,773.1413237924866,673.3792486583184,732.3273703041145,716.9964221824687,740.9159212880143,695.4078711985688,781.4633273703041,651.5957066189625,709.4776386404293,711.7459749552772,747.7656529516995,661.4669051878354,777.7638640429338,761.7602862254025,725.0017889087657,747.6314847942755,752.5456171735242,724.443649373882,790.8014311270125,701.005366726297,789.8497316636851,716.5849731663685,748.6207513416816,705.0214669051878,678.9695885509839,694.2862254025044,808.5402504472272,667.2468694096601,766.3756708407872,700.4776386404293,646.4865831842576,837.6654740608229,832.2146690518783,744.9212880143112,777.2039355992845,735.4812164579606,842.1663685152057,716.4132379248658,799.1270125223614,770.391771019678,770.871198568873,775.6386404293381,823.3828264758497,738.0751341681574,796.2182468694097,706.8085867620752,768.1109123434704,722.9409660107334,842.9803220035778,797.4060822898032,818.1842576028622,761.4239713774598,840.9660107334525,738.7334525939177,753.7531305903399,739.649373881932,818.6386404293381,779.5402504472272,823.2862254025044,668.4347048300536,772.8461538461538,691.7227191413238,676.2844364937388,823.1180679785331,859.6833631484794,756.0572450805009,778.4847942754919,773.3237924865832,784.8676207513416,798.8819320214669,787.3828264758497,728.7638640429338,767.2558139534884,746.1305903398927,847.0,800.0178890876565,786.8067978533095,782.9248658318426,767.4096601073345,686.3148479427549,830.3363148479427,797.6618962432916,765.7227191413238,776.7638640429338,830.8568872987478,774.2415026833631,800.2379248658318,794.3649373881932,847.9016100178891,718.5080500894454,867.2450805008945,798.6708407871198,844.2790697674419,772.2665474060823,740.8157423971378,868.0661896243291,887.783542039356,775.2540250447228,852.0339892665475,758.6672629695886,895.386404293381,789.6565295169946,800.3756708407872,801.3023255813954,770.6118067978533,755.6994633273703,833.654740608229,813.9874776386405,794.9642218246869,821.6243291592128,825.304114490161,809.5313059033989,843.2254025044723,775.6296958855098,858.4669051878354,767.8282647584973,862.211091234347,818.5831842576029,828.5169946332737,886.3220035778176,805.2933810375671,833.432915921288,873.1037567084079,823.6708407871198,849.8640429338104,773.6529516994633,735.4472271914133,911.4472271914133,817.1878354203935,834.5796064400715,874.0178890876565,804.7871198568873,860.6815742397138,794.8658318425761,854.5402504472272,813.4722719141324,862.8228980322003,781.051878354204,820.1323792486584,792.6261180679785,843.262969588551,838.6279069767442,878.0644007155635,812.5169946332737,875.1377459749552,864.5223613595707,831.2844364937388,786.7549194991055,818.0679785330948,868.339892665474,876.613595706619,844.6940966010734,868.2611806797853,876.1592128801431,864.2397137745975,872.2128801431127,802.4311270125223,780.3846153846154,782.1377459749552,914.0196779964222,867.1878354203935,827.1824686940967,791.1395348837209,816.8872987477639,827.6225402504472,808.5080500894454,849.3953488372093,753.5366726296959,811.4812164579606,835.4078711985688,783.7584973166369,829.2790697674419,769.8998211091234,772.6422182468694,840.1592128801431,795.5831842576029,796.8425760286225,808.2361359570662,842.0017889087657,836.1001788908766,835.5760286225402,856.6565295169946,871.660107334526,765.9338103756709,890.3273703041145,808.391771019678,841.7262969588551,883.1127012522361,834.3953488372093,812.2343470483005,879.8157423971378,944.7048300536673,896.6314847942755,812.1932021466905,945.2915921288014,857.4686940966011,865.1896243291592,865.9856887298748,851.8121645796065,845.4454382826476,882.262969588551,779.227191413238,812.8515205724508,849.9302325581396,845.8765652951699,881.7906976744187,859.1610017889087,877.8103756708408,855.5688729874777,781.0661896243291,878.9463327370304,808.6422182468694,837.0375670840787,843.8747763864043,873.4615384615385,846.7119856887299,886.4812164579606,799.1717352415027,863.9749552772809,815.6690518783543,862.6779964221824,814.4758497316636,786.9087656529517,975.8497316636851,897.4830053667263,894.005366726297,833.5062611806798,811.0268336314848,862.8389982110913,839.9964221824687,856.0196779964222,887.4096601073345,827.6243291592128,834.087656529517,893.8407871198569,832.4865831842576,911.6905187835421,817.2898032200358,846.7406082289804,867.4651162790698,897.432915921288,857.0858676207513,897.819320214669,900.4847942754919,890.1502683363149,846.8228980322003,879.6636851520573,893.5491949910554,837.7942754919499,915.4776386404293,915.0644007155635,856.5635062611807,899.4418604651163,812.2432915921288,778.169946332737,1014.1413237924866,1042.1967799642218,925.5116279069767,914.4561717352415,907.9016100178891,947.4651162790698,844.0017889087657,917.5187835420394,837.1341681574239,880.180679785331,938.1842576028622,823.1520572450805,917.4096601073345,975.9499105545617,918.7960644007155,960.2611806797853,908.8425760286225,914.010733452594,895.175313059034,935.9552772808587,937.7209302325581,928.0554561717353,889.7316636851521,898.9677996422182,888.9463327370304,874.0733452593918,880.8014311270125,929.010733452594,927.0071556350626,930.9355992844365,852.8050089445438,822.0447227191413,959.6869409660108,955.5223613595707,915.3345259391771,937.1377459749552,985.9033989266547,1069.1109123434705,1006.4937388193202,950.0071556350626,906.9302325581396,911.0572450805009,919.1073345259392,968.6386404293381,912.5939177101968,929.7495527728086,971.1538461538462,977.5348837209302,961.4633273703041,983.1824686940967,910.2880143112701,999.7280858676207,925.0304114490161,974.6064400715563,943.5438282647585,1007.2343470483005,973.6064400715563,943.2808586762075,928.4615384615385,958.4758497316636,904.1270125223614,955.6440071556351,921.7817531305903,850.1896243291592,1057.3309481216459,947.5420393559929,965.4919499105546,994.3542039355992,938.8497316636851,1021.7298747763864,960.5706618962433,973.1395348837209,1035.0196779964222,1014.871198568873,941.7173524150269,996.3595706618962,931.3166368515206,945.0357781753131,999.8461538461538,1062.2504472271914,1026.5348837209303,1070.5241502683364,1001.7924865831843,1021.7495527728086,977.8550983899821,981.742397137746,1037.4347048300538,989.8372093023256,997.6261180679785,1059.057245080501,1028.2754919499105,1036.4293381037567,1011.7638640429338,1050.3488372093022,920.0500894454383,972.520572450805,1196.8729874776386,1018.95885509839,1100.361359570662,1064.304114490161,1013.5348837209302,1119.4830053667263,1182.0948121645797,1242.0787119856886,1061.407871198569,1055.169946332737,977.95885509839,969.7871198568873,1022.2737030411449,1047.5438282647585,1001.0733452593918,1053.7316636851522,1002.6261180679785,1053.6672629695886,1033.1878354203936,1009.4025044722719,988.9856887298748,1083.1878354203936,1002.2754919499106,1060.3953488372092,1103.9677996422183,1052.8890876565295,974.0697674418604,940.9731663685152,955.8783542039356,987.6511627906976,912.0339892665475,948.4257602862255,1077.1735241502683,1087.0035778175313,954.0429338103756,1001.3542039355992,1050.1610017889088,1205.298747763864,1163.4704830053668,1145.5509838998212,973.0250447227191,1019.6153846153846,1007.2236135957066,1043.8336314847943,1153.5545617173525,1171.407871198569,1116.871198568873,995.1771019677997,985.0966010733453,1009.5545617173524,1027.520572450805,1132.7602862254025,1103.660107334526,1076.8067978533095,1022.7441860465116,1040.6100178890877,1031.8121645796064,1160.7298747763864,1155.624329159213,1269.035778175313,1107.7817531305902,1085.6064400715563,989.7710196779964,980.4651162790698,1117.262969588551,1059.3470483005367,979.7942754919499,1087.237924865832,1091.1574239713775,1087.8640429338104,1111.923076923077,1084.8354203935598,1035.2218246869409,1076.7889087656529,1106.6189624329159,1216.5974955277281,1036.6332737030411,1100.9731663685152,1105.3255813953488,1159.8837209302326,1122.8264758497317,1088.8497316636851,1038.3881932021468,1221.2719141323792,1150.0071556350626,1097.0858676207513,1072.613595706619,1127.9463327370304,1130.0751341681573,1187.7871198568873,1122.6207513416816,1097.1377459749554,1027.8890876565295,1109.5974955277281,1042.7906976744187,953.7763864042934,1149.8497316636851,1085.7996422182468,1050.304114490161,1070.4919499105545,1061.3989266547405,1128.2397137745975,1043.3899821109123,1110.438282647585,1087.2325581395348,1036.6118067978532,1121.7710196779965,1110.3273703041145,988.1627906976744,1150.602862254025,1080.8264758497317,1079.5760286225402,995.5348837209302,1119.0393559928443,1078.407871198569,1064.1019677996421,1069.0500894454383,1038.3327370304114,996.0071556350626,1097.8980322003579,1056.4973166368516,1083.9677996422183,1081.4114490161003,1124.8497316636851,1008.9499105545617,1112.7406082289804,1033.0304114490161,1086.5402504472272,1098.7441860465117,1169.1645796064402,1121.4704830053668,1112.7119856887298,1188.2182468694098,1279.1144901610019,1162.5080500894455,1213.262969588551,1169.7245080500895,1300.9982110912345,1184.309481216458,1222.695885509839,1170.7906976744187,1018.8926654740608,1103.772808586762,1216.5813953488373,1171.6833631484794,1189.9033989266547,1045.509838998211,1071.2236135957066,1053.6636851520573,1264.5223613595706,1312.8461538461538,1254.0322003577817,1113.4579606440072,1038.964221824687,999.4060822898032,1190.4758497316636,1128.860465116279,1296.4597495527728,1148.9302325581396,1106.5348837209303,1271.7567084078712,1419.134168157424,1278.8282647584974,1153.772808586762,1031.8121645796064,1083.8103756708408,1033.7191413237924,1119.520572450805,1138.6869409660108,1153.4096601073345,1087.2146690518784,1074.9033989266547,1033.7137745974956,1160.1305903398927,1146.9266547406082,1253.1431127012522,1040.9248658318427,1147.4669051878354,1015.386404293381,1117.2128801431127,1119.8372093023256,1383.9946332737031,1055.355992844365,1041.2611806797854,999.1431127012522,1129.8282647584974,1146.1431127012522,1275.0017889087655,1045.3112701252237,1039.1878354203936,930.1019677996422,1076.7119856887298,1256.2754919499105,1243.169946332737,1073.2003577817532,1120.3810375670841,1057.345259391771,1205.2200357781753,1135.0500894454383,1145.5545617173525,1105.6726296958855,1101.1091234347048,1148.2003577817532,1224.2307692307693,1072.7889087656529,1019.0930232558139,1080.2307692307693,1292.191413237925,1431.2665474060823,1602.1717352415026,1245.9821109123434,1202.9821109123434,1102.0071556350626,1095.592128801431,1059.3327370304114,1107.567084078712,1066.5116279069769,1284.2790697674418,1053.7227191413238,1071.6672629695886,960.6636851520573,1009.4203935599285,953.649373881932,1008.772808586762,1076.5581395348838,1236.1735241502683,1186.7298747763864,1097.3130590339892,1012.1019677996422,1105.5903398926655,1064.397137745975,1135.0125223613595,1158.128801431127,1115.2593917710196,1019.9552772808587,1029.9338103756709,980.4168157423971,1036.159212880143,996.7030411449016,1113.8139534883721,1078.4150268336314,1160.7996422182468,1174.4651162790697,1340.7871198568873,1073.6726296958855,1099.320214669052,1010.391771019678,1027.706618962433,975.3935599284437,1110.0447227191414,1042.7030411449016,1213.320214669052,1259.4830053667263,1568.1359570661896,1655.0375670840788,1214.7280858676208,1188.6046511627908,1201.237924865832,1119.9928443649374,1569.1896243291592,1861.515205724508,1743.355992844365,1953.9606440071557,1586.227191413238,1093.1359570661896,1163.4186046511627,1063.7334525939177,1180.0447227191414,1190.5116279069769,1539.7710196779965,1944.0500894454383,1614.499105545617,1401.9713774597496,1572.9159212880143,1449.443649373882,1494.0858676207513,1419.8622540250446,1850.0840787119857,2786.9856887298747,3455.0536672629696,2626.4472271914133,1959.4490161001788,1548.1645796064402,1517.350626118068,1662.887298747764,2480.9355992844366,2891.8998211091234,1634.3220035778174,1393.2826475849731,1343.7871198568873,1363.7638640429338,1374.5438282647585,1179.638640429338,1323.7817531305902,1249.2110912343471,1638.7960644007155,1804.6636851520573,1485.6118067978532,1157.5527728085867,1250.3846153846155,1214.726296958855,1544.91771019678,2058.819320214669,2632.5581395348836,2862.9266547406082,2338.3005366726297,1512.2021466905187,1811.284436493739,1461.8389982110912,1445.0393559928443,1645.139534883721,2123.706618962433,1831.9087656529516,1397.5706618962433,1525.602862254025,1453.8157423971377,1463.1520572450804,2012.3076923076924,1685.8175313059035,1470.3237924865832,1672.1860465116279,1536.638640429338,1225.8211091234348,1389.592128801431,1644.3542039355993,2325.7191413237924,1876.9373881932022,1927.2432915921288,1642.103756708408,1418.5527728085867,1297.9266547406082,1336.695885509839,1455.169946332737,1863.4651162790697,2062.1520572450804,1965.520572450805,2626.5527728085867,3391.890876565295,4195.991055456172,3232.5563506261183,2603.3953488372094,2022.8908765652952,1830.6529516994633,1531.1305903398927,1223.5599284436494,1366.91771019678,1553.7137745974956,2057.6744186046512,2612.112701252236,1826.0644007155636,1353.8318425760285,1332.6332737030411,1494.1305903398927,1538.32915921288,1158.7799642218247,1400.4919499105545,1493.139534883721,2070.484794275492,3130.277280858676,3883.9302325581393,1884.7799642218247,1482.3846153846155,1400.0858676207513,1884.1681574239715,2489.540250447227,2336.216457960644,1551.8944543828266,1466.4490161001788,1387.3720930232557,1682.7567084078712,1575.772808586762,1939.4400715563506,2757.890876565295,3829.1198568872987,2366.153846153846,2364.928443649374,2652.051878354204,1766.134168157424,1400.0500894454383,1517.8103756708408,1801.4937388193202,2752.8890876565297,3527.8175313059032,2599.4937388193202,1770.1252236135956,1898.2415026833633,2427.683363148479,1636.2039355992845,1232.6475849731664,1380.3810375670841,1235.0894454382826,1323.7441860465117,1300.6064400715563,1584.7924865831842,1263.772808586762,1370.7227191413238,1229.8640429338104,1239.7084078711985,1153.191413237925,1284.3542039355993,1353.660107334526,1772.2647584973167,1721.8944543828266,1994.762075134168,1419.6511627906978,1418.4812164579607,1218.2325581395348,1330.339892665474,1447.3434704830054,1709.7549194991057,1725.1735241502683,1851.608228980322,1761.134168157424,1714.0966010733453,1522.2593917710196,1708.2701252236136,1940.7173524150269,1729.5384615384614,1648.8837209302326,2092.030411449016,1787.9051878354203,1620.8819320214668,1491.159212880143,1489.8372093023256,1423.592128801431,1824.2808586762076,2390.2146690518784,2589.429338103757,1769.5903398926655,1374.4400715563506,1420.4025044722719,1971.2021466905187,1627.2754919499105,1903.3184257602861,2146.9051878354203,2108.1449016100178,2012.942754919499,1885.545617173524,1661.6565295169946,1762.3363148479427,1350.9051878354203,1436.6923076923076,1411.932021466905,1536.2862254025044,1392.7441860465117,1480.906976744186,1347.7674418604652,1509.0125223613595,1768.1610017889088,1703.2200357781753,1464.974955277281,1547.7334525939177,1484.2236135957066,1623.6064400715563,1848.8372093023256,1960.5491949910554,1948.262969588551,1899.865831842576,1724.20572450805,2035.3935599284437,2397.4883720930234,2809.7710196779963,2766.685152057245,2333.8533094812165,1960.1771019677997,2287.7584973166367,2352.5796064400715,2158.9516994633273,2069.9767441860463,2059.350626118068,1835.8640429338104,1899.9481216457962,1834.6690518783541,1819.6422182468693,1883.0840787119857,1955.8783542039355,1828.7871198568873,2988.663685152057,3083.3023255813955,2038.293381037567,1859.5581395348838,2204.0733452593918,1599.7996422182468,1852.830053667263,1722.3237924865832,1693.2361359570662,1876.608228980322,2287.2182468694095,2851.1681574239715,3155.230769230769,1850.0626118067978,2116.9767441860463,2962.4347048300538,4189.862254025044,5144.973166368515,3891.0858676207513,2497.3023255813955,1998.0983899821108,2315.13595706619,2891.091234347048,3124.5957066189626,4277.078711985689,4144.355992844365,4058.3542039355993,4933.908765652952,5352.389982110913,5073.350626118068,3349.051878354204,2736.091234347048,3602.28801431127,2470.091234347048,1690.474060822898,1692.0697674418604,2050.021466905188,2133.742397137746,2121.722719141324,1944.1091234347048,2224.9713774597494,2371.1305903398925,1851.6779964221826,1947.9409660107335,3026.7853309481216,3086.1627906976746,2524.2915921288013,2287.4418604651164,2579.4919499105545,1945.2790697674418,1935.355992844365,2105.1914132379247,2530.38282647585,2554.4901610017887,2320.20572450805,1829.0518783542038,1660.6314847942756,1512.298747763864,1935.216457960644,2662.8085867620753,3060.9427549194993,2516.6511627906975,2168.4651162790697,1823.0196779964222,2466.268336314848,2748.134168157424,2243.087656529517,2859.6708407871197,3106.8497316636854,2471.731663685152,3052.16457960644,2954.5778175313058,2858.345259391771,2240.5778175313058,1945.8819320214668,2210.1019677996424,2929.2808586762076,3924.5885509839,5106.71198568873,4329.937388193202,4305.454382826476,3675.0948121645797,3725.139534883721,3394.2200357781753,3704.7137745974956,4073.019677996422,3704.0554561717354,4493.556350626118,4979.035778175313,3274.542039355993,2433.0858676207513,1908.8855098389981,2243.7406082289804,2480.2200357781753,3504.9194991055456,3868.2146690518784,3519.685152057245,3610.6708407871197,3935.7137745974956,4799.892665474061,5292.49373881932,3698.54740608229,4371.1216457960645,4242.28801431127,3057.4186046511627,3414.799642218247,4196.182468694096,3738.7406082289804,3554.8962432915923,3118.71198568873,3958.021466905188,3868.8962432915923,3976.067978533095,3986.295169946333,4715.3398926654745,3697.7549194991057,3160.7799642218247,3196.5116279069766,4031.8103756708406,4132.250447227191,3487.1001788908766,2531.3291592128803,1987.474060822898,1553.2003577817532,1770.443649373882,1630.443649373882,1517.2951699463326,1486.7638640429338,1684.8622540250446,1420.4722719141323,1476.320214669052,1494.4669051878354,1489.7656529516994,1441.4830053667263,1584.592128801431,1731.8998211091234,1907.0787119856886,1843.0196779964222,2776.8264758497317,3797.359570661896,3301.1484794275493,2421.2540250447228,1584.2397137745975,1351.5384615384614,1686.685152057245,2006.5599284436494,2352.24686940966,1527.5867620751342,1676.4579606440072,1562.7298747763864,1685.1144901610019,1853.4758497316636,1906.0161001788908,1316.7978533094813,1422.9660107334525,1473.6225402504472,1750.216457960644,1914.8050089445437,2082.838998211091,2417.109123434705,3010.098389982111,2410.2361359570664,2170.309481216458,2425.016100178891,1674.7924865831842,1408.0089445438282,1488.1520572450804,1441.298747763864,1795.500894454383,2509.9445438282646,3234.6511627906975,1938.4669051878354,1995.4400715563506,2393.8103756708406,3010.4722719141323,3871.5742397137747,2705.4812164579607,1766.7924865831842,2437.9928443649374,2042.3059033989266,1703.350626118068,1357.0661896243291,1756.3792486583184,2175.12343470483,2827.1663685152057,2025.4203935599285,2350.7763864042936,2349.407871198569,2147.8962432915923,1359.520572450805,1505.7084078711985,1557.8479427549196,2039.0429338103756,2903.7441860465115,5005.68694096601,6164.792486583185,6460.125223613596,3505.5277280858677,1843.9194991055456,1396.2146690518784,1425.3327370304114,1255.577817531306,1484.6815742397139,1508.0196779964222,2120.5652951699462,2459.1019677996424,3050.9355992844366,3759.7155635062613,4631.901610017889,2304.1466905187835,1926.3524150268336,1844.4025044722719,2097.350626118068,2237.216457960644,3289.0697674418607,4362.416815742397,3539.572450805009,2503.8944543828266,3440.7084078711987,2579.0697674418607,1643.6225402504472,1467.175313059034,1786.067978533095,2233.262969588551,3473.5026833631487,2657.890876565295,1856.148479427549,1824.6583184257604,2143.175313059034,2301.9391771019677,2580.8944543828266,2150.186046511628,1727.5652951699462,2124.0805008944544,2205.5563506261183,2105.087656529517,3497.8568872987476,3292.2200357781753,2019.5992844364937,1913.8855098389981,2995.0840787119855,3197.04114490161,2522.2450805008943,2928.9445438282646,4266.45259391771,5932.3398926654745,4109.023255813953,1985.896243291592,1599.520572450805,1280.8676207513417,1438.6636851520573,1377.2772808586762,1805.0787119856886,1545.8032200357782,1463.3881932021468,1291.5706618962433,1354.8640429338104,1100.715563506261,1247.1949910554563,1277.148479427549,1319.407871198569,1346.556350626118,1359.8533094812165,1098.0805008944544,1426.5187835420393,1440.91771019678,1347.5849731663686,1122.5796064400715,1257.5545617173525,1114.701252236136,1232.6994633273703,1168.0966010733453,1331.3989266547405,1100.227191413238,1264.896243291592,1091.0304114490161,1397.6618962432915,1195.4490161001788,1244.2003577817532,1098.8533094812165,1209.0966010733453,1123.9821109123434,1217.1842576028623,1191.974955277281,1443.2862254025044,1147.468694096601,1240.4400715563506,1144.515205724508,1215.7710196779965,1060.695885509839,1147.0178890876566,1314.237924865832,1483.8640429338104,1470.046511627907,1425.7298747763864,1425.2647584973167,1812.500894454383,1944.0017889087655,1658.7316636851522,1761.5348837209303,2424.6422182468696,1601.3828264758497,1292.067978533095,1145.468694096601,1246.0429338103756,1242.8479427549196,1174.4651162790697,1086.293381037567,1309.9373881932022,1060.0536672629696,1270.8264758497317,1091.3667262969589,1249.3810375670841,1165.12343470483,1160.87656529517,1077.7996422182468,1180.8211091234348,1188.7048300536674,1536.8425760286225,1795.2039355992845,1648.3416815742396,1314.509838998211,1287.8837209302326,1456.3309481216459,1452.8389982110912,1264.8103756708408,1431.8497316636851,1487.6940966010734,1723.6887298747763,1311.6583184257604,1183.20572450805,1153.855098389982,1283.2075134168158,1251.1055456171734,1681.304114490161,1958.8461538461538,1766.2093023255813,1272.191413237925,1371.0196779964222,1486.7316636851522,2020.350626118068,1480.4060822898032,1439.5992844364937,1503.7871198568873,1837.6261180679785,1971.4615384615386,1998.1771019677997,1590.3130590339892,1482.4186046511627,1314.5885509838997,1632.9946332737031,1330.422182468694,1261.871198568873,1066.8443649373883,1238.7459749552772,1403.6583184257604,1477.025044722719,1593.9910554561718,1849.8139534883721,1432.7459749552772,1710.1967799642218,2112.8318425760285,2275.860465116279,1584.2003577817532,1688.0966010733453,1834.4758497316636,1670.298747763864,1529.7996422182468,1767.7799642218247,1946.953488372093,2318.633273703041,1670.12343470483,1980.6869409660108,2399.862254025045,3241.252236135957,2015.1717352415026,1830.6654740608228,1764.8443649373883,1787.3810375670841,2209.4436493738817,3608.87656529517,4605.372093023256,3405.6923076923076,2733.1198568872987,3336.16457960644,2071.3792486583184,1681.6529516994633,2026.91771019678,2914.221824686941,2408.4203935599285,2727.005366726297,2439.232558139535,2621.0608228980323,2589.1431127012524,3702.3470483005367,2816.561717352415,1938.6332737030411,1552.6475849731664,1793.2772808586762,2355.783542039356,2103.6529516994633,1411.2880143112702,1814.4490161001788,2707.4347048300538,3756.7191413237924,2496.0554561717354,3094.350626118068,3250.593917710197,3244.9892665474063,4479.6601073345255,3492.200357781753,2487.0375670840785,4291.184257602862,5354.915921288014,2950.076923076923,2219.2415026833633,3393.2236135957064,5136.497316636852,5868.529516994633,5097.200357781753,3788.04114490161,2931.449016100179,3281.38282647585,5419.46511627907,7662.1806797853305,5090.355992844365,3558.5957066189626,5638.899821109124,9294.291592128802,6053.887298747763,3506.3130590339892,2109.923076923077,1901.443649373882,2149.3953488372094,3347.4901610017887,3441.8050089445437,3514.8515205724507,4561.969588550984,6971.966010733453,4652.057245080501,2676.524150268336,1991.5348837209303,1498.8980322003579,1321.3076923076924,1622.7817531305902,1602.1413237924867,2027.0840787119857,3146.9212880143114,3380.613595706619,2026.67084078712,1721.5903398926655,1767.2790697674418,1757.3327370304114,1443.2540250447228,1789.5939177101968,2415.978533094812,3657.1466905187835,2776.0840787119855,2378.953488372093,2390.0840787119855,1774.7388193202146,1490.5277280858677,1701.3720930232557,2369.4561717352417,2386.4347048300538,1556.7924865831842,1601.577817531306,1497.191413237925,1830.8014311270126,1390.3703041144902,1536.0161001788908,1543.7209302325582,2181.948121645796,2529.035778175313,2321.08228980322,1841.2003577817532,1475.0035778175313,1368.304114490161,1569.3792486583184,1484.567084078712,1596.4758497316636,2021.3255813953488,1903.1681574239715,1477.1323792486583,1542.2343470483006,1330.093023255814,1603.490161001789,2144.906976744186,3385.6940966010734,2387.5778175313058,1623.9928443649374,1526.2361359570662,1471.0017889087655,1369.7763864042934,1663.6189624329159,1366.7316636851522,1461.742397137746,1594.2880143112702,2109.1574239713773,2193.3130590339892,2020.5241502683364,1452.742397137746,1664.2951699463326,2081.726296958855,2318.3631484794278,1550.3649373881933,1457.9087656529516,1337.2450805008943,1846.978533094812,1498.978533094812,1378.9695885509839,1334.128801431127,1626.912343470483,1881.8318425760285,2254.076923076923,1585.6994633273703,1666.1788908765652,2031.8318425760285,2218.0536672629696,1329.3470483005367,1369.3935599284437,1159.2003577817532,1296.695885509839,1230.3166368515206,1432.9516994633273,1381.1323792486583,1880.6744186046512,2821.1198568872987,2381.6976744186045,1266.8694096601073,1264.6368515205725,1211.2790697674418,1499.8980322003579,1196.8264758497317,1422.5366726296959,1138.824686940966,1427.4060822898032,1296.6636851520573,1250.8640429338104,1224.608228980322,1321.2683363148478,1330.9982110912345,1869.3345259391772,2242.293381037567,1724.624329159213,1548.3488372093022,2520.9266547406082,2518.3738819320215,1519.6332737030411,1391.4150268336314,1613.7871198568873,1536.2719141323792,1522.2772808586762,1223.6475849731664,1548.6404293381038,1942.2951699463326,2463.8890876565297,2772.001788908766,2037.128801431127,1395.7280858676208,1584.134168157424,1635.0751341681573,2262.8282647584974,1721.91771019678,1770.148479427549,1698.9087656529516,2246.161001788909,1664.3792486583184,1662.4454382826475,1970.8175313059035,2214.184257602862,1407.896243291592,1449.608228980322,1671.556350626118,2842.649373881932,3613.887298747764,2147.1717352415026,1709.9516994633273,1894.8801431127013,1444.8336314847943,1516.4096601073345,1547.025044722719,1705.2611806797854,1476.9713774597496,1490.386404293381,1299.4311270125224,1800.8819320214668,2548.2289803220037,2157.819320214669,1293.7996422182468,1413.8640429338104,1284.840787119857,1371.5169946332737,1457.5599284436494,1701.2468694096601,1437.2808586762076,2025.577817531306,1870.4669051878354,1770.7584973166367,1272.391771019678,1271.6279069767443,1118.3327370304114,1289.679785330948,1212.3005366726297,1478.8479427549196,1671.4758497316636,1864.1896243291592,1405.0089445438282,1351.2790697674418,1217.9660107334525,1481.0590339892665,1575.3738819320215,1701.3327370304114,1698.1967799642218,2237.0286225402506,1992.6457960644007,1465.4275491949911,1381.3005366726297,1607.0322003577817,1868.7567084078712,2084.0733452593918,1980.0071556350626,2309.6422182468696,1856.4096601073345,1743.6475849731664,1400.9964221824687,1623.6475849731664,1710.9856887298747,1798.4525939177101,1363.6976744186047,1615.2218246869409,1738.5474060822899,2654.656529516995,3866.87656529517,4189.171735241503,1707.1932021466905,1548.8944543828266,1604.4132379248658,1449.7584973166367,1119.9731663685152,1377.1610017889088,1220.257602862254,1322.4096601073345,1469.3130590339892,1492.912343470483,1197.3828264758497,1374.5438282647585,1225.4239713774598,1323.9159212880143,1214.896243291592,1494.942754919499,1382.0125223613595,1569.2110912343471,1842.3327370304114,2479.5080500894455,1803.1413237924867,1315.706618962433,1168.9856887298747,1377.1932021466905,1309.2361359570662,1843.7763864042934,1607.180679785331,1554.964221824687,1196.9910554561718,1522.91771019678,1615.567084078712,1552.0912343470484,1176.660107334526,1284.695885509839,1170.509838998211,1234.4311270125224,1173.8389982110912,1365.9033989266547,1261.6368515205725,1483.5545617173525,1441.7781753130591,1509.2039355992845,1344.9695885509839,1392.3023255813953,1333.2898032200358,1616.865831842576,2255.2701252236134,2034.8783542039355,1179.8533094812165,1319.2826475849731,1217.6636851520573,1241.227191413238,1182.339892665474,1404.2719141323792,1498.509838998211,2365.649373881932,2259.0536672629696,1930.1627906976744,1467.6279069767443,1697.8461538461538,1623.1610017889088,1605.3237924865832,1716.3989266547405,2444.0339892665475,2880.4150268336316,2239.159212880143,1671.783542039356,2104.3488372093025,2395.1520572450804,2737.7441860465115,1867.7334525939177,2011.0161001788908,3241.6314847942754,3825.0787119856886,1836.1001788908766,1460.6887298747763,1320.0608228980323,1422.660107334526,1313.8497316636851,1508.0912343470484,1285.4651162790697,1425.577817531306,1456.3989266547405,2066.9355992844366,3079.0125223613595,4665.293381037567,2998.066189624329,2137.932021466905,1797.5581395348838,2270.089445438283,1734.5992844364937,2245.797853309481,2609.955277280859,1761.4722719141323,1446.6833631484794,1873.5724508050089,2307.339892665474,2727.545617173524,1734.8801431127013,1802.9552772808586,2286.7191413237924,4077.964221824687,6234.366726296958,4176.828264758497,2936.6422182468696,2641.6153846153848,2390.964221824687,1933.6833631484794,1571.819320214669,1978.8568872987478,2622.2379248658317,5054.8193202146695,4707.395348837209,2242.9713774597494,1567.237924865832,1987.644007155635,2683.7960644007157,3981.6940966010734,2244.1270125223614,2037.5438282647585,2429.1055456171734,3633.4347048300538,2236.2093023255816,1613.5939177101968,1336.1144901610019,1484.293381037567,1557.4525939177101,2148.799642218247,2961.737030411449,4772.520572450805,4273.103756708408,5188.989266547406,6709.186046511628,3455.5169946332735,2329.45259391771,3449.8944543828266,5472.449016100179,5630.915921288014,3122.468694096601,2409.8103756708406,3229.3971377459748,6233.0125223613595,7318.389982110913,2895.928443649374,1622.7924865831842,1687.695885509839,1745.0966010733453,1781.4311270125224,1373.3059033989266,1448.8157423971377,1459.1878354203936,1931.8640429338104,1914.6171735241503,2869.3220035778177,3537.5116279069766,4429.9785330948125,3304.9624329159215,4388.116279069767,6961.810375670841,5596.212880143113,6184.254025044723,4660.257602862254,2825.391771019678,3039.8801431127013,3346.957066189624,2052.343470483005,1507.0697674418604,1610.4812164579607,2123.8676207513417,2440.948121645796,1866.087656529517,2039.8855098389981,1846.0697674418604,2490.1055456171734,4304.855098389982,7075.033989266547,3425.928443649374,1998.1645796064402,1850.293381037567,1715.314847942755,1768.5384615384614,2509.1878354203936,4332.050089445438,7525.669051878354,6110.250447227191,7972.425760286225,4758.7441860465115,3828.542039355993,5162.0966010733455,3629.769230769231,2011.2110912343471,1807.5187835420393,1758.932021466905,2187.025044722719,3328.887298747764,5840.771019677996,6317.737030411449,5761.262969588551,5105.037567084079,5440.105545617173,2593.1896243291594,2438.089445438283,2389.019677996422,1847.6010733452595,1538.9087656529516,1528.4060822898032,1514.0232558139535,1771.762075134168,2272.7549194991057,3627.4633273703043,2958.3953488372094,4496.572450805009,4225.389982110913,5577.456171735242,7056.066189624329,10340.1771019678,18172.075134168157,13407.11091234347,4374.599284436494,2559.268336314848,2509.459749552773,4352.774597495528,4432.858676207514,5451.400715563506,9392.926654740608,7118.420393559928,3156.1520572450804,1785.3595706618962,1550.860465116279,2053.4347048300538,2852.3577817531304,4582.994633273703,4649.24686940966,5791.171735241503,3235.402504472272,1808.0500894454383,1539.0805008944544,1572.2880143112702,1497.4364937388193,1817.7084078711985,2208.1019677996424,3296.8515205724507,6437.545617173524,5065.826475849732,2136.844364937388,2078.87656529517,2440.8801431127013,4171.026833631485,4139.475849731663,7027.254025044723,5787.003577817532,3890.0107334525937,1902.0590339892665,1682.443649373882,1754.9624329159212,2021.4454382826475,2167.6690518783544,3690.175313059034,7231.291592128801,5920.314847942755,2411.248658318426,1802.95885509839,1400.4132379248658,1466.1610017889088,1455.9928443649374,1557.4114490161003,1564.685152057245,2114.159212880143,1868.912343470483,1862.660107334526,2535.1270125223614,2757.720930232558,3018.583184257603,5880.658318425761,8918.073345259392,5515.3989266547405,7033.719141323792,5748.572450805009,2420.3971377459748,2044.4883720930231,1726.5241502683364,2116.3470483005367,1486.5134168157424,1515.7406082289804,1452.9767441860465,1453.8801431127013,1582.7459749552772,2345.937388193202,3984.704830053667,8152.930232558139,5414.704830053667,2870.792486583184,1713.8890876565295,1526.3667262969589,1318.1323792486583,1315.375670840787,1353.8461538461538,1441.2039355992845,1323.4776386404294,1609.3059033989266,1991.0,2767.9266547406082,5198.572450805009,5751.017889087657,2384.019677996422,2064.030411449016,1914.0339892665475,1950.4203935599285,1504.974955277281,1628.339892665474,1520.747763864043,1478.479427549195,1487.076923076923,2309.7602862254025,2745.8801431127013,5447.019677996423,3226.4150268336316,1718.2647584973167,1357.4311270125224,1444.0035778175313,1334.1001788908766,1430.0983899821108,1369.2504472271914,1487.2128801431127,1407.4937388193202,1738.3703041144902,2038.8533094812165,3820.1323792486583,3817.161001788909,2159.618962432916,1981.1144901610019,2054.9910554561716,1597.685152057245,1654.2969588550984,1421.8121645796064,1504.5742397137747,1492.021466905188,1885.386404293381,2490.4347048300538,3726.1323792486583,8235.393559928443,14364.620751341681,9932.94633273703,3942.890876565295,2068.71198568873,2054.8676207513417,1452.8568872987478,1406.5527728085867,1189.4203935599285,1325.8032200357782,1150.1735241502683,1245.3542039355993,1100.726296958855,1244.9910554561718,1123.5885509838997,1276.8694096601073,1330.0178890876566,1629.309481216458,1423.2146690518784,1534.9391771019677,1578.252236135957,1403.5080500894455,1293.4865831842576,1392.8855098389981,1198.5867620751342,1436.4186046511627,1732.9838998211092,2578.2236135957064,1571.1091234347048,1413.1413237924867,1334.021466905188,1843.3953488372092,1955.9373881932022,2140.1323792486583,1670.1270125223614,1512.1359570661896,1296.5974955277281,1721.772808586762,1245.6511627906978,1515.762075134168,1997.4812164579607,3637.34168157424,2989.062611806798,1859.2468694096601,1275.2075134168158,1327.4472271914133,1343.5813953488373,1552.375670840787,1192.5652951699462,1262.3363148479427,1162.7567084078712,1422.3166368515206,1790.046511627907,1774.3881932021468,1939.3273703041145,2191.3792486583184,1633.1198568872987,1687.4525939177101,1486.964221824687,1457.2218246869409,1253.8640429338104,1398.3327370304114,1290.8837209302326,1652.1502683363149,1815.087656529517,1739.298747763864,1485.6207513416816,1908.0500894454383,2275.4704830053665,2746.2754919499107,2663.7602862254025,2502.524150268336,1771.438282647585,1496.8837209302326,1356.9284436493738,1501.6690518783541,1504.08228980322,1551.1842576028623,1380.0286225402504,1540.8926654740608,1776.087656529517,2463.3953488372094,2764.0232558139537,1941.0912343470484,2114.633273703041,2602.928443649374,2389.5760286225404,2226.1162790697676,1810.4883720930231,2312.0232558139537,2753.1824686940968,3230.1198568872987,2750.499105545617,2034.3112701252237,1675.87656529517,2065.7549194991057,3025.454382826476,3024.3720930232557,2462.3989266547405,2314.583184257603,1719.7817531305902,1919.4275491949911,1504.5080500894455,1787.865831842576,1902.5849731663686,2474.1896243291594,2201.515205724508,2016.1627906976744,2157.61717352415,1826.2611806797854,1456.237924865832,1477.8908765652952,1442.4454382826475,1762.91771019678,1608.0983899821108,1507.0268336314848,1467.7334525939177,1823.08228980322,1584.8157423971377,2221.12343470483,2858.5098389982113,2020.6225402504472,1590.3130590339892,2185.635062611807,2590.9141323792487,2216.211091234347,2709.613595706619,4655.533094812165,3896.7388193202146,2487.139534883721,2227.5652951699462,2012.6118067978532,1924.144901610018,2113.635062611807,1845.2021466905187,2227.1216457960645,1568.8425760286225,1759.8676207513417,1899.9624329159212,1794.345259391771,2013.851520572451,2834.890876565295,1878.4812164579607,1679.432915921288,1866.5187835420393,2490.457960644007,2986.71198568873,4810.32915921288,6762.016100178891,4390.1556350626115,2691.7638640429336,2322.9624329159215,2925.3720930232557,5375.1305903398925,7497.622540250447,3773.402504472272,2323.4651162790697,2763.6475849731664,4309.030411449016,4817.518783542039,4204.610017889087,2171.772808586762,1714.808586762075,1760.5366726296959,1418.8318425760285,2054.3309481216456,2008.5420393559928,3861.5134168157424,2787.159212880143,1909.9624329159212,1701.7352415026833,1838.1252236135956,2333.4364937388195,3049.4633273703043,3498.3524150268336,5194.1771019678,6370.404293381038,8416.926654740608,8741.785330948122,5328.223613595706,7059.214669051878,10683.32558139535,6013.064400715563,4173.656529516995,4951.652951699463,3335.5599284436494,3512.2200357781753,2991.5563506261183,2616.432915921288,4528.729874776386,7321.220035778175,4308.026833631485,3660.5098389982113,7050.838998211091,9227.093023255815,4040.5849731663684,2497.767441860465,2939.3112701252235,3819.5187835420393,8981.209302325582,11043.688729874777,5417.25939177102,5565.087656529517,7906.107334525939,4681.919499105546,3517.635062611807,3778.4042933810374,3965.0554561717354,3673.0554561717354,2412.792486583184,2076.4919499105545,3387.8282647584974,3536.1055456171734,3670.7191413237924,2398.747763864043,1958.9552772808586,2271.9624329159215,2074.6207513416816,1561.2880143112702,1789.9409660107335,2259.5116279069766,4506.871198568873,3734.5760286225404,2103.7638640429336,1545.5903398926655,1489.6332737030411,1501.742397137746,2058.016100178891,3177.9194991055456,5120.604651162791,2510.910554561717,2179.5384615384614,2511.298747763864,3535.0107334525937,6196.932021466905,4992.837209302325,2852.8175313059032,2086.6010733452595,1660.887298747764,2129.4561717352417,2409.726296958855,1996.7495527728086,1768.3738819320215,1979.5992844364937,2315.6100178890874,2984.7298747763866,1951.8336314847943,1701.0518783542038,1609.7978533094813,1703.5581395348838,1933.314847942755,1781.3470483005367,1627.9373881932022,1707.345259391771,1675.701252236136,1611.6869409660108,1453.7602862254025,1666.4597495527728,1499.87656529517,1475.8747763864044,1438.545617173524,2376.865831842576,2765.5134168157424,4009.3953488372094,2254.7620751341683,1636.2254025044722,1399.6064400715563,1640.9731663685152,1373.3595706618962,1519.6475849731664,1630.912343470483,3017.1216457960645,3316.3255813953488,2021.9016100178892,1550.0339892665475,1928.3577817531307,3710.12343470483,3051.429338103757,1640.5169946332737,1490.4490161001788,1402.1520572450804,1505.9373881932022,1436.0125223613595,1386.2110912343471,1382.3881932021468,1623.5420393559928,2256.202146690519,2108.8998211091234,1509.128801431127,1478.0017889087655,1462.7316636851522,1615.0626118067978,1440.6350626118067,2178.6046511627906,1917.942754919499,2656.8372093023254,4902.581395348837,6685.894454382827,3066.6279069767443,2058.1699463327373,1660.08228980322,1590.7924865831842,1377.9552772808586,1862.7745974955278,2102.216457960644,3246.361359570662,3098.8497316636854,1972.3649373881933,1534.6940966010734,1414.1019677996421,1204.2754919499105,1295.7763864042934,1151.6976744186047,1286.7406082289804,1356.0697674418604,1810.5330948121646,1270.8318425760285,1202.3828264758497,1045.932021466905,1130.747763864043,1049.8103756708408,1159.8050089445437,1087.9141323792487,1304.7388193202146,1268.04114490161,2021.3774597495528,2705.3935599284437,7169.413237924866,9467.304114490162,5028.801431127013,2903.887298747764,1921.057245080501,1350.9713774597496,1371.237924865832,1468.5384615384614,1490.8855098389981,1177.808586762075,1284.5545617173525,1115.8032200357782,1254.093023255814,1615.08228980322,2564.5796064400715,2094.4347048300538,1560.4758497316636,1355.747763864043,1439.9964221824687,1223.454382826476,1299.7191413237924,1219.8944543828266,1391.638640429338,1263.3130590339892,1470.454382826476,1302.397137745975,1489.1431127012522,1682.4508050089446,1996.4364937388193,2083.38282647585,2386.2200357781753,1578.1252236135956,1497.134168157424,1278.7298747763864,1339.9677996422183,1308.8372093023256,1755.3005366726297,2133.9033989266545,1747.4060822898032,1353.499105545617,1400.175313059034,1372.1109123434705,1386.4275491949911,1144.9373881932022,1140.79427549195,1304.1717352415026,1388.808586762075,1275.515205724508,1723.2128801431127,1461.6368515205725,1538.8640429338104,1683.0966010733453,1599.1091234347048,1457.7334525939177,1568.3184257602861,1466.2254025044722,1764.499105545617,1563.010733452594,2135.2558139534885,1672.3345259391772,1426.3166368515206,1296.9838998211092,1786.6171735241503,1167.6225402504472,1370.1932021466905,1230.8533094812165,1412.2200357781753,1459.9713774597496,1571.95885509839,1467.7245080500895,1525.4042933810376,1271.531305903399,1360.7388193202146,1419.5241502683364,1503.3309481216459,1227.0429338103756,1354.5080500894455,1609.6976744186047,1716.6171735241503,2040.1073345259392,1833.1645796064402,1608.7853309481216,1532.159212880143,1308.1019677996421,1412.9713774597496,1331.5474060822899,1470.7388193202146,1271.025044722719,1380.602862254025,1365.6690518783541,1406.7745974955278,1237.7889087656529,1372.32915921288,1249.5277280858677,1770.608228980322,1259.3381037567085,1393.8944543828266,1521.454382826476,1984.5957066189624,1495.1556350626117,1613.644007155635,1795.6332737030411,3126.613595706619,2851.0572450805007,4198.991055456172,2788.6100178890874,2139.901610017889,1667.4257602862253,1519.6261180679785,1374.391771019678,1464.896243291592,1201.8014311270126,1319.1967799642218,1193.7853309481216,1386.3005366726297,1403.2593917710196,1991.6583184257604,2705.3327370304114,2582.62969588551,2898.9445438282646,2316.1717352415026,1737.8855098389981,1736.4955277280858,1651.2540250447228,2069.5599284436494,3190.030411449016,2949.9033989266545,1744.613595706619,1671.2862254025044,1412.6726296958855,1520.3166368515206,1621.3685152057244,1590.0983899821108,1415.2361359570662,1528.7388193202146,1350.9016100178892,1430.2003577817532,1660.490161001789,3090.515205724508,5330.772808586762,3870.6923076923076,2694.211091234347,2692.9266547406082,2085.2039355992843,1784.025044722719,1605.9677996422183,1876.1019677996421,1741.2146690518784,1823.8139534883721,2619.2665474060823,4740.105545617173,2823.0,2195.432915921288,2330.230769230769,2964.65831842576,2788.8103756708406,2253.2182468694095,2707.5849731663684,5209.806797853309,3029.5563506261183,2576.1055456171734,3228.5098389982113,6252.2647584973165,10768.223613595706,6249.2647584973165,3363.139534883721,2607.243291592129,2412.3023255813955,2333.6010733452595,2171.001788908766,2187.6261180679785,2606.840787119857,5763.719141323792,4142.193202146691,2734.9767441860463,2431.243291592129,2392.035778175313,1904.484794275492,2101.3971377459748,3300.1305903398925,5779.681574239714,5253.953488372093,3188.8300536672627,2244.386404293381,1857.4651162790697,1583.2110912343471,2071.7191413237924,3629.6708407871197,3787.8586762075133,3103.046511627907,5399.017889087657,4418.533094812165,3666.656529516995,4632.633273703042,9237.434704830053,10609.048300536673,7047.54740608229,5288.785330948122,3301.4436493738817,2259.8998211091234,1943.5330948121646,1712.6690518783541,2076.525939177102,1726.6976744186047,1688.8121645796064,1963.139534883721,1814.7334525939177,1499.624329159213,1583.0447227191414,1508.490161001789,1901.6189624329159,2051.293381037567,2323.978533094812,2272.6475849731664,2710.477638640429,5042.701252236136,15483.52236135957,22036.808586762076,11906.157423971377,7335.756708407871,5894.060822898032,6953.50626118068,9901.565295169947,6434.923076923077,7157.976744186047,4310.608228980322,3334.996422182469,3393.5026833631487,2840.499105545617,2146.3273703041145,2042.5366726296959,2002.159212880143,3217.2450805008943,2651.710196779964,3201.2182468694095,4365.613595706619,3343.1896243291594,2491.515205724508,2037.9677996422183,1605.624329159213,1697.422182468694,1634.8586762075133,1884.3166368515206,1751.6404293381038,1861.3881932021468,2148.3309481216456,2172.783542039356,2543.8282647584974,2882.593917710197,2007.953488372093,2009.4454382826475,1881.1681574239715,1856.4168157423971,1619.6010733452595,2189.1162790697676,1828.5491949910554,3301.6153846153848,8690.83542039356,7199.45259391771,3861.257602862254,2657.08228980322,2208.5295169946335,2659.046511627907,2208.756708407871,2029.309481216458,1864.180679785331,2704.892665474061,2258.345259391771,2014.1574239713775,2011.6618962432915,2183.8533094812165,2844.6994633273703,6747.161001788909,12299.030411449015,9366.171735241503,10506.62969588551,5746.783542039356,3646.1162790697676,2752.7817531305905,2027.7889087656529,1808.2898032200358,1645.7406082289804,1780.8067978533095,1780.2880143112702,2039.9016100178892,1961.9016100178892,2402.0590339892665,1885.0715563506262,2456.062611806798,2878.62969588551,2321.4418604651164,1845.3184257602861,1762.1216457960645,1735.4347048300538,2110.098389982111,2564.355992844365,4374.178890876566,10063.459749552772,8254.402504472271,4269.821109123434,3248.923076923077,2771.089445438283,2355.6100178890874,1933.4722719141323,2190.676207513417,2787.5849731663684,2454.495527728086,3017.8121645796064,5954.688729874776,9187.51878354204,6003.114490161001,3366.5187835420393,2518.139534883721,2175.654740608229,1888.7495527728086,1508.942754919499,1595.608228980322,1370.9803220035778,1857.2075134168158,1377.6171735241503,1791.8228980322003,1942.649373881932,1920.978533094812,2465.475849731664,2238.34168157424,1799.706618962433,2205.2200357781753,2045.7513416815743,1950.9463327370304,1992.912343470483,1990.9695885509839,1611.314847942755,1816.824686940966,2101.248658318426,3851.4812164579607,8168.942754919499,5315.191413237925,3305.087656529517,2561.8479427549196,2441.091234347048,2141.819320214669,1622.9695885509839,1654.1144901610019,1713.9016100178892,1806.3005366726297,1850.6779964221826,3403.568872987478,8618.561717352415,6535.720930232558,4238.996422182468,3804.8694096601075,3159.3112701252235,4263.860465116279,3458.366726296959,6048.933810375671,15865.193202146691,13568.504472271914,7863.933810375671,6235.450805008944,4068.7459749552772,3568.180679785331,4246.567084078712,3707.1735241502683,2573.2093023255816,2477.4400715563506,3430.230769230769,6932.606440071557,6634.976744186047,4058.3989266547405,2977.887298747764,2841.0375670840785,4144.996422182468,7936.184257602862,5673.291592128801,5309.406082289804,3802.640429338104,3039.8032200357784,2827.4203935599285,4499.112701252237,9245.967799642218,11267.71556350626,12330.980322003577,8371.085867620752,5050.1556350626115,3793.4704830053665,2784.4937388193202,2889.8980322003576,3342.608228980322,2503.838998211091,2184.8228980322006,2304.6279069767443,2136.438282647585,1864.4060822898032,1650.9964221824687,1718.0733452593918,1397.1860465116279,1551.0375670840788,1861.6279069767443,2543.726296958855,3365.7406082289804,6176.906976744186,9708.570661896243,17560.797853309483,10877.976744186046,7774.404293381038,8859.819320214669,6814.101967799642,7577.137745974956,12060.248658318425,6926.355992844365,4573.168157423971,3243.0089445438284,2688.3255813953488,2011.3237924865832,2232.540250447227,1641.093023255814,1785.468694096601,2416.2915921288013,6300.042933810376,16852.87656529517,11728.116279069767,6820.178890876566,5158.0,3951.6010733452595,4011.202146690519,6146.291592128801,17496.153846153848,32928.314847942755,19527.87656529517,12033.601073345259,9802.692307692309,6498.949910554562,5250.2898032200355,5493.692307692308,4108.8694096601075,4360.296958855099,3984.6744186046512,3063.7817531305905,2838.980322003578,2283.8103756708406,2599.252236135957,2925.320214669052,2830.5527728085867,4192.774597495528,13199.361359570661,27886.53488372093,18727.52236135957,11056.146690518783,7455.477638640429,5931.894454382827,7953.393559928443,14825.355992844365,19558.404293381038,16505.350626118066,15951.434704830053,13480.025044722719,9010.103756708408,7544.785330948122,6887.663685152057,4609.87656529517,3038.2558139534885,2455.7602862254025,2190.567084078712,1886.6744186046512,2049.663685152057,2438.937388193202,2981.978533094812,4198.538461538462,3242.4633273703043,2405.2558139534885,2157.8103756708406,1933.679785330948,1885.7781753130591,1726.191413237925,2249.649373881932,2509.7334525939177,2175.597495527728,1741.865831842576,2176.973166368515,2341.570661896243,3811.6475849731664,5324.279069767442,4230.549194991056,3585.16457960644,6399.762075134168,8594.610017889088,8984.030411449015,10200.114490161002,6519.474060822898,7276.221824686941,16520.171735241503,13961.640429338104,13091.574239713775,10229.49016100179,6414.295169946333,4844.558139534884,4033.1627906976746,3142.4830053667265,2875.583184257603,2728.025044722719,2855.359570661896,2340.7084078711987,2524.030411449016,2979.021466905188,4433.345259391771,8096.695885509839,16509.91771019678,17143.22540250447,10132.363148479428,6632.16457960644,6797.745974955277,9546.050089445438,8543.010733452595,5679.688729874776,5283.729874776386,4022.2862254025044,3369.0143112701253,3223.819320214669,2586.4400715563506,1923.706618962433,1828.3184257602861,1626.8747763864044,1705.4400715563506,1449.1270125223614,1705.4883720930231,2622.468694096601,5617.228980322004,16396.516994633275,17080.207513416815,10498.536672629696,7388.906976744186,5712.227191413238,5836.0,4796.475849731663,3750.2862254025044,3374.5062611806798,3372.16457960644,3038.9194991055456,3993.638640429338,4145.175313059034,3002.0590339892665,3017.248658318426,5929.881932021467,4006.912343470483,2849.7817531305905,2103.6261180679785,2230.9516994633273,2632.726296958855,2682.908765652952,2287.685152057245,2747.3542039355993,3285.3738819320215,3052.2200357781753,4627.6350626118065,14027.812164579607,13043.091234347048,8611.996422182468,9611.198568872987,8513.93381037567,6261.565295169947,7502.6261180679785,5989.742397137746,3846.178890876565,2652.216457960644,2358.9051878354203,1854.5402504472272,2050.813953488372,2460.8085867620753,2502.273703041145,2137.994633273703,2009.91771019678,1754.4955277280858,1789.0232558139535,1993.0751341681573,2673.45259391771,1760.5366726296959,1670.5760286225402,1423.3273703041145,1429.6332737030411,1530.5939177101968,1752.3792486583184,1662.5187835420393,1906.978533094812,1569.509838998211,1628.0858676207513,1609.2951699463326,2048.3023255813955,2095.6225402504474,2008.0948121645797,2648.6314847942754,4407.910554561718,3944.964221824687,2944.910554561717,2159.3542039355993,1835.8568872987478,1577.4168157423971,1697.91771019678,1526.9141323792487,1663.5062611806798,1607.5760286225402,1639.1091234347048,2165.515205724508,2757.54740608229,4974.636851520572,5333.849731663685,3666.4812164579607,4169.228980322004,7355.681574239714,7120.980322003577,5236.8228980322,4613.352415026834,6132.134168157424,5763.09481216458,4858.94633273703,5237.243291592129,4168.1466905187835,3414.479427549195,4787.974955277281,5088.940966010733,6925.327370304114,11197.661896243291,7333.295169946333,5737.209302325581,6071.949910554562,4813.8228980322,3973.4973166368513,2993.6529516994633,2151.296958855098,2029.4025044722719,2182.9141323792487,4298.572450805009,5372.883720930233,4805.837209302325,3825.2450805008943,2803.769230769231,2302.0286225402506,2926.3846153846152,2598.4633273703043,2667.9141323792487,2009.2701252236136,1922.8497316636851,2308.5742397137747,4999.567084078712,4772.9033989266545,3613.65831842576,2707.4418604651164,3056.089445438283,3693.309481216458,4420.470483005367,5857.171735241503,9485.359570661896,6161.5921288014315,6030.343470483005,8169.937388193202,9656.255813953489,8917.400715563506,13328.644007155635,8577.37388193202,5524.08228980322,4237.114490161001,3324.86404293381,2262.8085867620753,1825.7763864042934,1410.95885509839,1383.1967799642218,1257.407871198569,1585.6332737030411,2593.7406082289804,3866.364937388193,2848.2146690518784,2708.6976744186045,2694.572450805009,3851.1896243291594,11726.322003577818,18476.386404293382,11438.887298747764,8715.355992844365,8493.849731663686,12005.524150268337,8132.1466905187835,5533.627906976744,5385.266547406082,4033.2236135957064,2923.5187835420393,2763.7584973166367,5192.679785330948,11848.157423971377,11882.624329159213,7344.286225402505,4678.227191413238,3794.3792486583184,3767.8962432915923,3586.221824686941,3099.568872987478,5339.026833631485,7431.2898032200355,11509.368515205724,10750.143112701253,23505.067978533094,28356.75313059034,18508.6457960644,14113.450805008944,21022.824686940967,17734.212880143114,12527.951699463327,8315.116279069767,6180.300536672629,4853.948121645796,3822.7298747763866,2704.5277280858677,2457.6046511627906,3247.638640429338,8536.483005366727,13134.545617173524,9096.90518783542,8046.772808586762,17960.427549194992,21365.592128801432,14135.175313059033,10010.42754919499,10965.966010733453,16470.363148479428,19755.524150268335,27457.418604651164,18113.3542039356,10946.173524150268,7281.042933810376,5071.803220035778,3756.3076923076924,3404.3059033989266,3948.567084078712,2827.799642218247,2326.202146690519,1906.1627906976744,2325.9141323792487,2859.3935599284437,4794.334525939177,14805.744186046511,17195.375670840785,10662.262969588552,8217.34168157424,6972.302325581395,5222.758497316637,3637.2039355992843,2923.066189624329,3032.6779964221823,8844.631484794276,15336.411449016101,10108.409660107334,9752.44007155635,10651.25939177102,8262.59212880143,14277.602862254025,13918.817531305904,8740.166368515205,5471.05366726297,3925.8729874776386,3329.0787119856886,2777.3720930232557,1937.3345259391772,1704.3059033989266,1484.7602862254025,1457.3416815742396,1436.1556350626117,1529.4239713774598,1756.3363148479427,2124.4221824686942,1637.7674418604652,2122.5169946332735,1901.819320214669,1902.6529516994633,2071.6457960644007,2181.955277280859,2116.109123434705,1916.484794275492,1579.1878354203936,1752.169946332737,1636.6404293381038,1749.3792486583184,1429.0286225402504,1283.654740608229,1364.6833631484794,1475.5402504472272,2135.9516994633273,4014.6708407871197,4193.851520572451,5383.831842576029,10941.52236135957,8260.422182468694,5715.425760286225,5354.128801431127,5706.171735241503,4265.42397137746,3099.3631484794278,2735.5581395348836,2314.8568872987476,2591.2915921288013,3295.4812164579607,6484.939177101968,12296.672629695886,8810.425760286225,5659.729874776386,4713.767441860465,6912.665474060823,8577.100178890876,12014.774597495527,13166.364937388193,13830.513416815742,8696.540250447228,5862.896243291592,5067.484794275492,4026.6511627906975,2931.728085867621,2307.8050089445437,2223.298747763864,2479.4114490161,6068.593917710196,6260.475849731663,6440.416815742397,6744.3828264758495,6090.033989266547,4545.715563506261,4039.304114490161,3188.1162790697676,2550.6923076923076,2241.54740608229,2295.4937388193202,2255.3774597495526,3788.5563506261183,10116.25939177102,9161.763864042934,6540.461538461538,6342.268336314848,11094.50626118068,24348.30769230769,18415.97137745975,11701.962432915921,7966.647584973166,5991.334525939177,4717.118067978533,5505.447227191413,15908.245080500894,26989.53488372093,21254.105545617174,14425.084078711985,9490.935599284436,7008.813953488372,6482.577817531306,13438.388193202147,14546.844364937388,16878.37388193202,26022.81037567084,18883.339892665474,15832.837209302326,25001.72808586762,19862.325581395347,12527.214669051878,8049.701252236136,5613.440071556351,4242.381037567084,3143.819320214669,2248.8998211091234,2485.742397137746,3554.840787119857,8661.44901610018,18533.46511627907,13216.751341681575,8331.788908765653,6572.960644007156,5559.649373881932,4105.143112701252,2838.8121645796064,2585.6511627906975,4263.032200357782,6375.527728085867,15418.014311270124,26346.969588550983,23698.43649373882,14518.196779964223,9813.212880143114,9362.71198568873,6795.279069767442,4515.010733452594,3458.334525939177,3215.0948121645797,3721.0125223613595,6176.13595706619,4912.211091234347,3609.3005366726297,2804.016100178891,3158.6422182468696,8933.046511627907,12128.998211091235,10249.184257602863,7184.189624329159,4989.150268336315,4856.127012522361,3543.83542039356,2843.7388193202146,2442.6923076923076,2419.2289803220037,3479.593917710197,10941.257602862253,10826.615384615385,6995.649373881932,4800.926654740609,4720.114490161001,8638.737030411448,20387.026833631484,19927.915921288015,12688.98747763864,8468.593917710197,5877.159212880143,4110.7101967799645,3208.4973166368513,2657.4418604651164,2654.153846153846,5586.618962432916,11334.443649373881,7712.413237924866,6031.477638640429,5584.649373881932,4329.159212880143,3018.475849731664,2686.7352415026835,2516.479427549195,2415.8568872987476,2122.8479427549196,3345.5080500894455,8204.008944543828,12468.033989266547,8841.660107334526,7495.847942754919,4911.518783542039,3579.928443649374,2795.0375670840785,2473.5330948121646,2259.980322003578,4972.908765652952,15846.635062611807,22472.280858676208,15601.5313059034,9645.343470483005,6274.397137745975,4527.8533094812165,3193.3112701252235,2529.4973166368513,2274.45259391771,2961.701252236136,2662.4150268336316,3026.046511627907,3448.7406082289804,7088.894454382827,17247.760286225403,20055.035778175312,16279.869409660107,13970.431127012522,18061.191413237924,12910.906976744185,7882.883720930233,5450.896243291592,4119.350626118068,3424.638640429338,2975.186046511628,2891.5545617173525,4124.898032200358,4173.085867620752,3334.61717352415,4666.0966010733455,10455.656529516995,7965.872987477639,5164.32915921288,5108.862254025044,6954.368515205724,5578.2307692307695,6836.570661896243,12682.307692307691,9170.511627906977,6186.4114490161,4270.325581395349,4479.139534883721,12146.529516994633,14195.75313059034,9627.171735241503,6510.293381037567,4711.05366726297,4672.620751341681,6485.957066189624,6932.524150268337,4793.515205724508,4313.618962432916,2888.1037567084077,2510.2450805008943,2553.62969588551,2234.6100178890874,2034.0715563506262,1844.9695885509839,1519.2343470483006,1436.5599284436494,1570.8479427549196,2025.0948121645797,1649.9159212880143,1620.4007155635063,1356.3989266547405,1814.3846153846155,3554.5491949910556,4015.1681574239715,3670.2540250447228,5349.930232558139,4711.933810375671,5697.812164579606,10873.733452593917,8067.6601073345255,5375.785330948122,4450.910554561718,9423.372093023256,11212.547406082289,6793.37030411449,4519.649373881932,3464.114490161002,4142.901610017889,4213.322003577818,3475.550983899821,4649.014311270125,12731.007155635063,10146.243291592129,7031.432915921288,6611.484794275492,13400.799642218248,10746.797853309481,6852.663685152057,4538.849731663685,4054.948121645796,3236.030411449016,2792.0393559928443,1977.9856887298747,1733.057245080501,2410.3935599284437,2771.8944543828266,2134.13595706619,2124.722719141324,1796.144901610018,1627.361359570662,1295.896243291592,1347.8318425760285,1298.0071556350626,2052.459749552773,2191.4239713774596,2230.6887298747765,2612.722719141324,2383.774597495528,1951.4096601073345,1949.112701252236,2143.8550983899822,2300.0733452593918,1616.5241502683364,1821.3416815742396,2430.570661896243,3249.7441860465115,4113.114490161001,4787.706618962433,4011.159212880143,4353.622540250447,3641.3291592128803,4294.125223613596,3152.545617173524,3387.681574239714,3336.4150268336316,2710.4257602862253,2189.1001788908766,2016.3363148479427,2030.2719141323792,3205.8264758497317,7763.1556350626115,7925.8694096601075,5228.8193202146695,3662.4901610017887,2653.4812164579607,2114.561717352415,1674.0805008944544,1686.4812164579607,1574.1574239713775,1831.556350626118,1679.252236135957,2169.923076923077,2192.1431127012524,2186.2093023255816,1897.7978533094813,1972.468694096601,3169.4400715563506,5282.372093023256,5482.017889087657,5474.084078711986,4706.692307692308,7208.982110912343,17520.445438282648,13402.322003577818,8845.67084078712,6637.500894454382,5285.030411449016,3529.3577817531304,2473.3989266547405,2094.2146690518784,1875.7692307692307,1738.608228980322,1423.0161001788908,1536.3935599284437,1755.1538461538462,2420.139534883721,3103.364937388193,3934.9463327370304,2690.3381037567083,2100.54740608229,1605.5330948121646,1504.5635062611807,1269.824686940966,1857.8318425760285,2053.042933810376,1882.3935599284437,1539.087656529517,2555.107334525939,2548.248658318426,2133.613595706619,1974.8622540250446,2224.359570661896,1887.5295169946332,1586.613595706619,1288.298747763864,1284.2003577817532,1124.3935599284437,1413.4186046511627,1452.9803220035778,1491.9803220035778,1312.7871198568873,1298.0035778175313,1138.7352415026833,1227.1431127012522,1133.3327370304114,1426.2969588550984,1202.7745974955278,1430.7280858676208,1669.7227191413238,1987.3542039355993,4030.79427549195,6187.0214669051875,5272.3828264758495,3593.862254025045,2394.5330948121646,2097.75313059034,1814.5885509838997,1792.128801431127,1630.8479427549196,1591.1610017889088,1357.1645796064402,1471.1663685152057,1726.79427549195,3702.5563506261183,13482.935599284436,12008.40787119857,7670.533094812165,5762.393559928443,4441.110912343471,3088.5491949910556,2131.0948121645797,2195.268336314848,3302.1932021466905,2655.5545617173525,1980.865831842576,1739.706618962433,1438.2468694096601,1366.3774597495528,1248.4347048300538,1799.293381037567,3144.499105545617,3091.8980322003576,2119.438282647585,1861.0071556350626,2054.1001788908766,2520.2558139534885,2032.4615384615386,1930.624329159213,1505.978533094812,1526.7906976744187,1245.1270125223614,1334.6762075134168,1593.772808586762,3507.8300536672627,2765.4704830053665,2066.2540250447228,1587.345259391771,1698.860465116279,2140.2647584973165,1971.6064400715563,1503.284436493739,1468.2540250447228,1134.0912343470484,1127.8228980322003,1173.2021466905187,1243.8801431127013,1385.5134168157424,2188.772808586762,4885.842576028623,5430.157423971377,3803.477638640429,3469.3005366726297,4180.500894454382,4225.025044722719,2950.0644007155634,3478.797853309481,2598.459749552773,2182.4436493738817,1617.2128801431127,1481.8461538461538,1230.8318425760285,1313.5330948121646,1099.9355992844364,1271.0787119856886,1181.0590339892665,1481.5813953488373,1773.7334525939177,2112.04114490161,1685.2486583184257,1547.314847942755,1431.252236135957,2132.0554561717354,2886.3130590339892,4675.484794275492,17922.828264758497,34295.06618962433,21810.533094812166,12725.239713774597,7983.68694096601,5261.737030411449,3198.3381037567083,2260.2039355992843,1589.4776386404294,1516.4508050089446,1351.5509838998212,1471.1574239713775,1552.8121645796064,1682.2701252236136,1525.8801431127013,1572.4579606440072,1764.6672629695886,2257.2826475849733,1807.5169946332737,1762.361359570662,1456.7352415026833,1578.0733452593918,1703.772808586762,1895.5813953488373,1635.515205724508,1728.5706618962433,1483.8819320214668,1549.8461538461538,1547.701252236136,2495.0697674418607,4326.254025044723,13801.574239713775,28226.161001788907,17937.227191413236,10206.137745974955,6805.49373881932,4381.318425760286,3528.8676207513417,3969.6976744186045,4348.889087656529,3867.6618962432917,2823.3023255813955,2016.9284436493738,2025.4955277280858,2922.683363148479,7807.610017889087,25449.02146690519,18918.488372093023,10437.454382826476,6962.751341681575,4917.6511627906975,3909.089445438283,2742.592128801431,2337.3488372093025,3077.887298747764,3914.2128801431127,2613.635062611807,2274.973166368515,2063.706618962433,1915.726296958855,2032.134168157424,2165.293381037567,1720.7495527728086,1509.4704830053668,1329.9803220035778,1317.2343470483006,1424.8282647584974,1733.2236135957066,2347.20572450805,3501.0840787119855,3349.262969588551,2512.690518783542,1923.6404293381038,1750.1627906976744,1356.6118067978532,1314.7191413237924,1193.654740608229,1312.5527728085867,1142.9821109123434,1201.7924865831842,1176.9660107334525,1234.9266547406082,1217.742397137746,1355.4633273703041,1060.2701252236136,1124.0500894454383,1027.046511627907,1243.2701252236136,1420.1824686940965,1844.1645796064402,1469.608228980322,1418.4150268336314,1713.8014311270126,1869.5688729874776,1422.2969588550984,1302.021466905188,1302.0232558139535,1473.499105545617,1573.4722719141323,1473.824686940966,1140.87656529517,1172.9159212880143,1128.010733452594,1469.0339892665475,1296.1413237924867,1234.20572450805,1152.2862254025044,1399.021466905188,1778.747763864043,3161.8067978533095,2175.211091234347,1808.9838998211092,1783.3881932021468,2681.665474060823,1868.8944543828266,1545.2146690518784,1257.8443649373883,1270.0608228980323,1332.0626118067978,1565.9087656529516,1347.7567084078712,1898.0500894454383,1652.7853309481216,1425.191413237925,1172.2772808586762,1179.479427549195,1130.3720930232557,1605.0339892665475,5033.833631484794,5589.032200357782,3452.9767441860463,2775.250447227191,2075.4007155635063,1666.3989266547405,1746.613595706619,1886.7674418604652,1514.8783542039355,1486.4758497316636,1327.5867620751342,1263.9159212880143,1178.4883720930231,1721.79427549195,1865.5509838998212,1655.3023255813953,2294.86404293381,2574.0125223613595,1682.4508050089446,1521.4186046511627,1188.3416815742396,1207.3595706618962,1258.7173524150269,2486.13595706619,11652.44901610018,11562.960644007155,7113.969588550984,4747.2307692307695,4035.8264758497317,5424.2343470483,3370.474060822898,2211.685152057245,1892.7495527728086,2660.2665474060823,2105.37030411449,1606.9677996422183,1217.9051878354203,1209.4454382826475,1112.191413237925,1184.1270125223614,1080.8676207513417,1176.474060822898,1333.6869409660108,1903.561717352415,6701.372093023256,18512.697674418603,14036.042933810375,7481.962432915921,4388.658318425761,2814.522361359571,1793.923076923077,1802.3667262969589,2244.5330948121646,1882.361359570662,1584.3774597495528,1996.7209302325582,1741.79427549195,1581.1252236135956,1283.8908765652952,1430.9105545617174,1521.3542039355993,1536.9499105545617,1845.3166368515206,3988.6529516994633,6248.04114490161,5530.610017889087,3568.6923076923076,2816.1967799642216,4106.089445438282,3656.0375670840785,3426.1198568872987,3097.296958855098,2666.277280858676,2096.6940966010734,1594.9391771019677,1431.5742397137747,1234.252236135957,1230.9767441860465,1024.2790697674418,1056.5384615384614,1010.9069767441861,1102.2307692307693,1008.8747763864043,1181.2754919499105,1000.608228980322,1077.0751341681573,918.7173524150269,1054.654740608229,1075.025044722719,1294.304114490161,1165.8533094812165,1200.545617173524,1191.6529516994633,1891.0661896243291,1963.0966010733453,2481.6028622540252,2486.1270125223614,2267.703041144902,1995.67084078712,1725.6994633273703,1683.515205724508,2515.568872987478,3583.4347048300538,3256.114490161002,2603.8264758497317,2291.62969588551,1807.1377459749554,1614.3738819320215,1361.7549194991057,1315.747763864043,1182.5849731663686,1509.7889087656529,3954.005366726297,6908.2558139534885,4553.57602862254,3113.153846153846,2010.9713774597496,1797.2468694096601,2818.7191413237924,2692.0858676207513,1953.0966010733453,2617.6279069767443,7480.747763864043,10378.973166368516,9516.445438282648,5458.078711985689,3246.2844364937387,2336.0858676207513,1733.1681574239715,2381.4221824686942,5875.615384615385,4668.665474060823,2631.2826475849733,1854.679785330948,1362.5527728085867,1267.8837209302326,1479.7853309481216,2895.6225402504474,2895.1431127012524,2777.54740608229,2023.298747763864,2351.720930232558,6912.09481216458,11376.327370304114,13013.608228980322,7251.83542039356,3962.243291592129,3172.8783542039355,4897.924865831843,14717.760286225403,9797.899821109124,5010.4919499105545,3790.5330948121646,3218.640429338104,1896.4561717352415,1611.309481216458,1253.180679785331,1359.9159212880143,1537.7084078711985,1438.3810375670841,1307.8157423971377,1565.9499105545617,1465.0948121645797,1958.3076923076924,3863.050089445438,3014.9660107334525,1709.1198568872987,1422.715563506261,1114.4400715563506,1235.4257602862253,1510.3881932021468,1359.6153846153845,1081.7853309481216,1314.5509838998212,1801.840787119857,2012.298747763864,1731.7584973166367,2561.3685152057246,1982.3846153846155,1994.2808586762076,4487.044722719142,4004.593917710197,2516.044722719141,1874.726296958855,1501.7638640429338,3255.792486583184,3240.175313059034,2195.7906976744184,2154.098389982111,3216.6046511627906,2713.747763864043,3267.9892665474063,3081.8890876565297,2894.2754919499107,5402.95885509839,9877.44901610018,6407.3398926654745,3630.1252236135956,2165.076923076923,1769.4973166368516,1310.076923076923,1270.6672629695886,1123.706618962433,1209.8103756708408,1303.1574239713775,3063.8515205724507,6550.570661896243,4698.940966010733,2701.983899821109,3568.475849731664,10472.54382826476,8821.339892665474,4391.27549194991,2880.901610017889,2605.3005366726297,3793.792486583184,3773.504472271914,3174.112701252236,2195.2093023255816,1658.8783542039355,1173.7656529516994,1062.20572450805,1040.2969588550984,1196.025044722719,1041.9928443649374,1032.6010733452595,1192.4060822898032,1890.3076923076924,1722.747763864043,1590.762075134168,1983.5652951699462,3884.7441860465115,3321.9159212880145,2370.6457960644007,1784.830053667263,4805.003577817532,12333.017889087656,18128.7084078712,11113.25939177102,4988.545617173524,2417.8121645796064,1639.5366726296959,1188.1878354203936,1540.2039355992845,1401.2558139534883,1275.695885509839,1072.5724508050089,1125.2611806797854,1016.257602862254,1101.3685152057244,1057.5581395348838,1327.9606440071557,1468.9159212880143,2648.04114490161,12106.719141323792,20881.758497316638,11512.964221824686,5072.162790697675,2685.1967799642216,1793.5581395348838,1302.5831842576029,1351.5688729874776,1264.5760286225402,1248.8837209302326,1137.923076923077,1149.8747763864044,1210.468694096601,1463.4812164579607,1650.6314847942756,1646.2790697674418,1375.8336314847943,1461.6887298747763,1557.5545617173525,3809.7298747763866,14006.912343470483,27755.41502683363,21190.77817531306,9172.84794275492,4078.5134168157424,2416.9767441860463,1746.5706618962433,1759.3828264758497,1325.5241502683364,1229.0966010733453,1106.0143112701253,1104.3488372093022,996.2701252236136,1152.227191413238,964.8855098389982,1000.7119856887299,1133.112701252236,1157.035778175313,1061.1019677996421,1415.5742397137747,3849.230769230769,5950.466905187835,3356.062611806798,1869.361359570662,1241.057245080501,1202.896243291592,1377.561717352415,1414.5509838998212,1133.5491949910554,1215.3255813953488,1073.6690518783541,1194.5706618962433,1056.1610017889088,1215.7567084078712,1285.9838998211092,1441.6529516994633,1253.5187835420393,1323.4955277280858,1155.6314847942756,1204.989266547406,1175.6118067978532,3023.257602862254,7531.663685152057,6794.060822898032,3067.416815742397,1766.4651162790697,1194.499105545617,1082.0196779964222,1137.1967799642218,1596.1896243291592,2169.3846153846152,6189.16457960644,8360.18962432916,4975.6601073345255,2469.8998211091234,1661.2450805008943,1254.9677996422183,1330.8032200357782,1139.8282647584974,1149.5348837209303,1041.6654740608228,1189.5295169946332,1295.9033989266547,1648.314847942755,1515.4311270125224,1836.4114490161003,4814.948121645796,17062.674418604653,21687.280858676208,11725.234347048301,5440.633273703042,3167.7853309481216,1812.5831842576029,1409.7871198568873,1007.2361359570662,1103.1574239713775,940.7656529516995,1003.3184257602862,967.5491949910554,1268.4508050089446,2987.3470483005367,4459.613595706619,2898.262969588551,1688.4257602862253,1193.0787119856886,1116.9695885509839,973.3953488372093,1047.9803220035778,918.8139534883721,1042.4293381037567,894.3166368515206,1077.0178890876566,1021.227191413238,1077.7871198568873,1085.386404293381,1098.515205724508,968.4686940966011,1256.3255813953488,1709.5635062611807,6490.119856887299,17296.71198568873,22206.91771019678,12053.132379248658,5433.475849731663,2738.561717352415,1816.32915921288,1172.7871198568873,1150.1824686940965,985.4686940966011,1063.4007155635063,874.4830053667263,974.9856887298748,1031.9266547406082,1075.6225402504472,977.830053667263,1038.3667262969589,936.649373881932,1048.4418604651162,929.8139534883721,1066.4579606440072,1567.726296958855,2587.044722719141,2905.7620751341683,1997.860465116279,1252.4883720930231,1122.5509838998212,942.8944543828264,1053.0017889087655,914.3685152057245,1024.577817531306,935.9069767441861,1005.8890876565296,1003.6726296958855,1144.1985688729874,1110.4203935599285,1146.2432915921288,1004.4096601073345,1118.2808586762076,985.2468694096601,1135.5438282647585,1063.7960644007155,1111.484794275492,918.8926654740608,1006.0626118067978,1057.6672629695886,1000.5295169946332,962.6726296958855,1088.339892665474,1146.2665474060823,1764.4293381037567,2154.9427549194993,2643.155635062612,1797.644007155635,1311.0644007155636,985.8908765652951,1013.262969588551,940.2039355992845,1032.7763864042934,863.443649373882,1003.7084078711986,991.7388193202147,1249.9159212880143,1202.1359570661896,1135.8389982110912,986.9964221824687,1058.7119856887298,992.9141323792487,1071.3881932021468,922.9660107334525,1063.432915921288,932.654740608229,1068.1878354203936,984.6583184257603,1027.0697674418604,898.6010733452594,1035.7978533094813,1136.4722719141323,1391.0339892665475,1352.1645796064402,1589.860465116279,1338.515205724508,1584.5223613595706,1726.1985688729874,1922.1520572450804,1400.2289803220035,1190.4525939177101,996.169946332737,1079.4830053667263,1070.7334525939177,1225.8890876565295,1128.1556350626117,1241.762075134168,1476.4454382826475,2010.1252236135956,2361.2593917710196,2324.8175313059032,1492.9874776386405,1190.1109123434705,1033.7119856887298,1073.139534883721,966.1967799642218,1128.2558139534883,1045.3434704830054,1258.6744186046512,1321.5599284436494,2328.7155635062613,7242.842576028623,15661.901610017889,22347.81574239714,24408.161001788907,13550.4686940966,5781.37030411449,2572.767441860465,1798.397137745975,1364.3577817531307,1441.7745974955278,1582.1574239713775,1874.4168157423971,1791.819320214669,1636.577817531306,1287.4257602862253,1342.5796064400715,1289.851520572451,1352.0053667262969,1184.0912343470484,1162.3005366726297,976.4901610017889,1084.9946332737031,885.2075134168157,1105.474060822898,947.8175313059033,1055.2093023255813,925.7602862254025,963.8998211091234,835.0590339892666,919.1860465116279,899.6261180679785,1005.7924865831843,863.3899821109123,994.7012522361359,1237.7280858676208,1346.479427549195,1249.7119856887298,1396.5402504472272,1327.3184257602861,2736.9391771019677,7113.152057245081,11315.463327370304,14991.463327370304,15707.016100178891,8956.186046511628,3873.2182468694095,2064.656529516995,1816.3899821109123,1722.9964221824687
